============================================================
METADATA (5Th token of each sequence)
============================================================
Model: flame-moe-290m
Run ID: 31066
Epoch: 5473
Layer: 22
Token Position: 4 (5th)
Shards processed: 0-0.pt, 0-1.pt
Total sequences: 64
Sequence length: 512
============================================================

----------------samples-----------------
torch.Size([64])
tensor([  247,   253,   275,   326, 11403,   281,   280,   187,   285, 10280,
           15,  3655,   864,  4439,  2825,  9214, 26940,   247,    79,   187,
         3416,    13,  8750,  4345,   659,    13,   253, 48717,   281,   310,
          387,   588,  1333,  1469,    13,   985,   562,   751,  9549, 10861,
          510,  2954,  7673,  5286,   187,    13,  2756,   273, 31910, 28190,
         3378, 10309,  4620, 47693, 34703,  4942,   521,   733,  2506,  1320,
        30254,   616, 13958, 35328])

-----------------scores-----------------
torch.Size([64, 6])
tensor([[0.1075, 0.0829, 0.0585, 0.0564, 0.0468, 0.0424],
        [0.1728, 0.1405, 0.1158, 0.0445, 0.0429, 0.0412],
        [0.1938, 0.0907, 0.0894, 0.0612, 0.0460, 0.0349],
        [0.1684, 0.1080, 0.0901, 0.0591, 0.0498, 0.0487],
        [0.1168, 0.0887, 0.0570, 0.0425, 0.0398, 0.0352],
        [0.1733, 0.1287, 0.0658, 0.0411, 0.0338, 0.0308],
        [0.1737, 0.1386, 0.0899, 0.0874, 0.0261, 0.0233],
        [0.2588, 0.1402, 0.0554, 0.0379, 0.0377, 0.0269],
        [0.0972, 0.0912, 0.0740, 0.0735, 0.0478, 0.0438],
        [0.1073, 0.0883, 0.0703, 0.0600, 0.0538, 0.0329],
        [0.1480, 0.1020, 0.0727, 0.0635, 0.0465, 0.0306],
        [0.1451, 0.1392, 0.0761, 0.0680, 0.0494, 0.0414],
        [0.1986, 0.0963, 0.0846, 0.0371, 0.0367, 0.0263],
        [0.1861, 0.1522, 0.1054, 0.0324, 0.0272, 0.0236],
        [0.2964, 0.1083, 0.0525, 0.0411, 0.0348, 0.0295],
        [0.2534, 0.0650, 0.0409, 0.0323, 0.0309, 0.0309],
        [0.0982, 0.0699, 0.0686, 0.0584, 0.0479, 0.0365],
        [0.1236, 0.1092, 0.0878, 0.0567, 0.0402, 0.0381],
        [0.2167, 0.0739, 0.0671, 0.0534, 0.0487, 0.0335],
        [0.1463, 0.0811, 0.0746, 0.0603, 0.0454, 0.0374],
        [0.1470, 0.1403, 0.1145, 0.0510, 0.0353, 0.0261],
        [0.2036, 0.0754, 0.0624, 0.0466, 0.0446, 0.0388],
        [0.3940, 0.0581, 0.0470, 0.0433, 0.0421, 0.0332],
        [0.1734, 0.1248, 0.0390, 0.0375, 0.0363, 0.0362],
        [0.1265, 0.1240, 0.0664, 0.0618, 0.0570, 0.0396],
        [0.1297, 0.1093, 0.1084, 0.0564, 0.0388, 0.0311],
        [0.1742, 0.1284, 0.0413, 0.0409, 0.0393, 0.0325],
        [0.2722, 0.2457, 0.1329, 0.0298, 0.0188, 0.0183],
        [0.1574, 0.0933, 0.0742, 0.0688, 0.0510, 0.0499],
        [0.1413, 0.1356, 0.0749, 0.0715, 0.0354, 0.0277],
        [0.1356, 0.1136, 0.0818, 0.0636, 0.0403, 0.0389],
        [0.1171, 0.0660, 0.0489, 0.0469, 0.0462, 0.0454],
        [0.1061, 0.0646, 0.0480, 0.0405, 0.0390, 0.0374],
        [0.3310, 0.1418, 0.1272, 0.0358, 0.0166, 0.0155],
        [0.1478, 0.1244, 0.0735, 0.0331, 0.0322, 0.0303],
        [0.1726, 0.0965, 0.0613, 0.0506, 0.0348, 0.0329],
        [0.1091, 0.0777, 0.0657, 0.0649, 0.0533, 0.0416],
        [0.1204, 0.0827, 0.0640, 0.0535, 0.0521, 0.0413],
        [0.1225, 0.0954, 0.0817, 0.0564, 0.0493, 0.0476],
        [0.0897, 0.0817, 0.0636, 0.0520, 0.0499, 0.0497],
        [0.1213, 0.0854, 0.0757, 0.0604, 0.0471, 0.0371],
        [0.1407, 0.1389, 0.1115, 0.0418, 0.0319, 0.0283],
        [0.0885, 0.0784, 0.0773, 0.0675, 0.0588, 0.0524],
        [0.1967, 0.0730, 0.0680, 0.0474, 0.0438, 0.0383],
        [0.1231, 0.0821, 0.0455, 0.0425, 0.0420, 0.0381],
        [0.1547, 0.0861, 0.0542, 0.0523, 0.0413, 0.0406],
        [0.2372, 0.0472, 0.0461, 0.0434, 0.0415, 0.0406],
        [0.1012, 0.0825, 0.0762, 0.0601, 0.0586, 0.0577],
        [0.3353, 0.1574, 0.1444, 0.0356, 0.0193, 0.0185],
        [0.1488, 0.0961, 0.0900, 0.0508, 0.0390, 0.0317],
        [0.0695, 0.0648, 0.0622, 0.0501, 0.0458, 0.0435],
        [0.1975, 0.0788, 0.0509, 0.0492, 0.0442, 0.0414],
        [0.1019, 0.0698, 0.0446, 0.0376, 0.0348, 0.0305],
        [0.2690, 0.0818, 0.0807, 0.0762, 0.0610, 0.0280],
        [0.1496, 0.0839, 0.0608, 0.0539, 0.0412, 0.0376],
        [0.0959, 0.0955, 0.0731, 0.0521, 0.0373, 0.0346],
        [0.1506, 0.1476, 0.1321, 0.0464, 0.0419, 0.0220],
        [0.0948, 0.0597, 0.0563, 0.0541, 0.0443, 0.0364],
        [0.1929, 0.1734, 0.0444, 0.0378, 0.0309, 0.0239],
        [0.1592, 0.0790, 0.0769, 0.0444, 0.0431, 0.0403],
        [0.1033, 0.0744, 0.0574, 0.0494, 0.0344, 0.0330],
        [0.1045, 0.0656, 0.0568, 0.0566, 0.0445, 0.0413],
        [0.1569, 0.0845, 0.0716, 0.0528, 0.0506, 0.0449],
        [0.0698, 0.0669, 0.0607, 0.0588, 0.0576, 0.0540]])

----------------indices-----------------
torch.Size([64, 6])
tensor([[43, 45, 30,  7, 22, 17],
        [ 0,  5, 32, 47, 37, 18],
        [14, 51,  2,  5,  0, 21],
        [17,  8, 50,  0, 63, 36],
        [17, 49, 46, 33, 38, 34],
        [12,  2, 41, 51, 28, 47],
        [63,  6, 51, 31,  3, 29],
        [31, 59, 34, 33,  3, 48],
        [19, 17, 63, 26, 36, 23],
        [12, 15, 31, 47, 44, 19],
        [12, 54, 31,  6, 18, 47],
        [61, 40, 30, 37, 24, 45],
        [27, 45, 40, 17, 61,  8],
        [26, 27,  9, 29, 41, 57],
        [38, 29, 20, 34, 62, 33],
        [28, 46, 16, 35, 31,  4],
        [56, 37, 32, 19, 13, 28],
        [44, 61, 58, 41,  8,  3],
        [43, 61, 53, 25,  7, 42],
        [63, 56, 10, 51, 14,  5],
        [36, 50, 10, 26,  1, 60],
        [13, 16,  9, 20, 28, 34],
        [49,  3, 22, 30, 42, 57],
        [23, 17, 26, 45, 19, 62],
        [30,  2, 40, 48, 35, 49],
        [ 5, 10, 63, 56, 51, 36],
        [44, 47, 41, 58, 27, 14],
        [14, 35, 26, 20, 28, 46],
        [48, 30, 43, 20,  7,  3],
        [32, 58,  7, 61, 15, 14],
        [ 5,  6, 28, 60, 26,  9],
        [38, 33, 31, 49, 12, 11],
        [43,  7, 22, 42, 57, 15],
        [20,  3, 28, 58, 57, 23],
        [25, 43, 42, 38, 21, 60],
        [40, 43, 53, 42, 56, 39],
        [46, 41, 27, 22, 33, 45],
        [25,  7, 30, 45, 41, 43],
        [42, 61, 57, 40, 38, 43],
        [61, 53, 56, 59, 28, 27],
        [43, 25, 40, 53, 39, 48],
        [46, 17, 41,  3, 27, 29],
        [17, 21, 36, 19, 63,  8],
        [ 5, 60, 14,  0, 28, 19],
        [40, 42, 25, 43, 57, 37],
        [14,  7, 58, 53, 45, 47],
        [47, 58, 24, 53, 15,  4],
        [46, 11, 62, 49, 34, 45],
        [62, 39, 29, 35, 31,  3],
        [50, 43, 53, 37, 30, 21],
        [ 2, 25, 20, 53, 55, 57],
        [62, 19, 17, 29, 45,  5],
        [43, 40, 25, 42, 19, 37],
        [13, 20, 16,  9, 19, 60],
        [17, 26, 19, 45, 10, 36],
        [19, 26, 17, 63, 25,  1],
        [ 2, 45, 16, 19, 28, 21],
        [40, 61, 25, 42, 43, 27],
        [29, 38, 20, 62, 34, 23],
        [ 5, 56, 46, 49, 18, 52],
        [39, 25, 20,  2, 55, 56],
        [27, 62, 49, 37,  3, 45],
        [ 5, 14,  0, 28, 60, 19],
        [23,  5, 60, 17, 36, 21]])
