PIM Expert Operations - Total Cycles
Decoder-BS64/4th/pim/7
Note: 2 activation movements (fc1 and fc2)
BS16 - Activation divider: 128

--- Activation Movements ---
layer0.ffn.activation_movement_2: 1118 cycles
layer0.ffn.activation_movement_1: 1124 cycles
Total activation movement cycles: 2242
----------------------------

================================================================================
 Expert Number  fc1  gelu  fc2  total compute
             1 2865    28 2851           5744
             2 2865    45 2865           5775
             3 2865    29 2836           5730
             4 2866    44 2866           5776
             6 2897    43 2866           5806
             7 2865    42 2866           5773
             8 3014    28 2852           5894
             9 2835    43 2865           5743
            10 3072    30 2852           5954
            11 2865    45 2865           5775
            12 3044    30 2852           5926
            14 2865    43 2866           5774
            15 3041    29 2836           5906
            16 2865    44 2865           5774
            17 3055    29 2851           5935
            19 2865    42 2865           5772
            20 3047    30 2851           5928
            21 5682   296 5667          11645
            24 2865    42 2865           5772
            25 3089    29 2851           5969
            27 2865    45 2865           5775
            28 3045    28 2851           5924
            30 2865    43 2865           5773
            31 3046    29 2851           5926
            32 5681   298 5681          11660
            34 2865    42 2855           5762
            36 3090    28 2851           5969
            38 2865    42 2865           5772
            40 3010    29 2851           5890
            41 2865    43 2865           5773
            42 3061    29 2851           5941
            43 2865    43 2854           5762
            44 3073    28 2851           5952
            45 2865    42 2854           5761
            46 3056    29 2851           5936
            47 2865    42 2865           5772
            49 3045    28 2836           5909
            50 2865    12 2865           5742
            51 3084    28 2836           5948
            53 2842    43 2865           5750
            55 3055    29 2851           5935
            56 2846    43 2865           5754
            58 3061    30 2851           5942
            59 2865    43 2865           5773
            61 3075    29 2851           5955
            62 2865    43 2866           5774