============================================================
METADATA (1St token of each sequence)
============================================================
Model: flame-moe-290m
Run ID: 31066
Epoch: 5473
Layer: 18
Token Position: 0 (1st)
Shards processed: 0-0.pt, 0-1.pt
Total sequences: 64
Sequence length: 512
============================================================

----------------samples-----------------
torch.Size([64])
tensor([ 1512,  2509,  1306,   958,   436,  8813,    15,   617, 15368, 32973,
        36319,  1456,  2613,   285,    14, 41868, 38399,    15,  1097,   392,
          310,   744,   344,   535,    10, 17288,   273, 14436,   285,   253,
         1634,   840,   597,   597, 24600,  1046,   285,  1333,   831,  1056,
         3727,   253,  6684,  3430, 44887, 44901, 22156,   352,  6119, 25497,
          368,  6166,  1220,  5004,  5815,   476,    15,  2438,   323,   342,
          187,   253,   285,   644])

-----------------scores-----------------
torch.Size([64, 6])
tensor([[0.0998, 0.0523, 0.0417, 0.0384, 0.0326, 0.0296],
        [0.0211, 0.0196, 0.0194, 0.0191, 0.0188, 0.0187],
        [0.0264, 0.0199, 0.0183, 0.0182, 0.0179, 0.0179],
        [0.0283, 0.0238, 0.0235, 0.0234, 0.0226, 0.0213],
        [0.0375, 0.0313, 0.0256, 0.0226, 0.0221, 0.0218],
        [0.0413, 0.0283, 0.0232, 0.0221, 0.0219, 0.0215],
        [0.0222, 0.0214, 0.0200, 0.0195, 0.0194, 0.0193],
        [0.0416, 0.0411, 0.0333, 0.0268, 0.0240, 0.0232],
        [0.0451, 0.0293, 0.0290, 0.0251, 0.0229, 0.0221],
        [0.0343, 0.0230, 0.0217, 0.0213, 0.0197, 0.0184],
        [0.0277, 0.0210, 0.0206, 0.0201, 0.0199, 0.0196],
        [0.0200, 0.0199, 0.0196, 0.0195, 0.0192, 0.0191],
        [0.0570, 0.0401, 0.0302, 0.0281, 0.0263, 0.0263],
        [0.0257, 0.0211, 0.0208, 0.0207, 0.0198, 0.0192],
        [0.0384, 0.0296, 0.0277, 0.0257, 0.0254, 0.0245],
        [0.0453, 0.0302, 0.0296, 0.0284, 0.0237, 0.0228],
        [0.0281, 0.0249, 0.0225, 0.0222, 0.0218, 0.0214],
        [0.0198, 0.0196, 0.0191, 0.0186, 0.0186, 0.0182],
        [0.0394, 0.0236, 0.0235, 0.0234, 0.0228, 0.0212],
        [0.0522, 0.0227, 0.0212, 0.0199, 0.0197, 0.0196],
        [0.0407, 0.0281, 0.0243, 0.0237, 0.0222, 0.0214],
        [0.0365, 0.0235, 0.0230, 0.0221, 0.0218, 0.0215],
        [0.0480, 0.0436, 0.0393, 0.0308, 0.0275, 0.0247],
        [0.0251, 0.0232, 0.0224, 0.0213, 0.0210, 0.0208],
        [0.0245, 0.0231, 0.0223, 0.0206, 0.0202, 0.0202],
        [0.0294, 0.0239, 0.0213, 0.0211, 0.0211, 0.0210],
        [0.0259, 0.0229, 0.0199, 0.0188, 0.0185, 0.0184],
        [0.0232, 0.0223, 0.0213, 0.0211, 0.0208, 0.0206],
        [0.0754, 0.0264, 0.0246, 0.0208, 0.0207, 0.0203],
        [0.0188, 0.0186, 0.0184, 0.0182, 0.0180, 0.0180],
        [0.0204, 0.0200, 0.0189, 0.0189, 0.0184, 0.0184],
        [0.0405, 0.0292, 0.0281, 0.0273, 0.0250, 0.0248],
        [0.0544, 0.0376, 0.0375, 0.0356, 0.0329, 0.0322],
        [0.0218, 0.0209, 0.0205, 0.0203, 0.0202, 0.0196],
        [0.0223, 0.0209, 0.0199, 0.0187, 0.0182, 0.0182],
        [0.0260, 0.0253, 0.0252, 0.0232, 0.0228, 0.0226],
        [0.0494, 0.0421, 0.0281, 0.0267, 0.0252, 0.0250],
        [0.0241, 0.0218, 0.0208, 0.0200, 0.0200, 0.0200],
        [0.0674, 0.0534, 0.0250, 0.0228, 0.0228, 0.0228],
        [0.0594, 0.0505, 0.0386, 0.0283, 0.0277, 0.0231],
        [0.0217, 0.0211, 0.0201, 0.0196, 0.0195, 0.0195],
        [0.0367, 0.0225, 0.0201, 0.0194, 0.0193, 0.0190],
        [0.0273, 0.0236, 0.0229, 0.0210, 0.0208, 0.0206],
        [0.0239, 0.0220, 0.0209, 0.0208, 0.0204, 0.0201],
        [0.0209, 0.0207, 0.0202, 0.0199, 0.0194, 0.0191],
        [0.0238, 0.0230, 0.0224, 0.0211, 0.0211, 0.0209],
        [0.0609, 0.0273, 0.0262, 0.0256, 0.0214, 0.0213],
        [0.0228, 0.0195, 0.0192, 0.0188, 0.0187, 0.0186],
        [0.0485, 0.0439, 0.0293, 0.0291, 0.0261, 0.0254],
        [0.0352, 0.0283, 0.0217, 0.0212, 0.0211, 0.0200],
        [0.0191, 0.0191, 0.0188, 0.0187, 0.0187, 0.0186],
        [0.0260, 0.0238, 0.0226, 0.0223, 0.0222, 0.0214],
        [0.0284, 0.0265, 0.0250, 0.0224, 0.0224, 0.0218],
        [0.0235, 0.0222, 0.0218, 0.0212, 0.0205, 0.0203],
        [0.0218, 0.0212, 0.0203, 0.0198, 0.0195, 0.0195],
        [0.0604, 0.0246, 0.0231, 0.0223, 0.0221, 0.0218],
        [0.0261, 0.0246, 0.0219, 0.0207, 0.0206, 0.0205],
        [0.0239, 0.0214, 0.0208, 0.0208, 0.0207, 0.0206],
        [0.0398, 0.0251, 0.0249, 0.0223, 0.0216, 0.0215],
        [0.0293, 0.0230, 0.0225, 0.0218, 0.0209, 0.0206],
        [0.0246, 0.0212, 0.0210, 0.0207, 0.0202, 0.0202],
        [0.0210, 0.0186, 0.0180, 0.0180, 0.0173, 0.0173],
        [0.0219, 0.0210, 0.0210, 0.0207, 0.0207, 0.0202],
        [0.0212, 0.0204, 0.0197, 0.0195, 0.0195, 0.0194]])

----------------indices-----------------
torch.Size([64, 6])
tensor([[34, 28, 21, 47,  3, 12],
        [ 9,  4,  1, 14, 44, 42],
        [ 1, 45, 49, 52, 63,  5],
        [12,  3, 38, 45, 33,  2],
        [40,  6, 44, 25, 19, 51],
        [20, 38, 27, 59, 21, 32],
        [56, 40, 63, 46, 31, 27],
        [52,  6, 56, 58, 22, 51],
        [20, 10, 26, 11, 35, 51],
        [29, 58, 19, 14, 39, 34],
        [38, 31, 60, 54, 23, 30],
        [33, 50, 52, 58, 19, 11],
        [ 4, 56, 12, 21, 51, 60],
        [26,  7, 51, 49, 20, 32],
        [19, 16, 29, 58,  3, 34],
        [37, 12, 51, 21,  3, 16],
        [50, 19,  2, 30, 26, 54],
        [33, 19, 34, 25, 41, 35],
        [36, 63,  7, 37, 44, 33],
        [30, 43, 47, 24,  0, 46],
        [ 1, 26, 14, 40, 37,  0],
        [ 9, 59,  1, 19, 50, 38],
        [63,  8,  9,  5, 17,  4],
        [ 0, 26, 51, 36, 63, 20],
        [36,  8, 39, 10, 18, 53],
        [40, 39, 62, 32, 50, 59],
        [62, 38, 54, 25, 51, 40],
        [39,  0, 10, 21, 52, 17],
        [26, 29, 13, 15,  1, 40],
        [39,  2, 24, 32, 22, 54],
        [54,  7, 18,  1, 38, 35],
        [12, 60,  6, 43,  4, 55],
        [34, 28, 38, 17,  4,  1],
        [11, 29, 10, 41, 49, 33],
        [23, 34, 40, 31, 30, 22],
        [ 5, 36, 35, 17,  8, 46],
        [12, 60,  6, 46, 57, 47],
        [28, 20, 21,  2, 49, 59],
        [ 7, 31, 30, 54, 23, 10],
        [22, 17,  4, 14, 63, 20],
        [15, 33, 22, 37, 51, 53],
        [18,  7, 33, 23, 32, 28],
        [46, 15, 44, 27, 57, 13],
        [62, 32, 57, 39, 48, 23],
        [20, 21, 10, 39, 61, 27],
        [59, 23, 29, 34, 39, 26],
        [28, 23, 60, 62,  4, 56],
        [ 7, 42, 25, 57,  1, 10],
        [ 5, 16, 21, 38, 20, 56],
        [42, 44, 13, 60, 25, 58],
        [36, 28,  3, 55, 61, 27],
        [ 0, 22, 62, 10, 54, 21],
        [38, 62, 60, 19, 23, 59],
        [13, 39,  2, 20, 31, 52],
        [39, 20, 13,  2, 21, 37],
        [ 8, 48, 14, 19, 34, 30],
        [26, 34, 49, 38, 15, 36],
        [21, 60, 12, 30,  1, 53],
        [11, 35, 50, 59, 19, 32],
        [31, 23, 11, 61, 25,  7],
        [61, 62, 49,  2, 10, 40],
        [38,  5,  1, 59, 33, 42],
        [13,  2, 39, 37, 20, 52],
        [20, 39, 13,  2, 37, 54]])
