PIM Expert Operations - Total Cycles
Decoder-BS64/5th/pim/7
Note: 2 activation movements (fc1 and fc2)
BS16 - Activation divider: 128

--- Activation Movements ---
layer0.ffn.activation_movement_1: 1124 cycles
layer0.ffn.activation_movement_2: 1118 cycles
Total activation movement cycles: 2242
----------------------------

================================================================================
 Expert Number  fc1  gelu  fc2  total compute
             1 2865    28 2851           5744
             2 2865    43 2865           5773
             3 2865    28 2851           5744
             4 2865    42 2865           5772
             5 2889    28 2851           5768
             6 2866    42 2854           5762
             8 3056    30 2852           5938
            10 2865    43 2866           5774
            11 3044    29 2836           5909
            13 2865    42 2865           5772
            14 3057    29 2851           5937
            15 2865    43 2865           5773
            16 3045    28 2851           5924
            17 2842    42 2865           5749
            18 5884    47 5667          11598
            19 2865    28 2851           5744
            20 2865    45 2866           5776
            21 2851    43 2865           5759
            24 2865    42 2854           5761
            25 2851    42 2865           5758
            26 2846    43 2854           5743
            27 2851    43 2865           5759
            28 2842    84 2865           5791
            29 2851    44 2865           5760
            30 2865   206 2854           5925
            31 2851    42 2865           5758
            32 2865   220 2865           5950
            35 2851    42 2854           5747
            36 2865   223 2865           5953
            37 2851    43 2865           5759
            38 2865   203 2865           5933
            39 2851    44 2865           5760
            40 2865   209 2865           5939
            42 2865    43 2865           5773
            44 2865   189 2854           5908
            45 2851    43 2865           5759
            46 2865   219 2865           5949
            48 2851    43 2865           5759
            49 2866   205 2865           5936
            50 2851    44 2865           5760
            52 2866   205 2865           5936
            53 2851    43 2865           5759
            56 2865   207 2865           5937
            57 2851    43 2865           5759
            58 2865   209 2865           5939
            59 2851    43 2865           5759
            61 2865   205 2865           5935
            62 2851    44 2865           5760