============================================================
METADATA (8Th token of each sequence)
============================================================
Model: flame-moe-290m
Run ID: 31066
Epoch: 5473
Layer: 3
Token Position: 7 (8th)
Shards processed: 0-0.pt, 0-1.pt
Total sequences: 64
Sequence length: 512
============================================================

----------------samples-----------------
torch.Size([64])
tensor([ 7826,     3,    13,  1445,   347,   533, 35954,   310,   253,   275,
           70,   249,   310,   342,   452,   187,    15,  4633,  3513, 44853,
          347,  1897,   253,  1249,    84,  1908,   521,  5810,  7108,   368,
          273,   187,   395,    40,   326,  2455,   253,  1052,  9894,  7479,
          476,  4668,     6,   352,   715,   261,  6995,  1495,   390,   310,
        43728,   475,   250,    13,   309,   533,   569, 33804,   253,  4957,
         5402,    13,   288,  1361])

-----------------scores-----------------
torch.Size([64, 6])
tensor([[0.1613, 0.0470, 0.0290, 0.0254, 0.0234, 0.0229],
        [0.0627, 0.0407, 0.0299, 0.0272, 0.0262, 0.0250],
        [0.1178, 0.0765, 0.0716, 0.0549, 0.0313, 0.0307],
        [0.0501, 0.0377, 0.0291, 0.0251, 0.0226, 0.0226],
        [0.0328, 0.0310, 0.0306, 0.0296, 0.0245, 0.0244],
        [0.0461, 0.0443, 0.0404, 0.0299, 0.0287, 0.0286],
        [0.0615, 0.0358, 0.0308, 0.0285, 0.0279, 0.0267],
        [0.0523, 0.0322, 0.0265, 0.0254, 0.0240, 0.0231],
        [0.0417, 0.0313, 0.0313, 0.0298, 0.0277, 0.0257],
        [0.0609, 0.0512, 0.0307, 0.0267, 0.0265, 0.0245],
        [0.0857, 0.0499, 0.0441, 0.0382, 0.0288, 0.0256],
        [0.0589, 0.0499, 0.0288, 0.0269, 0.0269, 0.0265],
        [0.1684, 0.0929, 0.0901, 0.0528, 0.0393, 0.0291],
        [0.1434, 0.0902, 0.0799, 0.0721, 0.0484, 0.0453],
        [0.0776, 0.0643, 0.0531, 0.0483, 0.0424, 0.0263],
        [0.0555, 0.0474, 0.0422, 0.0279, 0.0268, 0.0261],
        [0.2514, 0.1396, 0.1079, 0.0443, 0.0397, 0.0309],
        [0.0759, 0.0477, 0.0378, 0.0350, 0.0337, 0.0316],
        [0.0711, 0.0690, 0.0480, 0.0464, 0.0392, 0.0358],
        [0.2145, 0.0665, 0.0464, 0.0370, 0.0336, 0.0318],
        [0.0634, 0.0404, 0.0362, 0.0347, 0.0275, 0.0257],
        [0.1174, 0.0882, 0.0656, 0.0489, 0.0462, 0.0354],
        [0.1137, 0.0963, 0.0942, 0.0569, 0.0400, 0.0323],
        [0.1110, 0.0367, 0.0268, 0.0255, 0.0246, 0.0245],
        [0.0648, 0.0466, 0.0376, 0.0325, 0.0291, 0.0288],
        [0.1505, 0.1232, 0.0959, 0.0507, 0.0475, 0.0292],
        [0.0398, 0.0341, 0.0275, 0.0248, 0.0245, 0.0226],
        [0.0338, 0.0251, 0.0237, 0.0227, 0.0223, 0.0220],
        [0.0707, 0.0451, 0.0372, 0.0353, 0.0347, 0.0343],
        [0.0256, 0.0253, 0.0251, 0.0242, 0.0242, 0.0238],
        [0.1511, 0.0822, 0.0585, 0.0558, 0.0349, 0.0320],
        [0.0443, 0.0419, 0.0317, 0.0302, 0.0291, 0.0283],
        [0.3267, 0.0476, 0.0396, 0.0346, 0.0173, 0.0160],
        [0.1286, 0.1131, 0.0870, 0.0767, 0.0555, 0.0510],
        [0.1131, 0.0454, 0.0307, 0.0286, 0.0270, 0.0237],
        [0.0401, 0.0330, 0.0294, 0.0262, 0.0248, 0.0244],
        [0.1507, 0.1353, 0.0576, 0.0504, 0.0457, 0.0374],
        [0.0583, 0.0477, 0.0303, 0.0299, 0.0291, 0.0279],
        [0.1339, 0.0730, 0.0460, 0.0385, 0.0374, 0.0284],
        [0.1125, 0.0634, 0.0604, 0.0571, 0.0453, 0.0391],
        [0.0316, 0.0251, 0.0251, 0.0246, 0.0246, 0.0235],
        [0.0332, 0.0280, 0.0279, 0.0271, 0.0238, 0.0228],
        [0.1148, 0.0869, 0.0824, 0.0595, 0.0441, 0.0333],
        [0.0288, 0.0276, 0.0245, 0.0243, 0.0231, 0.0230],
        [0.2088, 0.0546, 0.0515, 0.0453, 0.0430, 0.0352],
        [0.1774, 0.0776, 0.0670, 0.0638, 0.0419, 0.0349],
        [0.1216, 0.0889, 0.0800, 0.0509, 0.0500, 0.0394],
        [0.2683, 0.0727, 0.0660, 0.0401, 0.0336, 0.0264],
        [0.0472, 0.0390, 0.0357, 0.0318, 0.0303, 0.0295],
        [0.0311, 0.0292, 0.0263, 0.0235, 0.0228, 0.0223],
        [0.0360, 0.0274, 0.0272, 0.0252, 0.0246, 0.0232],
        [0.1278, 0.1213, 0.0829, 0.0796, 0.0771, 0.0466],
        [0.1758, 0.0864, 0.0774, 0.0414, 0.0392, 0.0367],
        [0.0739, 0.0713, 0.0710, 0.0525, 0.0357, 0.0318],
        [0.0322, 0.0294, 0.0288, 0.0272, 0.0258, 0.0245],
        [0.0299, 0.0297, 0.0262, 0.0256, 0.0246, 0.0240],
        [0.0591, 0.0402, 0.0336, 0.0312, 0.0263, 0.0246],
        [0.0329, 0.0285, 0.0283, 0.0246, 0.0246, 0.0243],
        [0.0618, 0.0500, 0.0351, 0.0286, 0.0261, 0.0259],
        [0.0514, 0.0384, 0.0342, 0.0328, 0.0301, 0.0285],
        [0.0530, 0.0396, 0.0396, 0.0300, 0.0216, 0.0210],
        [0.1958, 0.0881, 0.0498, 0.0459, 0.0451, 0.0429],
        [0.1329, 0.0697, 0.0597, 0.0548, 0.0501, 0.0337],
        [0.1286, 0.0968, 0.0539, 0.0479, 0.0421, 0.0289]])

----------------indices-----------------
torch.Size([64, 6])
tensor([[60,  5, 27, 61, 15, 36],
        [24, 63, 16, 36, 61, 31],
        [10,  2, 34, 35, 38, 29],
        [55, 60, 52, 30, 48, 10],
        [25, 55, 17,  5, 53, 15],
        [48, 60, 12, 38, 56, 57],
        [19, 39, 13,  8,  5, 37],
        [55, 47, 48, 10, 44, 39],
        [61, 33, 18, 44, 10,  8],
        [33, 54, 48, 51, 16, 50],
        [55, 47, 60, 39, 59,  6],
        [17, 57,  5, 54, 36, 25],
        [41, 11, 22, 40,  1, 37],
        [ 7, 38, 50,  9, 48, 29],
        [56, 48, 31, 59, 41, 39],
        [ 3, 30, 24, 44, 46, 62],
        [44, 41,  6, 34, 47, 43],
        [19,  4, 53, 36, 47, 15],
        [63,  8, 20, 47, 41, 29],
        [11, 63, 31, 37,  4, 42],
        [16, 61,  0, 27, 54, 18],
        [58, 59, 37,  4, 40, 35],
        [31,  7, 59, 27, 63, 11],
        [58, 21,  5, 26, 29, 11],
        [51,  8, 37, 55, 15, 21],
        [35,  4, 29, 47, 28, 34],
        [55, 48, 47, 60, 10, 28],
        [60, 23, 52, 36, 53,  6],
        [35,  3, 34, 45, 59,  2],
        [23, 33, 40, 53, 47, 37],
        [ 4, 28, 60, 58, 34, 19],
        [27, 37, 14,  0, 50, 61],
        [60, 57, 36, 39, 12, 30],
        [ 1, 22, 42, 15, 40, 13],
        [ 5, 33, 19,  8, 11, 52],
        [62, 55, 44, 57, 33, 39],
        [ 4, 58,  8, 40, 35, 15],
        [26, 21, 19,  3, 53, 60],
        [63, 31, 50, 27,  7,  4],
        [29, 58, 27, 35, 10, 38],
        [56, 50,  6, 44, 27, 26],
        [39, 60, 10, 32, 55,  6],
        [40, 29, 58, 35, 22,  4],
        [55, 60, 48, 23, 62, 44],
        [18,  9, 16, 54, 48, 61],
        [ 7, 27, 38, 48, 52,  0],
        [29, 49,  0, 32, 27, 18],
        [48, 63, 50,  7, 29, 20],
        [25, 57,  5, 53, 41,  0],
        [55, 39, 60, 10, 48,  6],
        [50, 48, 31, 27, 14, 28],
        [58, 29, 40, 43,  6,  4],
        [27, 21, 26,  0,  7, 48],
        [ 7, 41, 54, 22,  9, 50],
        [14, 48, 53, 19, 57, 26],
        [ 6, 18, 52, 56, 50, 16],
        [21, 26,  4, 60, 11, 31],
        [53, 19, 36, 12, 24, 58],
        [39, 32, 48, 51, 53, 23],
        [ 4,  1, 60, 43, 28, 47],
        [ 5, 23, 61, 25, 33,  6],
        [ 6, 29,  9, 44, 40, 43],
        [ 9,  1, 17, 20, 40, 34],
        [ 1,  9, 41, 16, 39, 34]])
