PIM Expert Operations - Total Cycles
Decoder-BS64/7th/pim/2
Note: 2 activation movements (fc1 and fc2)
BS16 - Activation divider: 128

--- Activation Movements ---
layer0.ffn.activation_movement_2: 1118 cycles
layer0.ffn.activation_movement_1: 1124 cycles
Total activation movement cycles: 2242
----------------------------

================================================================================
 Expert Number  fc1  gelu  fc2  total compute
             1 2865    29 2851           5745
             2 2866    42 2865           5773
             3 2865    31 2851           5747
             4 2866    44 2866           5776
             5 2881    44 2865           5790
             6 2865    45 2866           5776
             7 3011    28 2836           5875
             8 2865    42 2865           5772
             9 3060    29 2836           5925
            10 2846    42 2865           5753
            11 3081    29 2851           5961
            12 2846    42 2854           5742
            13 3076    28 2851           5955
            14 2865    42 2836           5743
            16 3073    30 2851           5954
            17 2842    45 2865           5752
            18 3065    29 2851           5945
            19 2865    42 2865           5772
            21 3044    42 2836           5922
            22 2865    42 2865           5772
            23 3040    42 2854           5936
            24 2865    42 2865           5772
            25 3028    29 2852           5909
            26 2865    12 2865           5742
            27 3072    28 2852           5952
            28 5683   303 5667          11653
            29 2865    42 2865           5772
            30 3094    28 2852           5974
            32 2865    42 2866           5773
            33 3028    29 2851           5908
            34 2865    45 2865           5775
            35 3052    28 2851           5931
            38 2865    44 2865           5774
            39 3042    28 2851           5921
            40 2865    42 2854           5761
            41 3045    28 2851           5924
            43 2865    45 2865           5775
            46 3059    28 2851           5938
            47 5681   318 5681          11680
            50 2865    42 2854           5761
            54 3071    29 2851           5951
            55 2865    43 2865           5773
            56 3040    28 2851           5919
            57 2835    42 2865           5742
            59 3081    28 2836           5945
            60 2866    43 2865           5774
            61 3058    29 2851           5938
            62 2842    43 2865           5750
            63 3065    30 2851           5946