============================================================
METADATA (4Th token of each sequence)
============================================================
Model: flame-moe-290m
Run ID: 31066
Epoch: 5473
Layer: 4
Token Position: 3 (4th)
Shards processed: 0-0.pt, 0-1.pt
Total sequences: 64
Sequence length: 512
============================================================

----------------samples-----------------
torch.Size([64])
tensor([  824,   342,  1974,  9059,   344,  1646,    56,    15,  2896,   588,
          805, 50276,    91,  4720,  2573,  4834,   449,   923, 14815,  7186,
         2872, 24504,   247,   253, 20336,  3522,   275,   326,   285,  1953,
        31914,  7122,   281,  7063, 44152,  3462, 14002,    69,   281,   247,
          187,   697,   187,  6729,    15,  5181,  4787,   954,   285,  6685,
           32, 43728,   352,    15,  9166,   323,    13,    15,   352,   763,
        49619,   323,   253,  7520])

-----------------scores-----------------
torch.Size([64, 6])
tensor([[0.1013, 0.0883, 0.0864, 0.0683, 0.0552, 0.0428],
        [0.0591, 0.0582, 0.0422, 0.0363, 0.0351, 0.0340],
        [0.1170, 0.0739, 0.0702, 0.0571, 0.0482, 0.0465],
        [0.0600, 0.0512, 0.0509, 0.0471, 0.0453, 0.0348],
        [0.1510, 0.0689, 0.0510, 0.0503, 0.0446, 0.0308],
        [0.1082, 0.0987, 0.0837, 0.0339, 0.0293, 0.0266],
        [0.1629, 0.1111, 0.0723, 0.0406, 0.0371, 0.0338],
        [0.0538, 0.0462, 0.0457, 0.0392, 0.0345, 0.0296],
        [0.0947, 0.0658, 0.0440, 0.0285, 0.0245, 0.0221],
        [0.1447, 0.0736, 0.0699, 0.0683, 0.0537, 0.0269],
        [0.0734, 0.0373, 0.0343, 0.0337, 0.0331, 0.0320],
        [0.1441, 0.0688, 0.0586, 0.0547, 0.0545, 0.0517],
        [0.1691, 0.0649, 0.0643, 0.0599, 0.0440, 0.0381],
        [0.1535, 0.1310, 0.0798, 0.0757, 0.0732, 0.0416],
        [0.1112, 0.1042, 0.0628, 0.0454, 0.0384, 0.0371],
        [0.2533, 0.1133, 0.0387, 0.0347, 0.0340, 0.0335],
        [0.1892, 0.1063, 0.0842, 0.0408, 0.0336, 0.0308],
        [0.0514, 0.0442, 0.0437, 0.0355, 0.0320, 0.0310],
        [0.0882, 0.0647, 0.0448, 0.0410, 0.0355, 0.0263],
        [0.0729, 0.0651, 0.0448, 0.0397, 0.0343, 0.0341],
        [0.1528, 0.1394, 0.0784, 0.0756, 0.0581, 0.0311],
        [0.2032, 0.1328, 0.1104, 0.0315, 0.0306, 0.0259],
        [0.1251, 0.1249, 0.0940, 0.0534, 0.0479, 0.0389],
        [0.1179, 0.0991, 0.0759, 0.0521, 0.0429, 0.0364],
        [0.1176, 0.1162, 0.1124, 0.0498, 0.0284, 0.0259],
        [0.0543, 0.0487, 0.0416, 0.0387, 0.0345, 0.0335],
        [0.0524, 0.0489, 0.0362, 0.0332, 0.0322, 0.0296],
        [0.0637, 0.0600, 0.0566, 0.0333, 0.0259, 0.0254],
        [0.1650, 0.1612, 0.1083, 0.0306, 0.0295, 0.0279],
        [0.2123, 0.0506, 0.0447, 0.0414, 0.0380, 0.0316],
        [0.1179, 0.0959, 0.0441, 0.0315, 0.0293, 0.0248],
        [0.1075, 0.0586, 0.0468, 0.0449, 0.0440, 0.0341],
        [0.2096, 0.1008, 0.0831, 0.0697, 0.0643, 0.0561],
        [0.0525, 0.0475, 0.0431, 0.0297, 0.0283, 0.0276],
        [0.3649, 0.2383, 0.0771, 0.0354, 0.0327, 0.0309],
        [0.1223, 0.0784, 0.0393, 0.0391, 0.0324, 0.0296],
        [0.1306, 0.1122, 0.0572, 0.0467, 0.0404, 0.0377],
        [0.1400, 0.0403, 0.0399, 0.0370, 0.0358, 0.0308],
        [0.0905, 0.0743, 0.0588, 0.0559, 0.0461, 0.0439],
        [0.1215, 0.0353, 0.0288, 0.0280, 0.0279, 0.0262],
        [0.1383, 0.1089, 0.0495, 0.0481, 0.0368, 0.0341],
        [0.1452, 0.1211, 0.0610, 0.0585, 0.0575, 0.0339],
        [0.1164, 0.0419, 0.0384, 0.0371, 0.0340, 0.0278],
        [0.1007, 0.1006, 0.0600, 0.0414, 0.0288, 0.0265],
        [0.1058, 0.0826, 0.0446, 0.0417, 0.0306, 0.0258],
        [0.0763, 0.0577, 0.0511, 0.0392, 0.0390, 0.0352],
        [0.1905, 0.0688, 0.0666, 0.0471, 0.0321, 0.0317],
        [0.1557, 0.0865, 0.0825, 0.0769, 0.0521, 0.0263],
        [0.0900, 0.0562, 0.0551, 0.0523, 0.0511, 0.0452],
        [0.1278, 0.0874, 0.0699, 0.0600, 0.0469, 0.0408],
        [0.1181, 0.0622, 0.0566, 0.0448, 0.0410, 0.0354],
        [0.1004, 0.0801, 0.0715, 0.0696, 0.0623, 0.0498],
        [0.1755, 0.0792, 0.0743, 0.0362, 0.0317, 0.0298],
        [0.1199, 0.0899, 0.0718, 0.0570, 0.0560, 0.0430],
        [0.1734, 0.1316, 0.0704, 0.0475, 0.0361, 0.0326],
        [0.0986, 0.0654, 0.0622, 0.0338, 0.0290, 0.0279],
        [0.1019, 0.0829, 0.0539, 0.0349, 0.0301, 0.0286],
        [0.0953, 0.0840, 0.0604, 0.0571, 0.0461, 0.0416],
        [0.0640, 0.0589, 0.0477, 0.0424, 0.0420, 0.0407],
        [0.0845, 0.0688, 0.0475, 0.0348, 0.0335, 0.0291],
        [0.1439, 0.0651, 0.0533, 0.0326, 0.0287, 0.0286],
        [0.1044, 0.0363, 0.0284, 0.0255, 0.0255, 0.0249],
        [0.0575, 0.0540, 0.0471, 0.0356, 0.0330, 0.0320],
        [0.1117, 0.1024, 0.0893, 0.0415, 0.0371, 0.0313]])

----------------indices-----------------
torch.Size([64, 6])
tensor([[47, 17, 58, 52,  2, 18],
        [33,  6, 60, 24, 51, 30],
        [43, 18, 25, 39, 62, 44],
        [21, 27,  0, 55, 10, 52],
        [44, 20, 61, 56, 24, 63],
        [48, 24,  0, 36,  9, 22],
        [ 1, 59, 53, 60, 36, 46],
        [51, 57,  7, 23, 62, 30],
        [ 6, 30, 33, 10,  8, 21],
        [19, 35,  2, 61,  3, 45],
        [55, 53,  5, 13, 12, 25],
        [35, 52, 56, 47, 36,  1],
        [46, 45, 56,  1, 47, 35],
        [59, 44, 42, 31, 20, 22],
        [47, 38, 14, 43, 18, 59],
        [60, 31, 43, 38, 53, 63],
        [28, 13, 54, 12, 21, 11],
        [ 7, 45, 23, 62, 21, 13],
        [50, 21, 41,  8,  7, 27],
        [41, 38, 37, 15, 31, 10],
        [ 2,  3,  9,  1, 56, 63],
        [ 1, 45, 62, 46, 42, 36],
        [ 2,  9,  3, 61,  1, 18],
        [ 2,  9,  1, 61, 16, 17],
        [ 9,  1,  2, 61, 20, 47],
        [13, 22,  4, 37, 12, 53],
        [50, 41, 27,  5, 20, 32],
        [47, 15, 29, 38,  1, 55],
        [63, 17,  1, 53, 28,  9],
        [44, 31, 20, 59, 10, 18],
        [30,  6, 33, 40,  5, 56],
        [27, 43, 40,  8, 52, 55],
        [52, 10, 58, 47, 18,  0],
        [27, 53, 48, 41, 55, 20],
        [54, 26, 52,  4, 39, 31],
        [26,  4, 40, 57, 32, 11],
        [ 3, 56, 61, 17, 48, 35],
        [63, 45, 62, 50,  7, 52],
        [25, 20, 24, 37, 34, 22],
        [23, 10,  9, 20, 37,  6],
        [ 9,  3,  2, 17, 19, 61],
        [61,  9, 56,  2, 17, 35],
        [ 7, 39, 21, 54, 62, 50],
        [ 6, 30, 11, 13, 33, 39],
        [ 0, 23, 24, 36, 50,  5],
        [29, 55, 19, 36, 15, 52],
        [ 3, 36, 18, 63, 42, 35],
        [59, 42, 20, 36, 44, 63],
        [47,  8, 19, 18, 63, 52],
        [17,  2, 61, 57, 59,  9],
        [ 7, 50, 45, 25, 62, 63],
        [59, 44, 39, 20, 42, 62],
        [19,  2, 35, 42, 18,  0],
        [ 9, 61, 35,  2, 18,  3],
        [35,  9,  2, 61, 19, 57],
        [18, 62,  7, 45, 42, 51],
        [24, 48, 63, 33, 47,  3],
        [19, 61, 35,  5, 26, 56],
        [40, 31, 32, 12, 26, 54],
        [30, 23,  4, 32, 39, 20],
        [33,  6, 30, 55, 42, 35],
        [23, 10, 51, 16, 37, 52],
        [ 7, 53, 13, 29,  5, 32],
        [51, 16, 10,  6, 15, 57]])
