============================================================
METADATA (10Th token of each sequence)
============================================================
Model: flame-moe-290m
Run ID: 31066
Epoch: 5473
Layer: 9
Token Position: 9 (10th)
Shards processed: 0-0.pt, 0-1.pt
Total sequences: 64
Sequence length: 512
============================================================

----------------samples-----------------
torch.Size([64])
tensor([  247,    15,   717,   417,  2762,   434,   436,   253,   273,   273,
        50276, 16922,   327,  2825,  8981,    19,   187,   285,   247, 49163,
          310,   253,   273,   285,   317,   281,   310,  7636,   187,   342,
        18417,    42,   273,   275,   247,    15, 18226,   273, 19487,  9446,
         9632,  2570,  3253,  1537, 22777, 11678,    32, 16280,   476, 11369,
          368,   253,  1878,     2,   326,  5053,   247, 12427,  3753,  8920,
        24787,  4493,   379,   731])

-----------------scores-----------------
torch.Size([64, 6])
tensor([[0.1339, 0.0767, 0.0721, 0.0628, 0.0541, 0.0510],
        [0.3100, 0.3050, 0.1139, 0.0479, 0.0444, 0.0249],
        [0.2052, 0.1035, 0.0835, 0.0380, 0.0327, 0.0295],
        [0.2204, 0.0843, 0.0670, 0.0457, 0.0411, 0.0402],
        [0.1646, 0.1179, 0.0907, 0.0772, 0.0757, 0.0474],
        [0.1930, 0.1761, 0.1647, 0.0336, 0.0297, 0.0248],
        [0.1003, 0.1000, 0.0908, 0.0487, 0.0473, 0.0471],
        [0.2801, 0.1726, 0.1072, 0.0371, 0.0223, 0.0215],
        [0.8221, 0.0221, 0.0169, 0.0145, 0.0107, 0.0105],
        [0.0857, 0.0747, 0.0720, 0.0625, 0.0530, 0.0509],
        [0.1483, 0.1377, 0.1348, 0.0796, 0.0521, 0.0449],
        [0.2906, 0.1852, 0.1571, 0.0582, 0.0431, 0.0202],
        [0.1198, 0.1162, 0.0695, 0.0592, 0.0526, 0.0439],
        [0.2846, 0.1869, 0.0610, 0.0586, 0.0361, 0.0337],
        [0.2386, 0.1429, 0.1293, 0.0723, 0.0568, 0.0438],
        [0.1168, 0.1143, 0.0659, 0.0633, 0.0453, 0.0369],
        [0.3273, 0.2061, 0.0859, 0.0838, 0.0607, 0.0502],
        [0.1954, 0.1429, 0.1421, 0.1091, 0.0341, 0.0279],
        [0.1230, 0.1079, 0.0870, 0.0856, 0.0700, 0.0444],
        [0.3197, 0.1876, 0.0666, 0.0516, 0.0435, 0.0283],
        [0.1599, 0.1274, 0.1003, 0.0669, 0.0520, 0.0518],
        [0.1322, 0.1058, 0.1046, 0.0890, 0.0721, 0.0552],
        [0.3280, 0.1777, 0.1032, 0.0266, 0.0247, 0.0216],
        [0.2038, 0.1547, 0.1247, 0.0353, 0.0283, 0.0248],
        [0.1951, 0.1116, 0.0956, 0.0767, 0.0590, 0.0501],
        [0.2413, 0.1831, 0.1478, 0.0630, 0.0432, 0.0352],
        [0.1877, 0.1680, 0.1239, 0.0399, 0.0314, 0.0283],
        [0.1575, 0.1551, 0.1490, 0.0699, 0.0545, 0.0435],
        [0.2060, 0.1224, 0.0895, 0.0827, 0.0681, 0.0349],
        [0.1536, 0.0894, 0.0426, 0.0425, 0.0415, 0.0370],
        [0.2329, 0.0885, 0.0697, 0.0569, 0.0364, 0.0348],
        [0.1333, 0.0886, 0.0869, 0.0614, 0.0484, 0.0456],
        [0.4424, 0.0478, 0.0323, 0.0308, 0.0237, 0.0237],
        [0.1168, 0.0993, 0.0968, 0.0652, 0.0649, 0.0542],
        [0.2213, 0.1130, 0.1124, 0.0915, 0.0325, 0.0310],
        [0.1200, 0.0856, 0.0767, 0.0737, 0.0354, 0.0285],
        [0.1895, 0.0853, 0.0683, 0.0470, 0.0438, 0.0337],
        [0.2381, 0.2274, 0.0885, 0.0766, 0.0645, 0.0182],
        [0.1832, 0.1480, 0.1064, 0.0999, 0.0644, 0.0522],
        [0.4517, 0.1540, 0.0348, 0.0323, 0.0282, 0.0237],
        [0.1974, 0.1618, 0.1270, 0.0838, 0.0737, 0.0348],
        [0.1201, 0.0948, 0.0772, 0.0562, 0.0452, 0.0426],
        [0.1058, 0.0584, 0.0531, 0.0519, 0.0476, 0.0462],
        [0.1081, 0.0950, 0.0717, 0.0653, 0.0467, 0.0452],
        [0.2169, 0.0785, 0.0726, 0.0672, 0.0569, 0.0447],
        [0.1951, 0.1258, 0.0893, 0.0869, 0.0523, 0.0519],
        [0.1208, 0.0980, 0.0689, 0.0604, 0.0451, 0.0310],
        [0.1622, 0.1379, 0.1279, 0.1242, 0.1068, 0.0406],
        [0.1188, 0.0881, 0.0674, 0.0414, 0.0372, 0.0344],
        [0.1209, 0.1043, 0.0743, 0.0617, 0.0483, 0.0469],
        [0.1875, 0.1559, 0.1037, 0.0609, 0.0595, 0.0532],
        [0.2172, 0.1693, 0.1369, 0.0328, 0.0328, 0.0273],
        [0.1629, 0.0760, 0.0643, 0.0638, 0.0579, 0.0530],
        [0.1199, 0.0915, 0.0810, 0.0376, 0.0344, 0.0309],
        [0.1216, 0.0716, 0.0593, 0.0574, 0.0498, 0.0416],
        [0.1198, 0.1168, 0.0952, 0.0431, 0.0402, 0.0355],
        [0.1272, 0.0882, 0.0526, 0.0406, 0.0393, 0.0337],
        [0.6509, 0.0451, 0.0358, 0.0319, 0.0296, 0.0295],
        [0.0867, 0.0712, 0.0568, 0.0478, 0.0444, 0.0435],
        [0.2567, 0.2229, 0.1289, 0.1033, 0.0398, 0.0250],
        [0.3516, 0.1047, 0.0492, 0.0483, 0.0376, 0.0373],
        [0.4119, 0.1241, 0.1136, 0.0363, 0.0269, 0.0175],
        [0.1443, 0.1095, 0.0951, 0.0733, 0.0566, 0.0367],
        [0.2014, 0.1153, 0.1092, 0.0801, 0.0479, 0.0464]])

----------------indices-----------------
torch.Size([64, 6])
tensor([[31, 21, 12, 56, 36, 26],
        [55,  0, 44, 30, 51,  8],
        [60, 39, 42, 63, 24, 41],
        [32, 48, 56, 43, 21, 60],
        [16, 52, 13, 38, 17, 54],
        [ 4, 49, 38, 37,  7, 50],
        [ 6, 40, 46, 10, 42, 19],
        [61, 26,  3, 17, 29, 59],
        [50, 36,  8,  5, 25, 15],
        [ 2, 46, 40,  6, 35, 39],
        [39, 21, 29, 12, 62, 32],
        [ 2, 25, 36, 29, 35, 47],
        [24, 63, 61, 39, 35, 29],
        [32, 21, 56, 12, 36,  5],
        [51, 12,  0,  5, 10, 20],
        [45, 11, 14, 34,  1, 36],
        [44,  0,  5, 55, 51, 30],
        [ 5, 50, 16, 13, 62, 33],
        [47, 34, 52, 17, 40, 54],
        [29, 21, 12, 62, 39, 32],
        [29, 21, 24, 63, 12, 35],
        [13, 25, 43, 38, 60, 54],
        [61, 26,  3, 29, 25, 17],
        [49,  4, 38, 39,  7, 11],
        [17, 31, 54, 19, 13, 43],
        [21, 29, 12,  2, 47, 56],
        [49,  4, 38,  7, 39, 37],
        [62, 18,  9, 37, 39, 29],
        [16, 13, 52, 39, 38, 43],
        [42, 23, 30, 28,  6, 59],
        [10, 33,  1, 45, 11, 14],
        [52, 27, 17, 54, 16, 40],
        [10, 15,  1, 36,  8, 48],
        [48, 43, 28, 53, 31,  5],
        [48, 21, 56, 12, 31, 29],
        [11, 45,  1, 14, 34, 22],
        [42, 32,  6, 23, 40, 28],
        [21, 12, 29, 36,  2, 27],
        [54, 49,  0, 44, 51,  4],
        [50, 12, 47, 21,  5,  8],
        [12,  2, 21, 29, 35, 47],
        [42, 60,  4, 28, 39, 32],
        [28, 53, 45, 48, 34, 11],
        [16, 28, 52, 54, 60, 13],
        [59, 22, 48, 20, 32, 19],
        [12, 21, 29, 62, 36,  2],
        [10, 42, 35,  3, 39, 23],
        [30,  0, 49, 54, 51,  8],
        [42,  6, 32, 39, 28, 40],
        [45, 48, 22, 11, 34,  1],
        [54, 49,  0, 44, 51,  4],
        [49,  4, 38,  5, 11,  9],
        [ 1, 48, 53, 45, 14, 34],
        [42, 29,  4,  2, 34, 10],
        [60, 32, 42, 63, 23, 39],
        [48, 31, 53, 56, 19, 18],
        [15,  8, 10, 32, 33, 20],
        [50,  8, 51, 27, 15, 36],
        [42, 32, 40, 63, 39, 46],
        [ 2, 35, 36, 41, 24, 20],
        [33, 23, 14,  3, 36, 34],
        [61, 26,  3, 28, 22, 25],
        [48, 31, 53, 22, 45,  1],
        [49, 54,  0, 44,  5,  4]])
