============================================================
METADATA (7Th token of each sequence)
============================================================
Model: flame-moe-290m
Run ID: 31066
Epoch: 5473
Layer: 16
Token Position: 6 (7th)
Shards processed: 0-0.pt, 0-1.pt
Total sequences: 64
Sequence length: 512
============================================================

----------------samples-----------------
torch.Size([64])
tensor([  476, 23521,  2057,  1682,   637,  3426,   310,  7371,    13,  1060,
          676, 25373,   831,  7496, 16596, 11284,  3908,  2489,   253,   510,
           13,   767,   275,   253,   457,  1335,   533,   253,  4680,   588,
          990,    15,   346,   346,    13,  1849,   533,  1211,  3076,  2223,
         6409,   253,  8688,   533, 14918,  3496, 48216,  6782,    13,   534,
         1780,   932,   457,  3430,    15,  2105,   300,    84,  4887, 18997,
         5687, 25828,   253,   285])

-----------------scores-----------------
torch.Size([64, 6])
tensor([[0.0498, 0.0369, 0.0368, 0.0361, 0.0341, 0.0339],
        [0.3080, 0.2573, 0.0562, 0.0429, 0.0291, 0.0170],
        [0.1159, 0.1097, 0.1090, 0.0709, 0.0631, 0.0537],
        [0.1394, 0.1319, 0.1173, 0.1150, 0.0915, 0.0381],
        [0.2820, 0.0823, 0.0734, 0.0657, 0.0427, 0.0370],
        [0.1716, 0.1312, 0.0862, 0.0786, 0.0595, 0.0535],
        [0.2361, 0.1677, 0.0769, 0.0741, 0.0441, 0.0394],
        [0.1968, 0.1393, 0.1065, 0.0800, 0.0466, 0.0260],
        [0.1692, 0.1400, 0.0705, 0.0459, 0.0404, 0.0403],
        [0.2932, 0.1075, 0.0792, 0.0381, 0.0313, 0.0288],
        [0.3796, 0.0792, 0.0647, 0.0427, 0.0360, 0.0267],
        [0.1642, 0.1222, 0.0724, 0.0593, 0.0426, 0.0380],
        [0.3110, 0.1203, 0.0689, 0.0624, 0.0420, 0.0254],
        [0.2065, 0.1429, 0.1388, 0.0997, 0.0327, 0.0244],
        [0.1574, 0.0768, 0.0694, 0.0586, 0.0439, 0.0404],
        [0.1598, 0.0777, 0.0534, 0.0480, 0.0347, 0.0317],
        [0.1626, 0.0545, 0.0542, 0.0422, 0.0420, 0.0399],
        [0.0853, 0.0820, 0.0753, 0.0643, 0.0592, 0.0403],
        [0.1743, 0.1002, 0.0967, 0.0752, 0.0621, 0.0439],
        [0.2369, 0.1141, 0.0744, 0.0660, 0.0589, 0.0491],
        [0.1726, 0.1360, 0.0679, 0.0470, 0.0373, 0.0320],
        [0.1196, 0.0944, 0.0870, 0.0748, 0.0653, 0.0407],
        [0.1237, 0.1089, 0.0883, 0.0668, 0.0487, 0.0353],
        [0.2364, 0.1668, 0.1304, 0.0339, 0.0290, 0.0192],
        [0.2343, 0.1145, 0.0801, 0.0724, 0.0555, 0.0335],
        [0.1465, 0.0900, 0.0784, 0.0756, 0.0622, 0.0310],
        [0.2201, 0.1466, 0.1359, 0.0484, 0.0271, 0.0268],
        [0.1320, 0.0954, 0.0864, 0.0784, 0.0480, 0.0425],
        [0.4261, 0.0542, 0.0343, 0.0330, 0.0327, 0.0284],
        [0.2589, 0.1550, 0.1454, 0.0471, 0.0330, 0.0294],
        [0.2671, 0.0943, 0.0826, 0.0800, 0.0500, 0.0424],
        [0.1123, 0.0536, 0.0423, 0.0411, 0.0406, 0.0371],
        [0.3489, 0.0776, 0.0756, 0.0570, 0.0362, 0.0352],
        [0.1678, 0.1297, 0.1172, 0.0789, 0.0713, 0.0635],
        [0.2051, 0.1219, 0.0952, 0.0357, 0.0312, 0.0303],
        [0.1298, 0.1218, 0.1026, 0.0689, 0.0418, 0.0339],
        [0.3288, 0.2137, 0.0641, 0.0406, 0.0399, 0.0352],
        [0.1175, 0.0917, 0.0618, 0.0537, 0.0528, 0.0519],
        [0.1700, 0.0983, 0.0570, 0.0471, 0.0416, 0.0336],
        [0.2054, 0.1302, 0.1232, 0.0663, 0.0402, 0.0248],
        [0.2983, 0.1526, 0.1001, 0.0821, 0.0366, 0.0322],
        [0.1841, 0.1330, 0.1126, 0.0856, 0.0724, 0.0358],
        [0.2296, 0.1117, 0.0884, 0.0615, 0.0540, 0.0261],
        [0.2531, 0.2285, 0.1324, 0.0356, 0.0295, 0.0201],
        [0.1623, 0.1190, 0.0535, 0.0518, 0.0409, 0.0265],
        [0.1613, 0.1157, 0.0884, 0.0768, 0.0541, 0.0478],
        [0.1013, 0.1011, 0.0951, 0.0853, 0.0805, 0.0683],
        [0.2404, 0.0678, 0.0602, 0.0585, 0.0570, 0.0557],
        [0.2151, 0.1447, 0.1008, 0.0749, 0.0491, 0.0422],
        [0.2943, 0.1426, 0.0478, 0.0424, 0.0360, 0.0247],
        [0.1667, 0.1272, 0.0682, 0.0535, 0.0417, 0.0397],
        [0.2279, 0.1407, 0.0524, 0.0433, 0.0325, 0.0310],
        [0.1246, 0.1148, 0.0426, 0.0425, 0.0399, 0.0379],
        [0.2216, 0.0875, 0.0619, 0.0534, 0.0473, 0.0435],
        [0.2237, 0.0997, 0.0882, 0.0596, 0.0453, 0.0416],
        [0.1778, 0.1477, 0.0755, 0.0420, 0.0407, 0.0400],
        [0.1104, 0.0917, 0.0863, 0.0752, 0.0517, 0.0419],
        [0.2915, 0.0883, 0.0678, 0.0439, 0.0418, 0.0356],
        [0.1376, 0.1271, 0.0595, 0.0493, 0.0429, 0.0419],
        [0.1184, 0.1135, 0.0893, 0.0689, 0.0558, 0.0416],
        [0.2365, 0.1219, 0.0723, 0.0437, 0.0379, 0.0344],
        [0.2452, 0.1448, 0.1266, 0.0621, 0.0439, 0.0417],
        [0.3259, 0.0934, 0.0763, 0.0673, 0.0304, 0.0280],
        [0.1404, 0.1227, 0.0880, 0.0680, 0.0612, 0.0608]])

----------------indices-----------------
torch.Size([64, 6])
tensor([[30, 46, 18, 29,  1, 15],
        [35, 48, 27, 54, 39,  7],
        [58, 37, 13, 55, 42, 49],
        [63, 58, 13, 55, 49, 32],
        [25, 23,  7, 34, 17,  4],
        [ 1, 24, 47,  6, 50, 21],
        [52, 44,  5, 12, 61, 46],
        [51, 41, 43, 12, 46, 37],
        [58, 63, 56,  9, 27, 49],
        [26, 10, 20, 50, 31, 36],
        [37, 39, 10, 21, 51,  7],
        [26, 27, 20, 10, 50, 41],
        [46, 10, 20, 31, 41, 26],
        [56, 32,  8,  1, 47, 46],
        [33, 27, 35, 38, 53, 56],
        [ 9,  6, 23,  7, 17, 19],
        [37, 47, 33, 49, 52, 55],
        [17, 53, 14, 27, 56, 11],
        [37, 29, 49, 51, 58, 13],
        [ 5, 34, 46, 12, 43, 19],
        [60, 38, 33, 40,  5, 44],
        [40, 27, 60, 53,  5, 11],
        [11, 14,  9, 18,  7, 57],
        [37, 51, 49, 29, 55,  2],
        [ 5, 14, 63,  9, 36, 56],
        [32, 22, 24, 50, 62, 46],
        [58, 28, 13, 55, 50, 49],
        [10,  7, 31, 50, 26, 41],
        [28, 24, 17, 56, 50, 54],
        [59,  6, 23, 21, 54, 47],
        [ 9, 63, 55, 58, 49, 47],
        [11,  9, 56, 30, 53, 18],
        [62, 22, 46, 15,  4, 50],
        [59,  6, 35, 21, 54, 23],
        [10, 31, 20,  2, 38, 41],
        [45, 30, 11, 18, 33,  5],
        [43,  5, 57, 35, 12, 61],
        [ 5, 12, 44, 33, 57, 34],
        [ 1, 32, 24, 36, 54, 48],
        [21, 10, 39, 17, 48, 59],
        [43, 12,  5, 61, 35, 33],
        [25, 39, 23,  7, 18, 48],
        [27,  9, 44, 51, 63, 13],
        [37, 49, 51, 46, 18, 29],
        [46, 22,  0, 15,  1, 32],
        [ 0, 34, 12, 19,  4, 25],
        [37, 55, 63, 49, 13, 58],
        [ 6, 63, 59, 35, 49,  2],
        [37, 28, 51, 58, 55, 26],
        [56, 44, 57,  9, 53, 45],
        [32,  1,  2, 56, 47, 59],
        [54, 35, 48, 28, 42,  6],
        [27, 11, 14, 35,  8, 47],
        [38, 41, 10, 20, 42, 44],
        [14, 30, 18, 34, 25, 35],
        [33, 20, 10, 38, 57, 41],
        [37, 49, 63, 55, 58,  2],
        [ 6, 59, 47, 23, 13, 57],
        [ 1, 24, 50, 26, 21, 47],
        [11, 14, 27, 18, 17, 35],
        [22, 46, 62, 36, 51, 50],
        [12, 59, 43, 48,  5, 35],
        [ 0, 34, 19,  4, 60, 12],
        [20, 10,  0, 26, 31, 41]])
