============================================================
METADATA (9Th token of each sequence)
============================================================
Model: flame-moe-290m
Run ID: 31066
Epoch: 5473
Layer: 17
Token Position: 8 (9th)
Shards processed: 0-0.pt, 0-1.pt
Total sequences: 64
Sequence length: 512
============================================================

----------------samples-----------------
torch.Size([64])
tensor([  452,  3762,   309,   310,   247,   326,   407,  2139,  5020, 19916,
          187,     8,  1754,   247, 12103,   187,   187,    13,  2489,   310,
          703,  1309,  1495,    14,  3196,   352,  3045,   309,    15,   513,
          253,   187,  1682,  1519,   310, 14494,  5312, 10764,   323,   281,
         3365,  9787,   273,   816,   253, 11017,  1520,    13,   368,  2139,
           13, 28771,   387,  3430,  8344,  1142,  2489,    81, 17825,    13,
         1292,   285,  1032, 14003])

-----------------scores-----------------
torch.Size([64, 6])
tensor([[0.1054, 0.0951, 0.0942, 0.0491, 0.0478, 0.0417],
        [0.1341, 0.1331, 0.0970, 0.0745, 0.0474, 0.0306],
        [0.1304, 0.1259, 0.1125, 0.0903, 0.0551, 0.0417],
        [0.1092, 0.0798, 0.0789, 0.0769, 0.0515, 0.0315],
        [0.1322, 0.1273, 0.1001, 0.0976, 0.0643, 0.0624],
        [0.2933, 0.2842, 0.0601, 0.0325, 0.0234, 0.0232],
        [0.1702, 0.1654, 0.1512, 0.0840, 0.0631, 0.0422],
        [0.1448, 0.0916, 0.0716, 0.0586, 0.0331, 0.0320],
        [0.1187, 0.1141, 0.0794, 0.0780, 0.0552, 0.0492],
        [0.2894, 0.1871, 0.1093, 0.0686, 0.0594, 0.0466],
        [0.1836, 0.1246, 0.0748, 0.0745, 0.0321, 0.0279],
        [0.0925, 0.0824, 0.0771, 0.0751, 0.0650, 0.0511],
        [0.1232, 0.0744, 0.0574, 0.0568, 0.0558, 0.0502],
        [0.1646, 0.0729, 0.0686, 0.0528, 0.0435, 0.0396],
        [0.1846, 0.0731, 0.0726, 0.0487, 0.0400, 0.0390],
        [0.1323, 0.0749, 0.0567, 0.0515, 0.0452, 0.0436],
        [0.1508, 0.1115, 0.1013, 0.0860, 0.0392, 0.0333],
        [0.3976, 0.1298, 0.0695, 0.0320, 0.0311, 0.0288],
        [0.1817, 0.1590, 0.1413, 0.1049, 0.0646, 0.0409],
        [0.1705, 0.0640, 0.0479, 0.0476, 0.0439, 0.0439],
        [0.2721, 0.2253, 0.1468, 0.0450, 0.0371, 0.0217],
        [0.1203, 0.1185, 0.0477, 0.0456, 0.0418, 0.0406],
        [0.3938, 0.1314, 0.1065, 0.0564, 0.0480, 0.0245],
        [0.1273, 0.1081, 0.0803, 0.0519, 0.0380, 0.0372],
        [0.2364, 0.1955, 0.1314, 0.0373, 0.0335, 0.0327],
        [0.0983, 0.0975, 0.0913, 0.0826, 0.0628, 0.0605],
        [0.2147, 0.1630, 0.0905, 0.0710, 0.0533, 0.0346],
        [0.1809, 0.0796, 0.0734, 0.0725, 0.0655, 0.0484],
        [0.2620, 0.2353, 0.1269, 0.0554, 0.0257, 0.0182],
        [0.2551, 0.1069, 0.0805, 0.0800, 0.0666, 0.0418],
        [0.2132, 0.0839, 0.0817, 0.0645, 0.0619, 0.0413],
        [0.1499, 0.0935, 0.0771, 0.0577, 0.0522, 0.0493],
        [0.1798, 0.1360, 0.1163, 0.1044, 0.0637, 0.0460],
        [0.1824, 0.1565, 0.0536, 0.0504, 0.0452, 0.0367],
        [0.3859, 0.1375, 0.0631, 0.0599, 0.0466, 0.0259],
        [0.2442, 0.2243, 0.1527, 0.0303, 0.0261, 0.0234],
        [0.1371, 0.0821, 0.0732, 0.0724, 0.0619, 0.0529],
        [0.1859, 0.1063, 0.1038, 0.0831, 0.0592, 0.0394],
        [0.1323, 0.1277, 0.0953, 0.0655, 0.0625, 0.0465],
        [0.2611, 0.1710, 0.1096, 0.0424, 0.0298, 0.0251],
        [0.2039, 0.1780, 0.1448, 0.0905, 0.0646, 0.0257],
        [0.2335, 0.1386, 0.0859, 0.0592, 0.0471, 0.0449],
        [0.2287, 0.1881, 0.1191, 0.0682, 0.0391, 0.0251],
        [0.2562, 0.1204, 0.0413, 0.0411, 0.0293, 0.0272],
        [0.2203, 0.2195, 0.1044, 0.0948, 0.0478, 0.0472],
        [0.2300, 0.1362, 0.0500, 0.0405, 0.0391, 0.0385],
        [0.1666, 0.1555, 0.1113, 0.0557, 0.0474, 0.0396],
        [0.3395, 0.1258, 0.0557, 0.0509, 0.0222, 0.0209],
        [0.2092, 0.1564, 0.1489, 0.0400, 0.0388, 0.0313],
        [0.2235, 0.1041, 0.0846, 0.0460, 0.0453, 0.0429],
        [0.2608, 0.2059, 0.1022, 0.0367, 0.0238, 0.0221],
        [0.1680, 0.1628, 0.1500, 0.0576, 0.0453, 0.0280],
        [0.0939, 0.0932, 0.0648, 0.0592, 0.0550, 0.0470],
        [0.5391, 0.0560, 0.0547, 0.0291, 0.0285, 0.0172],
        [0.5331, 0.0929, 0.0523, 0.0433, 0.0199, 0.0181],
        [0.1583, 0.0903, 0.0824, 0.0709, 0.0574, 0.0405],
        [0.2265, 0.2116, 0.0814, 0.0710, 0.0622, 0.0489],
        [0.2854, 0.1680, 0.0937, 0.0592, 0.0387, 0.0363],
        [0.1102, 0.0747, 0.0692, 0.0602, 0.0518, 0.0493],
        [0.1074, 0.0820, 0.0765, 0.0464, 0.0462, 0.0460],
        [0.1008, 0.0699, 0.0557, 0.0552, 0.0471, 0.0371],
        [0.1711, 0.1281, 0.1088, 0.0689, 0.0592, 0.0547],
        [0.1214, 0.0704, 0.0687, 0.0419, 0.0412, 0.0386],
        [0.2013, 0.1168, 0.0540, 0.0520, 0.0429, 0.0396]])

----------------indices-----------------
torch.Size([64, 6])
tensor([[14, 34, 60, 45, 25, 55],
        [42, 40,  6, 57, 10, 39],
        [17, 52, 54, 34, 13, 19],
        [53, 11, 45, 48, 22, 60],
        [16, 52, 13, 38, 43, 17],
        [51, 30,  0,  3, 63, 23],
        [12,  2, 21, 36, 35, 29],
        [17, 23, 40, 47, 28, 52],
        [25, 17, 23, 36, 40, 52],
        [ 3, 20, 50,  8, 36, 15],
        [21, 12, 32,  4, 36, 55],
        [61, 10, 34,  1, 33, 14],
        [31, 15,  8, 20, 19, 50],
        [17, 52, 16, 24, 40, 33],
        [12,  2, 21, 36, 25, 29],
        [34,  1, 15, 45, 10, 22],
        [24, 63, 35, 40, 17, 23],
        [ 3, 50, 26, 61, 34, 33],
        [49, 44, 54,  0, 51,  4],
        [56, 19, 21, 12, 36, 48],
        [41,  2, 35, 36, 25, 24],
        [ 9, 18, 39,  0, 62, 43],
        [ 5, 16, 27, 31, 50,  8],
        [63, 11, 24, 35,  7, 40],
        [ 7, 47, 12,  5, 29,  2],
        [33, 10, 56, 14, 61, 59],
        [13, 38, 41, 16, 52, 43],
        [41, 12, 63, 21, 24, 35],
        [36,  2, 25, 21, 47, 35],
        [ 7, 13, 47, 54, 19, 43],
        [25, 13, 19, 17, 52, 20],
        [57, 41, 30, 46, 15, 58],
        [57,  3, 61, 33, 24, 26],
        [49, 38, 37,  4,  7, 51],
        [ 8, 15, 20, 50, 33, 18],
        [49,  4, 38, 37,  5, 11],
        [53, 11, 31, 58, 45, 15],
        [12, 21, 29, 36,  2, 56],
        [60, 32, 23, 63, 39, 42],
        [49,  4, 38, 37,  7,  8],
        [ 2, 25, 36, 29, 35, 47],
        [50, 62,  8, 20,  5, 44],
        [ 2, 36, 25, 35, 41, 15],
        [ 2, 23, 28, 42, 35, 41],
        [ 5, 50, 16, 31, 27, 33],
        [28,  9, 44, 43,  5, 51],
        [18, 43, 31, 38, 53, 60],
        [61, 26,  3, 35, 58, 47],
        [49,  4, 38, 37, 10, 11],
        [61,  1, 58, 10, 44, 33],
        [49,  4, 38, 37,  7,  5],
        [49,  4, 38, 37, 10, 11],
        [13, 52, 16, 38, 39, 19],
        [50,  8, 27,  0, 36, 30],
        [ 5, 50, 27, 16, 20, 36],
        [62, 29,  9, 15, 49, 44],
        [15,  8, 50, 18, 20, 31],
        [38,  7, 58, 54, 19, 52],
        [60, 63, 39, 23,  7, 49],
        [58, 59, 19, 26, 33,  1],
        [63, 24, 60, 32, 23, 42],
        [31, 43, 19, 53, 15, 48],
        [23, 32, 60, 50, 25,  5],
        [12,  2, 29, 21, 35, 36]])
