PIM Expert Operations - Total Cycles
Decoder-BS64/1st/pim/9
Note: 2 activation movements (fc1 and fc2)
BS16 - Activation divider: 128

--- Activation Movements ---
layer0.ffn.activation_movement_2: 1118 cycles
layer0.ffn.activation_movement_1: 1124 cycles
Total activation movement cycles: 2242
----------------------------

================================================================================
 Expert Number  fc1  gelu  fc2  total compute
             0 2865    28 2851           5744
             1 2865    43 2865           5773
             2 2865    30 2851           5746
             3 2866    42 2854           5762
             4 2898    29 2865           5792
             5 2865    42 2865           5772
             6 2986    28 2836           5850
             7 2865    45 2865           5775
             8 3099    28 2836           5963
             9 2865    44 2866           5775
            10 3061    29 2836           5926
            12 2865    45 2865           5775
            13 3058    28 2851           5937
            15 2865    43 2866           5774
            16 3042    29 2836           5907
            17 2865    43 2865           5773
            19 3060    30 2852           5942
            20 2865    42 2865           5772
            21 3042    31 2852           5925
            23 2865    42 2854           5761
            24 3050    44 2851           5945
            25 2865    42 2865           5772
            27 3025    28 2852           5905
            29 2835    42 2865           5742
            31 3073    30 2851           5954
            32 2842    42 2865           5749
            33 3061    29 2836           5926
            35 2865    44 2865           5774
            36 3066    31 2851           5948
            37 2865    42 2865           5772
            38 3044    29 2851           5924
            40 2865    43 2865           5773
            41 3044    29 2851           5924
            42 2865    42 2865           5772
            43 3042    29 2851           5922
            44 2865    42 2854           5761
            45 3058    43 2851           5952
            47 2842    45 2865           5752
            48 3043    29 2851           5923
            49 2865    42 2854           5761
            51 3059    29 2851           5939
            52 2865    44 2865           5774
            53 3037    29 2836           5902
            54 2865    42 2865           5772
            55 3065    28 2836           5929
            56 2836    43 2865           5744
            59 3088    28 2851           5967
            61 2865    43 2854           5762
            63 3027    29 2851           5907