============================================================
METADATA (5Th token of each sequence)
============================================================
Model: flame-moe-290m
Run ID: 31066
Epoch: 5473
Layer: 9
Token Position: 4 (5th)
Shards processed: 0-0.pt, 0-1.pt
Total sequences: 64
Sequence length: 512
============================================================

----------------samples-----------------
torch.Size([64])
tensor([  247,   253,   275,   326, 11403,   281,   280,   187,   285, 10280,
           15,  3655,   864,  4439,  2825,  9214, 26940,   247,    79,   187,
         3416,    13,  8750,  4345,   659,    13,   253, 48717,   281,   310,
          387,   588,  1333,  1469,    13,   985,   562,   751,  9549, 10861,
          510,  2954,  7673,  5286,   187,    13,  2756,   273, 31910, 28190,
         3378, 10309,  4620, 47693, 34703,  4942,   521,   733,  2506,  1320,
        30254,   616, 13958, 35328])

-----------------scores-----------------
torch.Size([64, 6])
tensor([[0.2250, 0.1138, 0.0621, 0.0576, 0.0405, 0.0376],
        [0.1217, 0.1199, 0.0509, 0.0377, 0.0369, 0.0327],
        [0.3851, 0.1822, 0.1738, 0.0424, 0.0331, 0.0246],
        [0.1886, 0.1436, 0.1186, 0.1076, 0.0576, 0.0524],
        [0.1073, 0.0796, 0.0795, 0.0516, 0.0377, 0.0367],
        [0.3356, 0.1552, 0.1160, 0.1006, 0.0278, 0.0244],
        [0.1512, 0.0876, 0.0755, 0.0482, 0.0452, 0.0407],
        [0.7836, 0.0222, 0.0185, 0.0164, 0.0163, 0.0135],
        [0.2702, 0.1814, 0.0953, 0.0723, 0.0250, 0.0165],
        [0.3574, 0.1727, 0.1160, 0.0253, 0.0244, 0.0226],
        [0.1775, 0.1396, 0.1292, 0.0928, 0.0706, 0.0401],
        [0.1249, 0.0738, 0.0626, 0.0560, 0.0544, 0.0543],
        [0.1389, 0.1357, 0.1196, 0.0613, 0.0552, 0.0283],
        [0.1510, 0.0441, 0.0373, 0.0344, 0.0334, 0.0325],
        [0.3196, 0.1578, 0.1177, 0.0672, 0.0336, 0.0213],
        [0.1688, 0.1135, 0.0542, 0.0413, 0.0376, 0.0340],
        [0.1481, 0.0793, 0.0725, 0.0719, 0.0642, 0.0533],
        [0.1141, 0.1031, 0.0978, 0.0738, 0.0700, 0.0591],
        [0.2023, 0.1123, 0.1107, 0.0934, 0.0607, 0.0551],
        [0.1291, 0.1127, 0.0909, 0.0865, 0.0682, 0.0351],
        [0.1805, 0.1659, 0.1496, 0.0427, 0.0357, 0.0257],
        [0.2344, 0.0616, 0.0485, 0.0478, 0.0395, 0.0359],
        [0.1585, 0.1146, 0.1006, 0.0735, 0.0441, 0.0374],
        [0.1877, 0.1379, 0.1179, 0.0568, 0.0408, 0.0346],
        [0.1597, 0.1252, 0.0955, 0.0701, 0.0626, 0.0615],
        [0.1513, 0.1311, 0.0962, 0.0844, 0.0376, 0.0363],
        [0.2009, 0.1183, 0.0811, 0.0728, 0.0300, 0.0293],
        [0.1759, 0.1342, 0.1261, 0.0449, 0.0440, 0.0437],
        [0.1525, 0.0839, 0.0606, 0.0504, 0.0478, 0.0449],
        [0.1131, 0.1082, 0.0573, 0.0460, 0.0368, 0.0335],
        [0.1169, 0.0845, 0.0573, 0.0544, 0.0509, 0.0299],
        [0.3035, 0.1949, 0.1483, 0.0740, 0.0649, 0.0245],
        [0.1825, 0.1527, 0.0827, 0.0468, 0.0423, 0.0412],
        [0.3550, 0.1090, 0.0983, 0.0735, 0.0337, 0.0276],
        [0.2111, 0.1559, 0.0540, 0.0503, 0.0400, 0.0357],
        [0.0817, 0.0774, 0.0641, 0.0485, 0.0474, 0.0443],
        [0.0999, 0.0849, 0.0508, 0.0458, 0.0417, 0.0397],
        [0.0849, 0.0580, 0.0572, 0.0384, 0.0331, 0.0314],
        [0.2595, 0.0943, 0.0740, 0.0393, 0.0369, 0.0306],
        [0.2797, 0.1454, 0.0645, 0.0491, 0.0462, 0.0366],
        [0.1669, 0.0641, 0.0595, 0.0535, 0.0470, 0.0402],
        [0.1009, 0.0791, 0.0788, 0.0710, 0.0399, 0.0278],
        [0.6584, 0.0464, 0.0360, 0.0232, 0.0176, 0.0169],
        [0.1378, 0.0853, 0.0695, 0.0689, 0.0685, 0.0512],
        [0.0872, 0.0753, 0.0627, 0.0595, 0.0539, 0.0494],
        [0.1043, 0.0879, 0.0853, 0.0593, 0.0434, 0.0403],
        [0.1363, 0.1119, 0.1115, 0.0724, 0.0412, 0.0402],
        [0.1291, 0.1249, 0.1227, 0.0655, 0.0338, 0.0329],
        [0.2531, 0.1621, 0.1253, 0.0914, 0.0637, 0.0591],
        [0.2001, 0.1478, 0.0649, 0.0426, 0.0348, 0.0288],
        [0.1765, 0.1536, 0.1183, 0.0609, 0.0499, 0.0472],
        [0.1517, 0.0815, 0.0585, 0.0582, 0.0296, 0.0293],
        [0.2025, 0.0625, 0.0458, 0.0429, 0.0420, 0.0358],
        [0.1128, 0.0917, 0.0523, 0.0487, 0.0452, 0.0409],
        [0.0965, 0.0899, 0.0839, 0.0501, 0.0388, 0.0356],
        [0.1074, 0.1046, 0.1039, 0.0811, 0.0352, 0.0267],
        [0.3291, 0.1121, 0.0656, 0.0371, 0.0365, 0.0329],
        [0.1686, 0.0775, 0.0690, 0.0593, 0.0459, 0.0443],
        [0.2408, 0.1774, 0.1518, 0.0605, 0.0441, 0.0428],
        [0.1133, 0.0910, 0.0817, 0.0413, 0.0405, 0.0292],
        [0.1306, 0.0843, 0.0790, 0.0764, 0.0715, 0.0481],
        [0.0774, 0.0699, 0.0598, 0.0499, 0.0364, 0.0362],
        [0.1720, 0.1649, 0.1128, 0.0789, 0.0656, 0.0478],
        [0.1814, 0.1705, 0.1059, 0.0752, 0.0539, 0.0390]])

----------------indices-----------------
torch.Size([64, 6])
tensor([[48, 31, 33, 18, 39, 53],
        [22, 59, 26, 63,  1, 14],
        [51, 30,  0, 37, 10, 54],
        [54,  0, 44, 49, 51, 30],
        [ 6, 40, 10, 42, 25, 47],
        [30,  0, 51, 10, 54, 16],
        [60, 42, 40, 32, 63,  6],
        [50,  8, 15,  5, 36, 25],
        [ 4, 49, 37, 38,  7, 54],
        [23, 36, 25,  2, 33, 27],
        [12, 36, 21,  2, 35, 29],
        [39, 37, 31, 48,  1, 53],
        [22,  1, 59, 48, 53, 31],
        [42,  6, 39, 23, 35, 63],
        [47, 25, 29, 61, 12,  2],
        [20,  6, 17, 42, 39, 24],
        [13, 16, 17,  6, 23, 57],
        [14, 34, 11,  1, 45, 22],
        [43, 31, 13, 60, 48, 53],
        [11, 63, 60,  7, 24, 35],
        [49,  4, 38, 37, 11,  5],
        [17,  6, 38, 16, 24, 23],
        [31, 53, 48, 15, 62, 33],
        [49, 37,  4,  7, 38, 39],
        [62,  8, 18, 44, 20, 50],
        [63, 24,  7, 11, 41, 37],
        [34, 11, 14, 45, 19, 17],
        [37, 17, 39, 41,  6, 15],
        [39, 10, 31, 48, 49, 56],
        [17, 13, 52, 28, 43, 40],
        [32, 63, 42, 24, 56, 60],
        [36, 25, 47, 29,  2, 56],
        [31, 48, 33, 20, 19, 53],
        [50, 16,  5,  8, 27, 30],
        [56, 49, 55, 39,  9, 18],
        [53,  1, 45, 60, 34,  0],
        [ 6, 40, 57, 30, 54,  0],
        [39, 56, 37, 18, 60, 13],
        [48, 53, 19, 59, 34, 20],
        [28,  9, 43, 13, 17, 55],
        [56,  1, 59, 53, 12, 36],
        [40, 42,  6, 57, 10, 33],
        [55, 44,  9,  0, 51, 34],
        [63, 40, 24, 19, 35, 58],
        [ 1, 53, 22, 45,  0, 11],
        [19, 34, 17, 54, 13, 23],
        [52, 54, 47, 55, 23, 19],
        [ 6, 25, 40, 19, 55, 46],
        [ 2, 36, 20, 35, 25, 12],
        [28,  9, 53, 19, 31, 56],
        [ 8, 44, 50, 20, 10,  5],
        [ 4, 30, 42, 25, 37, 33],
        [49,  9, 48, 22, 31, 37],
        [37,  6, 39, 19, 41, 46],
        [49, 37, 24,  7, 40, 63],
        [39,  7, 37, 49, 41, 24],
        [30, 57, 23, 58,  6, 41],
        [ 1, 53, 22, 34, 14, 48],
        [47, 25, 29, 36, 56,  2],
        [ 6, 17, 23, 19, 24, 13],
        [ 8, 50,  5, 44, 20, 27],
        [42,  6, 57, 60, 39, 30],
        [35, 24, 40, 63, 36, 19],
        [35, 37,  4, 36, 49, 24]])
