PIM Expert Operations - Total Cycles
Decoder-BS64/8th/pim/3
Note: 2 activation movements (fc1 and fc2)
BS16 - Activation divider: 128

--- Activation Movements ---
layer0.ffn.activation_movement_2: 1118 cycles
layer0.ffn.activation_movement_1: 1124 cycles
Total activation movement cycles: 2242
----------------------------

================================================================================
 Expert Number  fc1  gelu  fc2  total compute
             2 2865    29 2851           5745
             3 2866    42 2865           5773
             4 2865    30 2851           5746
             5 2866    43 2865           5774
             7 2884    44 2865           5793
             8 2865    42 2866           5773
             9 3014    28 2852           5894
            10 2865    43 2865           5773
            11 3019    28 2851           5898
            12 2865    42 2854           5761
            14 3083    30 2851           5964
            15 2865    42 2865           5772
            16 3022    28 2836           5886
            17 2842    43 2865           5750
            18 3057    28 2851           5936
            19 2865    42 2854           5761
            20 3105    30 2851           5986
            21 2865    43 2865           5773
            22 3036    43 2865           5944
            23 2865    42 2865           5772
            25 3016    29 2836           5881
            26 2865    42 2865           5772
            28 3059    29 2851           5939
            29 2846    44 2865           5755
            30 3064    29 2851           5944
            31 5681   301 5667          11649
            32 2865    42 2865           5772
            33 3094    28 2851           5973
            34 2865    43 2866           5774
            35 3039    28 2836           5903
            36 2865    44 2866           5775
            37 3057    29 2836           5922
            38 2865    42 2865           5772
            39 3064    28 2836           5928
            40 5658    46 5927          11631
            41 2865    43 2865           5773
            44 3127    29 2851           6007
            45 2865    42 2865           5772
            46 3038    29 2836           5903
            48 2866    43 2865           5774
            49 3057    29 2851           5937
            50 2865    42 2865           5772
            51 3047    28 2851           5926
            53 2865    42 2866           5773
            55 3046    28 2835           5909
            57 2865    43 2865           5773
            58 3060    28 2836           5924
            59 2836    42 2865           5743
            60 3088    31 2851           5970
            62 2865    42 2865           5772
            63 3044    31 2851           5926