============================================================
METADATA (8Th token of each sequence)
============================================================
Model: flame-moe-290m
Run ID: 31066
Epoch: 5473
Layer: 15
Token Position: 7 (8th)
Shards processed: 0-0.pt, 0-1.pt
Total sequences: 64
Sequence length: 512
============================================================

----------------samples-----------------
torch.Size([64])
tensor([ 7826,     3,    13,  1445,   347,   533, 35954,   310,   253,   275,
           70,   249,   310,   342,   452,   187,    15,  4633,  3513, 44853,
          347,  1897,   253,  1249,    84,  1908,   521,  5810,  7108,   368,
          273,   187,   395,    40,   326,  2455,   253,  1052,  9894,  7479,
          476,  4668,     6,   352,   715,   261,  6995,  1495,   390,   310,
        43728,   475,   250,    13,   309,   533,   569, 33804,   253,  4957,
         5402,    13,   288,  1361])

-----------------scores-----------------
torch.Size([64, 6])
tensor([[0.0477, 0.0440, 0.0330, 0.0288, 0.0287, 0.0285],
        [0.1790, 0.1772, 0.1021, 0.0819, 0.0657, 0.0399],
        [0.1572, 0.1259, 0.0428, 0.0418, 0.0369, 0.0241],
        [0.1932, 0.1257, 0.0660, 0.0628, 0.0567, 0.0469],
        [0.2280, 0.0885, 0.0536, 0.0426, 0.0360, 0.0286],
        [0.1031, 0.0981, 0.0531, 0.0342, 0.0342, 0.0338],
        [0.2333, 0.1016, 0.0761, 0.0357, 0.0342, 0.0319],
        [0.1439, 0.1216, 0.1163, 0.0760, 0.0723, 0.0424],
        [0.0851, 0.0777, 0.0723, 0.0607, 0.0515, 0.0448],
        [0.2833, 0.0712, 0.0577, 0.0449, 0.0438, 0.0332],
        [0.2888, 0.1755, 0.0520, 0.0458, 0.0289, 0.0244],
        [0.2275, 0.0928, 0.0542, 0.0405, 0.0360, 0.0298],
        [0.2347, 0.0995, 0.0754, 0.0609, 0.0449, 0.0410],
        [0.0867, 0.0696, 0.0554, 0.0549, 0.0504, 0.0425],
        [0.1063, 0.1006, 0.0911, 0.0572, 0.0369, 0.0296],
        [0.2153, 0.1253, 0.0934, 0.0344, 0.0218, 0.0218],
        [0.1376, 0.0938, 0.0849, 0.0456, 0.0380, 0.0360],
        [0.1379, 0.1153, 0.0804, 0.0686, 0.0465, 0.0431],
        [0.1214, 0.0855, 0.0738, 0.0594, 0.0425, 0.0403],
        [0.2384, 0.1244, 0.0652, 0.0321, 0.0279, 0.0233],
        [0.3034, 0.1023, 0.0571, 0.0523, 0.0522, 0.0358],
        [0.1829, 0.1255, 0.0972, 0.0875, 0.0461, 0.0450],
        [0.1962, 0.1459, 0.0744, 0.0422, 0.0256, 0.0253],
        [0.1111, 0.0917, 0.0858, 0.0516, 0.0489, 0.0444],
        [0.1498, 0.1232, 0.1063, 0.0358, 0.0354, 0.0278],
        [0.2115, 0.1131, 0.0762, 0.0723, 0.0626, 0.0510],
        [0.1663, 0.1051, 0.0847, 0.0572, 0.0513, 0.0382],
        [0.2061, 0.1861, 0.0720, 0.0598, 0.0351, 0.0315],
        [0.3018, 0.1261, 0.0776, 0.0765, 0.0451, 0.0260],
        [0.0984, 0.0916, 0.0722, 0.0599, 0.0480, 0.0405],
        [0.1613, 0.0658, 0.0515, 0.0435, 0.0405, 0.0355],
        [0.1804, 0.1265, 0.0659, 0.0620, 0.0559, 0.0410],
        [0.1051, 0.0909, 0.0750, 0.0495, 0.0329, 0.0306],
        [0.2684, 0.0957, 0.0512, 0.0404, 0.0329, 0.0323],
        [0.1567, 0.1284, 0.0718, 0.0359, 0.0348, 0.0340],
        [0.1540, 0.1209, 0.0847, 0.0595, 0.0456, 0.0334],
        [0.2015, 0.0762, 0.0436, 0.0325, 0.0320, 0.0259],
        [0.1788, 0.0695, 0.0500, 0.0370, 0.0331, 0.0285],
        [0.3403, 0.0838, 0.0450, 0.0428, 0.0322, 0.0262],
        [0.1750, 0.0530, 0.0501, 0.0453, 0.0416, 0.0404],
        [0.2013, 0.1167, 0.0971, 0.0610, 0.0561, 0.0379],
        [0.2405, 0.0926, 0.0567, 0.0524, 0.0448, 0.0410],
        [0.1909, 0.1145, 0.1087, 0.0890, 0.0850, 0.0392],
        [0.1301, 0.1129, 0.1001, 0.0637, 0.0463, 0.0315],
        [0.2448, 0.1025, 0.0858, 0.0508, 0.0327, 0.0311],
        [0.1899, 0.0884, 0.0518, 0.0472, 0.0448, 0.0418],
        [0.1889, 0.0821, 0.0633, 0.0462, 0.0421, 0.0261],
        [0.1381, 0.1056, 0.1025, 0.0889, 0.0627, 0.0548],
        [0.1715, 0.0947, 0.0740, 0.0539, 0.0531, 0.0415],
        [0.2668, 0.0933, 0.0487, 0.0444, 0.0437, 0.0392],
        [0.0861, 0.0790, 0.0634, 0.0501, 0.0494, 0.0440],
        [0.1467, 0.1316, 0.1148, 0.0974, 0.0702, 0.0454],
        [0.1181, 0.0889, 0.0533, 0.0423, 0.0373, 0.0352],
        [0.2203, 0.1029, 0.0448, 0.0383, 0.0371, 0.0358],
        [0.2685, 0.1827, 0.1020, 0.0530, 0.0377, 0.0374],
        [0.1836, 0.0791, 0.0695, 0.0665, 0.0616, 0.0571],
        [0.1327, 0.1260, 0.0870, 0.0477, 0.0358, 0.0293],
        [0.2711, 0.0558, 0.0554, 0.0443, 0.0368, 0.0334],
        [0.0849, 0.0730, 0.0707, 0.0651, 0.0555, 0.0359],
        [0.1145, 0.0961, 0.0783, 0.0752, 0.0624, 0.0466],
        [0.2070, 0.1059, 0.0532, 0.0410, 0.0374, 0.0374],
        [0.1272, 0.0943, 0.0798, 0.0717, 0.0481, 0.0470],
        [0.1084, 0.0873, 0.0691, 0.0660, 0.0626, 0.0488],
        [0.1376, 0.1000, 0.0580, 0.0453, 0.0396, 0.0360]])

----------------indices-----------------
torch.Size([64, 6])
tensor([[ 0, 47, 33,  5, 40,  6],
        [20, 17, 25, 43, 16, 35],
        [ 6, 32,  2,  9,  8, 61],
        [29, 54, 53, 46, 34, 32],
        [ 0, 60,  7,  2, 14,  5],
        [18, 48, 60,  0, 19, 44],
        [21, 12,  2, 31, 32, 57],
        [34, 54, 29, 23, 49, 12],
        [46, 31, 48, 39, 14, 18],
        [21,  2,  0, 31,  3, 16],
        [34, 54, 51, 38, 61,  5],
        [ 0, 60, 24, 19,  7, 14],
        [62, 14, 38, 15, 37, 26],
        [59, 58, 13, 43, 26, 45],
        [16, 25, 17, 19,  0, 35],
        [19, 18, 24, 17,  0, 48],
        [62, 59, 18, 49, 43, 45],
        [55, 57, 56, 52, 42, 12],
        [50, 49, 52, 30, 35, 18],
        [28, 19,  9, 50, 32, 55],
        [17, 43, 48, 35, 20, 39],
        [56, 57, 42, 36, 55,  4],
        [19, 28, 50, 35, 58, 49],
        [42,  3, 57,  1, 55, 27],
        [ 2, 10, 21,  0,  5, 12],
        [56, 36, 57,  4, 55, 52],
        [23, 54, 34, 46, 12, 51],
        [54, 29, 23, 13, 34, 46],
        [ 6,  1, 22, 47, 11,  7],
        [13, 54,  0,  7, 14, 34],
        [52, 12,  3, 36, 58, 20],
        [ 6, 39, 16, 19, 20, 22],
        [54, 40, 34, 53, 23,  5],
        [62, 38, 26, 16, 37, 63],
        [21,  2, 12, 22, 33, 45],
        [23, 13, 54, 29, 60,  0],
        [55, 57, 56, 22, 52, 19],
        [ 1, 58, 20,  3, 35, 42],
        [19, 28, 16, 35,  3, 50],
        [58,  8, 44, 39, 56, 57],
        [14, 39, 43, 46, 48, 20],
        [23, 54, 51, 24, 15,  9],
        [52, 56, 55, 36,  4, 42],
        [54, 23, 29, 13, 41, 60],
        [59, 10, 53, 18, 11, 45],
        [59, 49, 58, 18, 30,  8],
        [58, 44,  8, 42, 59, 13],
        [48, 49, 28,  8, 35, 40],
        [ 0, 47, 14, 60, 43, 17],
        [23, 54, 51, 41, 34, 24],
        [39, 46, 14, 18, 25, 17],
        [55, 52, 56, 36, 42,  4],
        [10, 28, 19, 30, 52, 36],
        [62, 16, 49, 30, 37,  8],
        [ 4, 57, 55, 22, 17, 47],
        [43, 39, 33, 24, 17, 14],
        [35,  1, 61,  3,  9, 27],
        [27, 57, 47, 55, 42,  1],
        [ 4,  5, 60, 54, 34, 21],
        [56, 22, 42, 27, 33, 57],
        [ 0,  2,  5,  7,  3, 14],
        [49, 19, 41, 50, 63, 45],
        [26, 50, 63, 13, 37, 41],
        [37, 30, 50, 49, 38, 63]])
