PIM Expert Operations - Total Cycles
Decoder-BS64/9th/pim/2
Note: 2 activation movements (fc1 and fc2)
BS16 - Activation divider: 128

--- Activation Movements ---
layer0.ffn.activation_movement_2: 1118 cycles
layer0.ffn.activation_movement_1: 1124 cycles
Total activation movement cycles: 2242
----------------------------

================================================================================
 Expert Number  fc1  gelu  fc2  total compute
             1 2865    29 2851           5745
             2 2866    42 2865           5773
             3 2865    28 2851           5744
             4 2865    42 2865           5772
             5 2888    29 2836           5753
             6 2866    43 2865           5774
             7 3034    30 2851           5915
             9 2865    43 2854           5762
            10 3075    30 2851           5956
            12 2865    44 2865           5774
            13 3045    29 2851           5925
            14 2865    42 2854           5761
            15 3058    29 2851           5938
            16 2865    43 2865           5773
            17 3041    28 2851           5920
            18 2835    42 2865           5742
            19 3077    29 2851           5957
            20 2865    43 2865           5773
            21 3024    30 2851           5905
            22 2865    42 2865           5772
            23 3056    29 2854           5939
            25 2865    42 2865           5772
            26 3006    29 2851           5886
            27 2846    43 2866           5755
            28 3095    29 2836           5960
            29 2865    42 2865           5772
            31 3065    30 2851           5946
            32 2866    42 2865           5773
            33 3040    28 2851           5919
            35 2865    43 2865           5773
            36 3008    30 2851           5889
            37 2865    42 2865           5772
            38 3082    28 2836           5946
            39 2865    44 2865           5774
            40 3056    28 2851           5935
            41 2846    45 2865           5756
            44 3057    28 2851           5936
            45 2865    43 2865           5773
            46 3043    30 2851           5924
            47 2866    44 2865           5775
            48 3040    30 2851           5921
            50 2865    43 2865           5773
            51 3046    28 2836           5910
            52 2865    42 2865           5772
            54 3027    28 2851           5906
            55 2865    42 2865           5772
            56 3081    28 2835           5944
            58 2865    45 2865           5775
            59 3056    29 2852           5937
            61 2865    43 2854           5762
            62 3055    29 2851           5935