Expert Operations - Total Cycles
================================================================================
 Expert Number  param_load  fc1  gelu  fc2  total compute
             0      353536 2810   242 2810           5862
             1      353600 1610   143 1610           3363
             2      353536 2809   242 2810           5861
             3      353536 1657   144 1658           3459
             4      353536 2521   218 2522           5261
             5      353600 1753   155 1754           3662
             6      353600 1945   168 1946           4059
             7      353536 2857   246 2857           5960
             8      353600 2138   185 2138           4461
             9      353536 2522   218 2522           5262
            10      353536 1850   162 1849           3861
            11      353536 2330   203 2330           4863
            12      353536 2474   213 2474           5161
            13      353536 2329   203 2330           4862
            14      353536 2521   218 2521           5260
            15      353536 1753   155 1753           3661
            16      353536 2329   203 2330           4862
            17      353536 3194   272 3194           6660
            18      353536 2617   227 2618           5462
            19      353536 2330   201 2330           4861
            20      353536 3001   257 3001           6259
            21      353536 2377   205 2378           4960
            22      353536 2521   216 2522           5259
            23      353536 2090   180 2090           4360
            24      353536 2233   193 2234           4660
            25      353536 2953   255 2954           6162
            26      353536 2521   219 2521           5261
            27      353536 1178   107 1178           2463
            28      353536 2186   189 2186           4561
            29      353536 2377   207 2378           4962
            30      353536 2137   187 2138           4462
            31      353600 2425   211 2426           5062
            32      353600 2809   243 2809           5861
            33      353536 2665   230 2666           5561
            34      353536 2569   223 2570           5362
            35      353536 2713   233 2714           5660
            36      353536 2425   211 2426           5062
            37      353536 2330   203 2330           4863
            38      353536 2090   182 2090           4362
            39      353600 2329   203 2330           4862
            40      353536 2425   208 2426           5059
            41      353536 2137   186 2138           4461
            42      353536 2377   205 2378           4960
            43      353536 1994   175 1994           4163
            44      353536 2473   213 2473           5159
            45      353536 2618   226 2617           5461
            46      353536 2378   204 2378           4960
            47      353536 2281   196 2282           4759
            48      353536 2665   228 2666           5559
            49      353536 2186   190 2185           4561
            50      353536 1753   154 1754           3661
            51      353536 2185   191 2186           4562
            52      353536 2138   185 2138           4461
            53      353536 2378   207 2378           4963
            54      353536 2713   234 2714           5661
            55      353536 2329   200 2330           4859
            56      353536 1129   103 1130           2362
            57      353536 2233   195 2234           4662
            58      353536 2761   239 2761           5761
            59      353536 2378   207 2378           4963
            60      353536 2185   189 2186           4560
            61      353536 2186   189 2186           4561
            62      353536 3337   285 3338           6960
            63      353536 2425   211 2426           5062