PIM Expert Operations - Total Cycles
Decoder-BS64/8th/pim/9
Note: 2 activation movements (fc1 and fc2)
BS16 - Activation divider: 128

--- Activation Movements ---
layer0.ffn.activation_movement_1: 1124 cycles
layer0.ffn.activation_movement_2: 1118 cycles
Total activation movement cycles: 2242
----------------------------

================================================================================
 Expert Number  fc1  gelu  fc2  total compute
             0 2865    28 2851           5744
             1 2865    45 2865           5775
             3 2865    28 2851           5744
             4 2865    44 2865           5774
             5 2885    42 2865           5792
             7 2865    43 2867           5775
             9 3015    28 2851           5894
            11 5666   354 5681          11701
            13 2865    42 2854           5761
            14 5875    47 5667          11589
            15 2865    29 2836           5730
            16 2866    43 2865           5774
            17 2851    44 2865           5760
            19 2865    42 2865           5772
            22 2851    43 2865           5759
            23 2865    44 2865           5774
            24 2851    43 2866           5760
            25 2865    43 2865           5773
            26 2851    42 2854           5747
            27 2865   205 2865           5935
            28 2851    43 2865           5759
            30 2865   208 2854           5927
            31 2851    42 2865           5758
            33 2865   220 2855           5940
            34 5668    48 5681          11397
            37 2865    43 2865           5773
            38 2865    30 2851           5746
            40 2865    44 2865           5774
            41 2865    28 2851           5744
            42 2865    42 2854           5761
            44 2866    28 2851           5745
            45 5682    95 5681          11458
            46 2865    44 2865           5774
            47 3081    44 2851           5976
            48 2865    43 2865           5773
            49 3022    29 2851           5902
            52 2865    43 2865           5773
            54 3043    28 2836           5907
            55 2865    42 2865           5772
            57 3065    29 2836           5930
            58 2865    42 2865           5772
            59 3057    30 2851           5938
            60 2865    42 2865           5772
            61 3045    28 2836           5909
            63 2850    42 2865           5757