============================================================
METADATA (9Th token of each sequence)
============================================================
Model: flame-moe-290m
Run ID: 31066
Epoch: 5473
Layer: 2
Token Position: 8 (9th)
Shards processed: 0-0.pt, 0-1.pt
Total sequences: 64
Sequence length: 512
============================================================

----------------samples-----------------
torch.Size([64])
tensor([  452,  3762,   309,   310,   247,   326,   407,  2139,  5020, 19916,
          187,     8,  1754,   247, 12103,   187,   187,    13,  2489,   310,
          703,  1309,  1495,    14,  3196,   352,  3045,   309,    15,   513,
          253,   187,  1682,  1519,   310, 14494,  5312, 10764,   323,   281,
         3365,  9787,   273,   816,   253, 11017,  1520,    13,   368,  2139,
           13, 28771,   387,  3430,  8344,  1142,  2489,    81, 17825,    13,
         1292,   285,  1032, 14003])

-----------------scores-----------------
torch.Size([64, 6])
tensor([[0.0613, 0.0520, 0.0494, 0.0418, 0.0291, 0.0279],
        [0.0793, 0.0482, 0.0277, 0.0275, 0.0263, 0.0250],
        [0.0254, 0.0248, 0.0245, 0.0228, 0.0222, 0.0218],
        [0.0250, 0.0243, 0.0241, 0.0229, 0.0229, 0.0219],
        [0.0278, 0.0177, 0.0177, 0.0176, 0.0176, 0.0175],
        [0.0475, 0.0193, 0.0193, 0.0187, 0.0185, 0.0182],
        [0.0310, 0.0249, 0.0221, 0.0213, 0.0201, 0.0196],
        [0.0780, 0.0445, 0.0330, 0.0210, 0.0194, 0.0193],
        [0.0284, 0.0274, 0.0215, 0.0205, 0.0197, 0.0192],
        [0.0333, 0.0288, 0.0287, 0.0264, 0.0227, 0.0227],
        [0.0244, 0.0216, 0.0210, 0.0206, 0.0206, 0.0201],
        [0.0615, 0.0436, 0.0343, 0.0332, 0.0309, 0.0300],
        [0.0366, 0.0331, 0.0268, 0.0247, 0.0240, 0.0236],
        [0.0212, 0.0189, 0.0188, 0.0180, 0.0177, 0.0176],
        [0.0221, 0.0195, 0.0188, 0.0185, 0.0184, 0.0182],
        [0.0207, 0.0207, 0.0206, 0.0204, 0.0201, 0.0201],
        [0.0201, 0.0197, 0.0191, 0.0187, 0.0186, 0.0185],
        [0.0600, 0.0416, 0.0339, 0.0286, 0.0230, 0.0224],
        [0.0270, 0.0237, 0.0216, 0.0214, 0.0209, 0.0200],
        [0.0426, 0.0248, 0.0236, 0.0225, 0.0224, 0.0221],
        [0.0238, 0.0237, 0.0232, 0.0216, 0.0212, 0.0202],
        [0.0706, 0.0641, 0.0641, 0.0260, 0.0225, 0.0218],
        [0.0222, 0.0211, 0.0210, 0.0208, 0.0206, 0.0203],
        [0.0254, 0.0235, 0.0217, 0.0203, 0.0203, 0.0202],
        [0.0214, 0.0196, 0.0188, 0.0187, 0.0186, 0.0186],
        [0.0515, 0.0352, 0.0281, 0.0277, 0.0267, 0.0263],
        [0.0222, 0.0179, 0.0172, 0.0171, 0.0171, 0.0171],
        [0.0192, 0.0191, 0.0184, 0.0183, 0.0181, 0.0180],
        [0.0919, 0.0408, 0.0310, 0.0265, 0.0230, 0.0225],
        [0.0210, 0.0198, 0.0180, 0.0178, 0.0175, 0.0175],
        [0.0589, 0.0409, 0.0320, 0.0309, 0.0289, 0.0286],
        [0.0197, 0.0192, 0.0188, 0.0182, 0.0182, 0.0182],
        [0.0355, 0.0327, 0.0303, 0.0282, 0.0276, 0.0263],
        [0.0232, 0.0222, 0.0220, 0.0219, 0.0215, 0.0215],
        [0.0554, 0.0483, 0.0443, 0.0307, 0.0251, 0.0234],
        [0.0203, 0.0203, 0.0202, 0.0196, 0.0194, 0.0193],
        [0.0577, 0.0436, 0.0379, 0.0313, 0.0286, 0.0255],
        [0.0207, 0.0206, 0.0205, 0.0200, 0.0197, 0.0193],
        [0.0208, 0.0199, 0.0191, 0.0183, 0.0173, 0.0172],
        [0.0226, 0.0207, 0.0204, 0.0201, 0.0200, 0.0199],
        [0.0555, 0.0284, 0.0236, 0.0235, 0.0215, 0.0204],
        [0.0652, 0.0404, 0.0382, 0.0353, 0.0279, 0.0269],
        [0.0481, 0.0297, 0.0268, 0.0258, 0.0228, 0.0224],
        [0.0896, 0.0203, 0.0190, 0.0188, 0.0188, 0.0186],
        [0.0259, 0.0215, 0.0211, 0.0197, 0.0194, 0.0193],
        [0.0297, 0.0296, 0.0242, 0.0222, 0.0221, 0.0216],
        [0.0448, 0.0412, 0.0293, 0.0292, 0.0261, 0.0252],
        [0.0271, 0.0269, 0.0256, 0.0245, 0.0239, 0.0218],
        [0.0225, 0.0177, 0.0177, 0.0175, 0.0174, 0.0174],
        [0.0317, 0.0252, 0.0250, 0.0242, 0.0239, 0.0238],
        [0.0239, 0.0215, 0.0210, 0.0200, 0.0198, 0.0197],
        [0.0213, 0.0183, 0.0182, 0.0175, 0.0174, 0.0174],
        [0.0227, 0.0179, 0.0177, 0.0177, 0.0176, 0.0175],
        [0.0549, 0.0338, 0.0251, 0.0245, 0.0240, 0.0236],
        [0.0334, 0.0215, 0.0211, 0.0203, 0.0198, 0.0192],
        [0.0214, 0.0206, 0.0204, 0.0203, 0.0201, 0.0200],
        [0.1011, 0.0405, 0.0345, 0.0342, 0.0286, 0.0244],
        [0.0203, 0.0187, 0.0179, 0.0178, 0.0176, 0.0176],
        [0.0201, 0.0192, 0.0187, 0.0185, 0.0183, 0.0182],
        [0.0326, 0.0319, 0.0240, 0.0230, 0.0220, 0.0217],
        [0.0231, 0.0210, 0.0210, 0.0203, 0.0198, 0.0192],
        [0.0996, 0.0459, 0.0444, 0.0420, 0.0386, 0.0366],
        [0.0534, 0.0242, 0.0241, 0.0238, 0.0237, 0.0229],
        [0.0228, 0.0224, 0.0212, 0.0200, 0.0192, 0.0192]])

----------------indices-----------------
torch.Size([64, 6])
tensor([[21, 16, 17, 47, 28, 55],
        [20, 12, 56, 21, 31, 37],
        [61, 40, 21, 50, 45, 39],
        [56, 40, 46,  1, 54, 49],
        [ 1, 15, 42, 46, 53, 48],
        [59,  7, 28, 18, 38, 58],
        [40, 50, 45, 62, 53, 39],
        [ 6, 52, 58, 28, 44, 51],
        [28, 20, 10, 26, 29,  4],
        [14, 34,  7, 16, 40, 24],
        [62, 58, 27, 29, 55, 36],
        [16,  6, 55, 52, 33, 21],
        [63, 60,  8,  3, 56, 47],
        [ 1, 52, 48, 22, 63, 46],
        [ 7, 19,  1, 58, 53, 10],
        [15,  0, 50, 24, 25, 49],
        [34, 22, 61, 33, 53, 57],
        [ 6, 52, 58, 22, 46, 14],
        [48, 33, 46,  8, 63, 53],
        [55,  4, 13, 30, 26, 49],
        [26, 62, 58, 56, 19, 24],
        [44, 58,  5, 55,  9, 42],
        [45, 26, 43, 37, 24, 11],
        [ 8, 45, 57,  5, 49, 54],
        [32, 36,  9, 25, 15,  0],
        [45, 40, 39,  0, 21, 62],
        [ 1, 53, 46, 48, 29, 49],
        [10, 43,  1, 14, 22, 34],
        [52, 58,  6, 13, 24, 48],
        [38,  1, 59,  5, 50, 39],
        [38, 55,  4, 43,  5, 33],
        [62, 43, 46, 11, 25, 33],
        [28, 38, 34, 47,  4, 16],
        [18,  6,  8, 38, 29, 13],
        [42,  8, 34, 57, 53, 38],
        [49, 15,  5, 53, 58, 54],
        [ 5, 55, 47, 43, 33,  9],
        [22,  0, 15,  1, 61, 25],
        [40, 41, 23, 29, 30, 56],
        [20, 21, 39,  2, 13, 31],
        [23, 51, 57, 44, 15, 60],
        [28, 41,  9, 22, 23, 63],
        [23, 60,  6, 30, 54, 44],
        [26, 49, 50, 22, 31, 23],
        [34, 50, 57,  5, 22, 62],
        [17, 40, 58, 33, 57, 19],
        [57,  9, 60, 56,  0, 42],
        [40, 45, 30, 36, 10, 46],
        [31, 53,  8, 59, 22, 33],
        [60,  0, 44, 50, 23, 59],
        [ 2, 54, 61, 58, 10, 49],
        [31, 53,  3, 44, 33, 51],
        [ 1, 48, 42,  9, 59, 15],
        [12, 43, 42, 57, 48,  9],
        [43, 26, 39, 44, 37, 53],
        [39, 61, 54, 27, 62, 11],
        [14,  8,  5, 34,  3, 53],
        [38,  5,  1, 32, 57, 39],
        [23, 41,  2, 20, 25, 31],
        [55, 47, 29, 60,  0, 25],
        [63, 30,  8,  7,  4, 39],
        [55, 17,  8, 42,  5,  9],
        [11, 25,  8, 51,  7, 17],
        [34,  7, 46, 53, 25,  1]])
