============================================================
METADATA (6Th token of each sequence)
============================================================
Model: flame-moe-290m
Run ID: 31066
Epoch: 5473
Layer: 6
Token Position: 5 (6th)
Shards processed: 0-0.pt, 0-1.pt
Total sequences: 64
Sequence length: 512
============================================================

----------------samples-----------------
torch.Size([64])
tensor([ 5311, 29661,  9319,   253,   253,   320,  5092,   187,  1781,  4266,
         4033,    15,    32,   617, 20953,   323, 33680,  9058,   626,   187,
          665,   323,  2554,    13, 14065,   309,  3085,   512,   512,   752,
          253,   320,    13,    13,  2167,   309,    13,   281,   562,   403,
        10280,   342,   685,  2866,   187,   634,   187,   619,   570,    13,
         1294,  6662,   359,    13, 23899,  1698,   509,   457,   626,   273,
         2064,  5312,   285,    13])

-----------------scores-----------------
torch.Size([64, 6])
tensor([[0.0702, 0.0640, 0.0538, 0.0422, 0.0420, 0.0328],
        [0.1136, 0.0971, 0.0740, 0.0482, 0.0389, 0.0359],
        [0.1364, 0.0932, 0.0691, 0.0679, 0.0327, 0.0276],
        [0.1799, 0.0878, 0.0619, 0.0596, 0.0589, 0.0396],
        [0.1085, 0.0790, 0.0716, 0.0623, 0.0533, 0.0379],
        [0.1902, 0.1796, 0.0829, 0.0527, 0.0517, 0.0410],
        [0.1604, 0.1497, 0.1232, 0.0498, 0.0432, 0.0401],
        [0.0842, 0.0646, 0.0583, 0.0572, 0.0454, 0.0372],
        [0.1476, 0.0985, 0.0702, 0.0691, 0.0668, 0.0329],
        [0.1324, 0.0980, 0.0663, 0.0551, 0.0474, 0.0471],
        [0.2084, 0.1348, 0.0784, 0.0430, 0.0369, 0.0237],
        [0.1206, 0.1021, 0.0948, 0.0676, 0.0454, 0.0445],
        [0.1541, 0.1519, 0.0602, 0.0552, 0.0542, 0.0526],
        [0.1420, 0.0887, 0.0701, 0.0527, 0.0496, 0.0334],
        [0.1615, 0.0848, 0.0684, 0.0578, 0.0524, 0.0448],
        [0.1847, 0.0576, 0.0561, 0.0526, 0.0517, 0.0461],
        [0.1093, 0.0914, 0.0804, 0.0458, 0.0453, 0.0418],
        [0.1871, 0.1415, 0.1088, 0.0539, 0.0496, 0.0439],
        [0.1255, 0.1239, 0.1112, 0.0603, 0.0544, 0.0521],
        [0.1017, 0.0946, 0.0725, 0.0359, 0.0311, 0.0311],
        [0.2333, 0.0778, 0.0566, 0.0543, 0.0496, 0.0464],
        [0.2614, 0.0850, 0.0559, 0.0554, 0.0363, 0.0326],
        [0.1905, 0.0824, 0.0718, 0.0655, 0.0612, 0.0505],
        [0.1801, 0.1129, 0.0703, 0.0602, 0.0303, 0.0294],
        [0.2194, 0.1087, 0.0759, 0.0398, 0.0373, 0.0352],
        [0.1419, 0.0681, 0.0608, 0.0492, 0.0340, 0.0286],
        [0.2202, 0.1173, 0.0885, 0.0831, 0.0512, 0.0279],
        [0.1773, 0.0832, 0.0447, 0.0390, 0.0360, 0.0332],
        [0.1093, 0.0969, 0.0697, 0.0600, 0.0588, 0.0391],
        [0.1419, 0.0577, 0.0509, 0.0508, 0.0404, 0.0399],
        [0.2403, 0.1038, 0.1022, 0.0762, 0.0363, 0.0215],
        [0.1839, 0.0699, 0.0687, 0.0601, 0.0545, 0.0497],
        [0.1386, 0.0635, 0.0539, 0.0465, 0.0402, 0.0399],
        [0.2292, 0.0871, 0.0605, 0.0352, 0.0278, 0.0276],
        [0.1500, 0.1435, 0.0678, 0.0374, 0.0325, 0.0311],
        [0.1992, 0.0645, 0.0386, 0.0377, 0.0355, 0.0343],
        [0.1345, 0.1142, 0.0393, 0.0365, 0.0302, 0.0274],
        [0.5810, 0.1099, 0.0550, 0.0305, 0.0213, 0.0208],
        [0.1194, 0.1187, 0.0660, 0.0585, 0.0559, 0.0549],
        [0.1430, 0.0822, 0.0495, 0.0405, 0.0403, 0.0348],
        [0.4737, 0.0464, 0.0384, 0.0360, 0.0223, 0.0206],
        [0.1809, 0.1617, 0.1240, 0.0483, 0.0324, 0.0269],
        [0.2245, 0.0748, 0.0358, 0.0329, 0.0284, 0.0262],
        [0.2007, 0.1741, 0.0430, 0.0366, 0.0351, 0.0322],
        [0.2290, 0.1108, 0.0884, 0.0438, 0.0409, 0.0280],
        [0.1558, 0.1160, 0.1112, 0.1030, 0.0329, 0.0303],
        [0.3156, 0.0740, 0.0335, 0.0317, 0.0277, 0.0266],
        [0.1211, 0.0609, 0.0580, 0.0507, 0.0364, 0.0360],
        [0.1849, 0.0862, 0.0395, 0.0384, 0.0359, 0.0283],
        [0.1969, 0.1367, 0.0546, 0.0363, 0.0338, 0.0332],
        [0.0675, 0.0496, 0.0486, 0.0440, 0.0426, 0.0413],
        [0.1921, 0.0814, 0.0671, 0.0561, 0.0338, 0.0332],
        [0.0809, 0.0769, 0.0718, 0.0688, 0.0558, 0.0497],
        [0.1795, 0.1091, 0.0761, 0.0435, 0.0326, 0.0294],
        [0.1239, 0.0880, 0.0679, 0.0630, 0.0426, 0.0365],
        [0.1183, 0.0623, 0.0554, 0.0551, 0.0413, 0.0371],
        [0.0998, 0.0963, 0.0658, 0.0546, 0.0469, 0.0466],
        [0.1116, 0.0937, 0.0499, 0.0487, 0.0387, 0.0361],
        [0.1160, 0.0678, 0.0566, 0.0479, 0.0465, 0.0450],
        [0.1704, 0.0788, 0.0678, 0.0659, 0.0453, 0.0369],
        [0.1539, 0.1400, 0.0609, 0.0423, 0.0417, 0.0252],
        [0.1667, 0.1571, 0.0917, 0.0547, 0.0470, 0.0366],
        [0.1344, 0.1313, 0.0470, 0.0363, 0.0333, 0.0260],
        [0.0607, 0.0525, 0.0521, 0.0513, 0.0511, 0.0471]])

----------------indices-----------------
torch.Size([64, 6])
tensor([[ 5, 17, 45,  2, 29,  6],
        [29, 33,  8,  4, 34, 54],
        [31, 47, 39, 52, 13, 55],
        [20, 55, 13, 16,  9, 19],
        [18, 53,  8, 21, 15, 24],
        [48,  3, 22, 15, 49, 24],
        [44,  7, 41, 58, 22, 42],
        [62, 34,  3, 29, 54, 55],
        [24, 58, 39, 40, 44, 22],
        [19,  9, 46, 11, 57, 54],
        [ 6, 26,  5, 28,  0, 60],
        [63,  1, 10,  2, 26, 36],
        [30, 54, 48, 40,  3, 55],
        [ 1, 52, 11, 18, 54, 19],
        [ 5, 14, 28,  9,  0,  6],
        [60, 12, 19, 28, 35, 11],
        [54, 46, 52,  9,  6, 11],
        [ 7, 53, 61, 37, 32, 43],
        [28, 44, 60, 12, 16,  9],
        [44, 12, 47,  6,  1,  4],
        [44,  3, 47, 24, 61, 57],
        [45, 43, 42, 37, 24, 22],
        [30, 21, 48, 43, 55, 45],
        [55, 30, 48, 54, 40, 11],
        [50, 13, 36, 20, 59, 21],
        [55,  1, 38, 10, 32, 37],
        [36, 10, 50,  1, 26, 63],
        [40, 44, 33, 52, 27, 42],
        [40, 42, 52, 38, 27, 25],
        [37, 34, 49, 33, 29, 31],
        [36,  1, 10, 50, 26, 13],
        [41,  7, 58, 47, 22, 44],
        [ 2,  7, 63,  3, 57, 20],
        [56,  5, 19, 52, 47, 12],
        [ 6, 54,  5, 31, 18, 60],
        [42, 43, 58, 39, 52, 25],
        [52, 18, 11,  5, 60, 21],
        [ 3, 20, 55, 30, 57,  7],
        [15, 47, 32, 58, 44, 56],
        [ 6, 26, 29, 62, 46,  4],
        [32, 44, 15, 57, 61, 39],
        [ 5,  6, 26,  0, 28, 60],
        [27, 29,  6,  9, 41, 49],
        [21,  8, 18, 23, 15, 32],
        [12, 60, 18,  5,  0, 51],
        [41, 12, 23, 37, 29, 62],
        [21,  8, 13, 25, 17, 18],
        [54, 39, 40, 37, 53, 32],
        [52, 32, 18, 47,  5, 61],
        [27, 13,  4, 61, 24, 53],
        [20, 50, 63, 11, 55,  2],
        [56,  5, 49, 46, 19, 52],
        [ 6, 38, 31, 35, 11, 34],
        [62,  3, 31, 44, 16, 26],
        [43, 40, 52, 53, 48, 42],
        [42, 43, 40, 18, 52, 24],
        [35,  3, 39, 62, 31, 29],
        [47, 14, 28,  0, 32, 59],
        [40, 32, 42, 52, 38, 39],
        [56, 24, 53, 38, 41, 40],
        [13, 59, 50, 20,  1, 56],
        [23,  1, 60, 45, 17, 50],
        [12, 47, 28, 44,  0, 50],
        [47,  0, 61, 51, 58, 41]])
