============================================================
METADATA (10Th token of each sequence)
============================================================
Model: flame-moe-290m
Run ID: 31066
Epoch: 5473
Layer: 3
Token Position: 9 (10th)
Shards processed: 0-0.pt, 0-1.pt
Total sequences: 64
Sequence length: 512
============================================================

----------------samples-----------------
torch.Size([64])
tensor([  247,    15,   717,   417,  2762,   434,   436,   253,   273,   273,
        50276, 16922,   327,  2825,  8981,    19,   187,   285,   247, 49163,
          310,   253,   273,   285,   317,   281,   310,  7636,   187,   342,
        18417,    42,   273,   275,   247,    15, 18226,   273, 19487,  9446,
         9632,  2570,  3253,  1537, 22777, 11678,    32, 16280,   476, 11369,
          368,   253,  1878,     2,   326,  5053,   247, 12427,  3753,  8920,
        24787,  4493,   379,   731])

-----------------scores-----------------
torch.Size([64, 6])
tensor([[0.2157, 0.1140, 0.1057, 0.0413, 0.0341, 0.0305],
        [0.0711, 0.0679, 0.0319, 0.0295, 0.0263, 0.0226],
        [0.1097, 0.0548, 0.0403, 0.0315, 0.0252, 0.0233],
        [0.0304, 0.0282, 0.0261, 0.0260, 0.0259, 0.0234],
        [0.0292, 0.0269, 0.0252, 0.0245, 0.0244, 0.0238],
        [0.0446, 0.0315, 0.0300, 0.0282, 0.0272, 0.0267],
        [0.1979, 0.1512, 0.0528, 0.0522, 0.0339, 0.0277],
        [0.0413, 0.0298, 0.0274, 0.0246, 0.0234, 0.0224],
        [0.0466, 0.0445, 0.0339, 0.0295, 0.0265, 0.0255],
        [0.0355, 0.0304, 0.0278, 0.0273, 0.0257, 0.0235],
        [0.2208, 0.2195, 0.1983, 0.0394, 0.0257, 0.0200],
        [0.0598, 0.0478, 0.0398, 0.0336, 0.0307, 0.0261],
        [0.0362, 0.0348, 0.0314, 0.0306, 0.0294, 0.0262],
        [0.0637, 0.0306, 0.0283, 0.0280, 0.0260, 0.0244],
        [0.1993, 0.0524, 0.0508, 0.0371, 0.0356, 0.0295],
        [0.0631, 0.0429, 0.0382, 0.0323, 0.0295, 0.0276],
        [0.0307, 0.0289, 0.0282, 0.0268, 0.0239, 0.0230],
        [0.0496, 0.0461, 0.0350, 0.0302, 0.0268, 0.0263],
        [0.1273, 0.0545, 0.0540, 0.0459, 0.0430, 0.0393],
        [0.2194, 0.2129, 0.1928, 0.0382, 0.0262, 0.0227],
        [0.0441, 0.0396, 0.0340, 0.0225, 0.0218, 0.0202],
        [0.0641, 0.0336, 0.0329, 0.0300, 0.0261, 0.0253],
        [0.0442, 0.0326, 0.0303, 0.0259, 0.0254, 0.0242],
        [0.0407, 0.0296, 0.0252, 0.0250, 0.0241, 0.0234],
        [0.1903, 0.0811, 0.0515, 0.0450, 0.0444, 0.0277],
        [0.0886, 0.0808, 0.0572, 0.0308, 0.0290, 0.0288],
        [0.0478, 0.0307, 0.0240, 0.0237, 0.0236, 0.0234],
        [0.1073, 0.1035, 0.0573, 0.0472, 0.0422, 0.0376],
        [0.0536, 0.0331, 0.0292, 0.0246, 0.0243, 0.0235],
        [0.0481, 0.0442, 0.0404, 0.0326, 0.0318, 0.0269],
        [0.0635, 0.0614, 0.0441, 0.0390, 0.0334, 0.0314],
        [0.0397, 0.0388, 0.0336, 0.0309, 0.0307, 0.0268],
        [0.2959, 0.0457, 0.0406, 0.0312, 0.0298, 0.0282],
        [0.1619, 0.0927, 0.0630, 0.0619, 0.0273, 0.0270],
        [0.2188, 0.1430, 0.0386, 0.0374, 0.0318, 0.0310],
        [0.3190, 0.0548, 0.0360, 0.0309, 0.0264, 0.0251],
        [0.0860, 0.0717, 0.0626, 0.0511, 0.0410, 0.0385],
        [0.1126, 0.0977, 0.0752, 0.0395, 0.0281, 0.0262],
        [0.0969, 0.0286, 0.0270, 0.0248, 0.0247, 0.0243],
        [0.0520, 0.0486, 0.0482, 0.0356, 0.0316, 0.0311],
        [0.0640, 0.0435, 0.0379, 0.0289, 0.0272, 0.0261],
        [0.1270, 0.0408, 0.0330, 0.0326, 0.0318, 0.0313],
        [0.1507, 0.0960, 0.0754, 0.0650, 0.0490, 0.0390],
        [0.0348, 0.0306, 0.0301, 0.0299, 0.0284, 0.0271],
        [0.1015, 0.0757, 0.0732, 0.0526, 0.0430, 0.0378],
        [0.1044, 0.0981, 0.0580, 0.0411, 0.0340, 0.0300],
        [0.0530, 0.0391, 0.0310, 0.0249, 0.0240, 0.0237],
        [0.0473, 0.0364, 0.0305, 0.0294, 0.0274, 0.0269],
        [0.1186, 0.0574, 0.0472, 0.0411, 0.0317, 0.0297],
        [0.1001, 0.0612, 0.0507, 0.0504, 0.0438, 0.0437],
        [0.0350, 0.0335, 0.0299, 0.0278, 0.0245, 0.0243],
        [0.0649, 0.0567, 0.0382, 0.0355, 0.0287, 0.0263],
        [0.1034, 0.0641, 0.0436, 0.0428, 0.0324, 0.0310],
        [0.1919, 0.0934, 0.0598, 0.0402, 0.0400, 0.0285],
        [0.0709, 0.0371, 0.0343, 0.0275, 0.0251, 0.0244],
        [0.1223, 0.1132, 0.0802, 0.0420, 0.0407, 0.0363],
        [0.1880, 0.0719, 0.0513, 0.0437, 0.0348, 0.0342],
        [0.1880, 0.0460, 0.0347, 0.0339, 0.0298, 0.0261],
        [0.0380, 0.0377, 0.0355, 0.0354, 0.0313, 0.0284],
        [0.0348, 0.0295, 0.0291, 0.0273, 0.0260, 0.0244],
        [0.0963, 0.0596, 0.0406, 0.0343, 0.0335, 0.0318],
        [0.0388, 0.0322, 0.0273, 0.0245, 0.0243, 0.0239],
        [0.1111, 0.0476, 0.0465, 0.0425, 0.0410, 0.0342],
        [0.0236, 0.0233, 0.0233, 0.0223, 0.0219, 0.0218]])

----------------indices-----------------
torch.Size([64, 6])
tensor([[54, 15,  9, 17, 38, 12],
        [57, 60, 29, 36, 10, 41],
        [46,  2, 24, 43, 55, 26],
        [23, 33, 19, 16, 63,  8],
        [56, 62, 30, 12, 50, 27],
        [60, 55, 36, 30,  8, 23],
        [34, 47,  4,  1, 35, 28],
        [21,  5, 26, 19, 24, 30],
        [47, 19, 21,  5, 59,  1],
        [57, 13, 14, 33, 26,  5],
        [ 8, 35, 58, 34,  6, 43],
        [19, 51, 60, 53, 18, 21],
        [21, 15, 57, 25, 55,  5],
        [61, 38, 16,  8,  1, 44],
        [49, 61, 30, 36,  8, 12],
        [16, 13, 58, 56,  0, 31],
        [10, 12, 60, 47, 24, 55],
        [38, 12, 48, 36, 61, 57],
        [15, 63, 59, 19, 21, 23],
        [35,  8, 58, 34,  6, 43],
        [25, 17,  5, 15, 37, 13],
        [ 2,  7, 51, 46, 62,  1],
        [26, 17, 21,  5, 37,  4],
        [60, 36, 30,  8,  5, 62],
        [ 9,  7, 31, 63, 27, 54],
        [21, 12, 47,  4, 31, 42],
        [60, 55, 23, 36, 62,  5],
        [55, 24,  9, 30, 18, 38],
        [58, 56, 43, 16, 62, 30],
        [36,  3, 51, 37, 49, 57],
        [40, 31, 47, 17, 41,  1],
        [47, 36, 53, 30, 31, 14],
        [45, 35, 22, 58, 29, 28],
        [12, 30, 54, 16, 36,  6],
        [38, 10, 57, 53, 18, 50],
        [17, 63, 46,  3, 28, 22],
        [58,  8, 34, 35,  5, 29],
        [41, 12,  9, 22, 31, 23],
        [39, 55,  6, 57, 54, 37],
        [58, 53, 60, 19, 27, 44],
        [49, 61, 26, 27,  0, 38],
        [37, 32, 15,  4, 40, 13],
        [ 8, 44, 30, 43, 34, 62],
        [30,  8,  3, 18, 33,  6],
        [17, 34, 29, 25, 13, 28],
        [ 9, 50, 35, 38,  7,  0],
        [51,  2,  3, 33, 45, 36],
        [51, 39, 32, 52, 15,  5],
        [40, 15, 35,  4, 33, 37],
        [ 7, 12, 37,  9, 41, 17],
        [15, 55, 39, 60, 57, 62],
        [39, 32,  6, 55, 47, 62],
        [22, 37,  1, 40, 31, 47],
        [58, 11,  4, 40, 37,  1],
        [46, 24, 33, 43,  6, 37],
        [59,  3, 63, 45, 17,  1],
        [37, 35, 32, 34, 22,  1],
        [58, 19,  5,  0, 53,  6],
        [11, 25, 42,  1, 60, 32],
        [26, 16, 55, 18, 10, 57],
        [57, 21, 27, 37, 26, 51],
        [21,  5, 19, 26,  3, 41],
        [ 9,  1,  7, 54, 20, 12],
        [39, 28, 14,  0, 24, 29]])
