PIM Expert Operations - Total Cycles
Decoder-BS64/3rd/pim/5
Note: 2 activation movements (fc1 and fc2)
BS16 - Activation divider: 128

--- Activation Movements ---
layer0.ffn.activation_movement_2: 1118 cycles
layer0.ffn.activation_movement_1: 1124 cycles
Total activation movement cycles: 2242
----------------------------

================================================================================
 Expert Number  fc1  gelu  fc2  total compute
             0 2865    30 2852           5747
             1 2865    42 2865           5772
             4 2866    28 2851           5745
             5 2865    44 2865           5774
             6 2884    42 2865           5791
             7 2865    43 2867           5775
             8 3015    29 2836           5880
             9 2865    42 2865           5772
            10 3057    31 2851           5939
            11 2865    42 2865           5772
            12 3046    29 2851           5926
            13 2865    45 2865           5775
            14 3043    30 2851           5924
            16 5681   297 5681          11659
            17 2865    44 2865           5774
            18 3075    28 2851           5954
            19 2865    44 2865           5774
            21 3043    31 2852           5926
            22 2865    44 2865           5774
            24 3039    28 2851           5918
            25 2865    43 2854           5762
            27 3058    28 2851           5937
            30 2854    43 2865           5762
            31 3057    30 2851           5938
            32 2865    43 2865           5773
            33 3042    29 2851           5922
            34 2865    42 2854           5761
            39 3054    30 2851           5935
            42 2865    42 2865           5772
            44 3045    28 2836           5909
            45 2835    42 2865           5742
            46 3084    44 2865           5993
            47 2842    43 2866           5751
            48 3036    30 2851           5917
            49 2865    44 2866           5775
            51 3043    28 2851           5922
            52 2865    43 2865           5773
            53 3046    29 2851           5926
            54 2865    43 2865           5773
            55 3043    28 2836           5907
            57 2865    42 2865           5772
            58 3059    28 2851           5938
            59 2865    43 2865           5773
            60 3046    29 2851           5926
            61 2846    43 2865           5754
            62 3060    28 2851           5939