PIM Expert Operations - Total Cycles
Decoder-BS64/7th/pim/4
Note: 2 activation movements (fc1 and fc2)
BS16 - Activation divider: 128

--- Activation Movements ---
layer0.ffn.activation_movement_2: 1118 cycles
layer0.ffn.activation_movement_1: 1124 cycles
Total activation movement cycles: 2242
----------------------------

================================================================================
 Expert Number  fc1  gelu  fc2  total compute
             0 2865    28 2851           5744
             1 2865    43 2865           5773
             2 2865    29 2836           5730
             3 2865    42 2866           5773
             4 2879    28 2836           5743
             5 2866    44 2866           5776
             6 3079    28 2836           5943
             9 2842    43 2865           5750
            10 3087    29 2851           5967
            11 2865    43 2865           5773
            13 3041    29 2851           5921
            14 2865    42 2865           5772
            15 3046    28 2851           5925
            16 2865    42 2865           5772
            17 3044    29 2851           5924
            18 2865    43 2865           5773
            19 3026    30 2851           5907
            21 2865    42 2866           5773
            22 3061    42 2865           5968
            24 2865    42 2855           5762
            26 5837    46 5682          11565
            27 3180    29 2851           6060
            28 5681   277 5681          11639
            29 2865    43 2865           5773
            31 3076    28 2836           5940
            32 2865    42 2865           5772
            33 3065    29 2851           5945
            34 2865    42 2854           5761
            36 3053    28 2851           5932
            37 2865    42 2865           5772
            38 3048    31 2852           5931
            40 2865    45 2865           5775
            41 3038    28 2851           5917
            42 2865    42 2854           5761
            43 3055    30 2852           5937
            45 2865    43 2866           5774
            46 3041    30 2851           5922
            47 2865    44 2865           5774
            48 3035    28 2851           5914
            50 2865    43 2854           5762
            52 3055    28 2851           5934
            54 2865    44 2865           5774
            55 3042    28 2851           5921
            56 5681   305 5681          11667
            57 2865    42 2865           5772
            58 3081    30 2851           5962
            60 2865    42 2865           5772
            61 3039    29 2851           5919
            62 2865    42 2854           5761
            63 3008    28 2851           5887