Expert Operations - Total Cycles
================================================================================
 Expert Number  param_load  fc1  gelu  fc2  total compute
             0      353536 2042   177 2042           4261
             1      353600 3626   310 3626           7562
             2      353536 1849   161 1850           3860
             3      353536 3193   273 3193           6659
             4      353536 3097   265 3097           6459
             5      353600 2713   233 2713           5659
             6      353600 2090   180 2090           4360
             7      353536 2281   197 2282           4760
             8      353600 2473   213 2474           5160
             9      353536 2569   223 2570           5362
            10      353536 1897   167 1898           3962
            11      353536 1945   168 1946           4059
            12      353536 2041   177 2042           4260
            13      353536 1753   155 1754           3662
            14      353536 2377   206 2377           4960
            15      353536 2713   232 2714           5659
            16      353536 2617   227 2618           5462
            17      353536 2665   228 2666           5559
            18      353536 2042   177 2042           4261
            19      353536 2090   180 2090           4360
            20      353536 2425   208 2426           5059
            21      353536 3674   314 3674           7662
            22      353536 2042   177 2042           4261
            23      353536 1418   126 1416           2960
            24      353536 1513   134 1514           3161
            25      353536 2378   206 2378           4962
            26      353536 1417   125 1418           2960
            27      353536 1562   137 1562           3261
            28      353536 3817   326 3818           7961
            29      353536 2569   222 2570           5361
            30      353536 2282   197 2281           4760
            31      353600 2617   225 2618           5460
            32      353600 1417   126 1418           2961
            33      353536 3337   285 3337           6959
            34      353536 3625   308 3626           7559
            35      353536 2761   236 2762           5759
            36      353536 2233   193 2234           4660
            37      353536 2953   254 2954           6161
            38      353536 4345   369 4346           9060
            39      353600 1274   112 1274           2660
            40      353536 1657   147 1658           3462
            41      353536 2186   191 2186           4563
            42      353536 2425   211 2426           5062
            43      353536 1801   158 1801           3760
            44      353536 1464   130 1466           3060
            45      353536 2569   221 2570           5360
            46      353536 2233   195 2234           4662
            47      353536 2858   245 2858           5961
            48      353536 2712   234 2714           5660
            49      353536 2329   203 2330           4862
            50      353536 2425   211 2425           5061
            51      353536 2329   202 2330           4861
            52      353536 1513   135 1514           3162
            53      353536 2569   220 2570           5359
            54      353536 1513   134 1514           3161
            55      353536 2473   213 2474           5160
            56      353536 2281   198 2282           4761
            57      353536 1609   142 1610           3361
            58      353536 1993   174 1994           4161
            59      353536 2521   218 2522           5261
            60      353536 2233   195 2234           4662
            61      353536 1993   172 1992           4157
            62      353536 1609   140 1610           3359
            63      353536 3194   274 3194           6662