============================================================
METADATA (9Th token of each sequence)
============================================================
Model: flame-moe-290m
Run ID: 31066
Epoch: 5473
Layer: 13
Token Position: 8 (9th)
Shards processed: 0-0.pt, 0-1.pt
Total sequences: 64
Sequence length: 512
============================================================

----------------samples-----------------
torch.Size([64])
tensor([  452,  3762,   309,   310,   247,   326,   407,  2139,  5020, 19916,
          187,     8,  1754,   247, 12103,   187,   187,    13,  2489,   310,
          703,  1309,  1495,    14,  3196,   352,  3045,   309,    15,   513,
          253,   187,  1682,  1519,   310, 14494,  5312, 10764,   323,   281,
         3365,  9787,   273,   816,   253, 11017,  1520,    13,   368,  2139,
           13, 28771,   387,  3430,  8344,  1142,  2489,    81, 17825,    13,
         1292,   285,  1032, 14003])

-----------------scores-----------------
torch.Size([64, 6])
tensor([[0.0988, 0.0933, 0.0863, 0.0628, 0.0478, 0.0460],
        [0.2370, 0.1387, 0.0965, 0.0733, 0.0449, 0.0221],
        [0.2387, 0.0755, 0.0742, 0.0418, 0.0398, 0.0289],
        [0.1755, 0.1138, 0.0770, 0.0539, 0.0424, 0.0331],
        [0.1154, 0.0544, 0.0465, 0.0384, 0.0381, 0.0324],
        [0.1446, 0.1167, 0.0982, 0.0615, 0.0381, 0.0293],
        [0.3161, 0.1402, 0.0387, 0.0331, 0.0227, 0.0211],
        [0.1211, 0.0786, 0.0676, 0.0493, 0.0345, 0.0245],
        [0.0868, 0.0811, 0.0499, 0.0429, 0.0397, 0.0334],
        [0.0791, 0.0679, 0.0675, 0.0496, 0.0337, 0.0328],
        [0.1371, 0.1012, 0.0520, 0.0394, 0.0351, 0.0286],
        [0.1248, 0.1044, 0.0819, 0.0671, 0.0504, 0.0333],
        [0.1681, 0.0781, 0.0489, 0.0435, 0.0397, 0.0305],
        [0.1027, 0.0500, 0.0424, 0.0397, 0.0388, 0.0372],
        [0.1594, 0.1082, 0.0685, 0.0576, 0.0322, 0.0290],
        [0.1554, 0.0970, 0.0366, 0.0321, 0.0320, 0.0292],
        [0.1106, 0.0764, 0.0614, 0.0452, 0.0397, 0.0344],
        [0.0987, 0.0784, 0.0633, 0.0532, 0.0422, 0.0400],
        [0.1548, 0.1171, 0.0544, 0.0467, 0.0456, 0.0391],
        [0.1279, 0.1276, 0.1253, 0.0715, 0.0575, 0.0482],
        [0.1407, 0.1066, 0.1017, 0.0798, 0.0481, 0.0268],
        [0.0894, 0.0735, 0.0682, 0.0536, 0.0500, 0.0486],
        [0.1393, 0.0983, 0.0842, 0.0722, 0.0623, 0.0616],
        [0.1373, 0.0443, 0.0397, 0.0326, 0.0320, 0.0308],
        [0.1818, 0.0500, 0.0470, 0.0454, 0.0404, 0.0379],
        [0.1808, 0.0900, 0.0607, 0.0595, 0.0543, 0.0519],
        [0.1287, 0.0522, 0.0416, 0.0409, 0.0402, 0.0365],
        [0.0957, 0.0820, 0.0679, 0.0444, 0.0410, 0.0366],
        [0.1190, 0.0888, 0.0766, 0.0528, 0.0492, 0.0463],
        [0.0946, 0.0704, 0.0688, 0.0314, 0.0300, 0.0292],
        [0.3039, 0.0731, 0.0696, 0.0659, 0.0653, 0.0405],
        [0.1226, 0.0673, 0.0387, 0.0362, 0.0293, 0.0281],
        [0.1828, 0.0975, 0.0524, 0.0510, 0.0494, 0.0462],
        [0.1299, 0.0703, 0.0692, 0.0484, 0.0475, 0.0429],
        [0.1530, 0.0739, 0.0731, 0.0680, 0.0418, 0.0408],
        [0.0745, 0.0702, 0.0698, 0.0489, 0.0463, 0.0372],
        [0.2214, 0.0553, 0.0528, 0.0520, 0.0507, 0.0488],
        [0.1364, 0.0991, 0.0900, 0.0531, 0.0345, 0.0293],
        [0.2632, 0.1342, 0.0530, 0.0367, 0.0272, 0.0210],
        [0.0657, 0.0562, 0.0554, 0.0487, 0.0443, 0.0332],
        [0.1431, 0.0475, 0.0341, 0.0309, 0.0293, 0.0259],
        [0.0895, 0.0868, 0.0761, 0.0694, 0.0382, 0.0368],
        [0.1173, 0.0995, 0.0620, 0.0537, 0.0483, 0.0362],
        [0.3629, 0.0758, 0.0418, 0.0344, 0.0334, 0.0220],
        [0.0744, 0.0660, 0.0612, 0.0507, 0.0493, 0.0437],
        [0.2200, 0.0495, 0.0492, 0.0450, 0.0364, 0.0307],
        [0.1740, 0.1451, 0.1260, 0.0738, 0.0645, 0.0460],
        [0.1330, 0.0877, 0.0812, 0.0365, 0.0310, 0.0288],
        [0.1017, 0.0675, 0.0578, 0.0394, 0.0350, 0.0324],
        [0.1695, 0.0882, 0.0823, 0.0518, 0.0384, 0.0323],
        [0.1198, 0.1164, 0.0610, 0.0319, 0.0271, 0.0264],
        [0.1385, 0.0468, 0.0467, 0.0420, 0.0382, 0.0378],
        [0.0548, 0.0504, 0.0431, 0.0385, 0.0359, 0.0337],
        [0.1145, 0.0811, 0.0617, 0.0524, 0.0397, 0.0358],
        [0.0950, 0.0653, 0.0489, 0.0437, 0.0410, 0.0399],
        [0.2291, 0.1414, 0.0671, 0.0568, 0.0567, 0.0383],
        [0.0950, 0.0834, 0.0831, 0.0570, 0.0530, 0.0500],
        [0.0974, 0.0651, 0.0549, 0.0503, 0.0482, 0.0337],
        [0.1351, 0.0940, 0.0913, 0.0650, 0.0294, 0.0282],
        [0.1948, 0.1375, 0.0554, 0.0408, 0.0367, 0.0330],
        [0.1218, 0.1144, 0.0856, 0.0795, 0.0659, 0.0383],
        [0.0825, 0.0789, 0.0736, 0.0638, 0.0558, 0.0457],
        [0.2898, 0.0733, 0.0684, 0.0614, 0.0422, 0.0324],
        [0.1125, 0.0986, 0.0707, 0.0576, 0.0344, 0.0314]])

----------------indices-----------------
torch.Size([64, 6])
tensor([[22,  9, 29, 49, 14, 47],
        [ 2, 30, 47, 58, 17, 35],
        [37, 49, 32, 33, 38, 14],
        [52, 62, 38, 42, 28,  4],
        [60, 36, 43, 49, 45, 11],
        [10, 22, 23, 40, 31, 51],
        [55, 63, 59, 34, 21, 48],
        [ 7, 53, 14, 22, 49, 62],
        [32, 49, 10,  7, 13,  5],
        [37, 13, 58, 52,  8, 27],
        [34, 55, 59, 31, 54,  9],
        [47,  2, 32, 58, 30, 12],
        [37, 52, 20, 58, 62, 41],
        [45,  7, 34, 55, 50,  9],
        [55, 34, 28, 60, 51,  7],
        [60, 51, 47, 13, 34, 49],
        [13, 16, 17, 51, 61, 53],
        [47, 12, 57,  0, 61, 50],
        [46, 18, 39,  7, 33, 19],
        [41, 40,  4, 14, 63, 29],
        [60, 36,  2, 11, 29, 57],
        [20, 18, 29, 56, 26, 62],
        [10, 51, 44, 42, 25, 26],
        [45,  1, 28, 24, 51,  8],
        [34, 16, 19,  7,  9, 55],
        [47, 55, 30,  2, 32, 58],
        [43, 21, 11, 41, 56, 40],
        [11, 24, 51, 37,  9, 22],
        [53,  1, 32, 57, 30,  0],
        [14, 39, 25, 36, 50, 10],
        [40, 14,  8, 63, 33, 37],
        [36,  3, 56, 11, 53, 28],
        [47, 58, 32,  2, 17,  0],
        [53, 46, 25, 26, 10, 51],
        [13, 25, 48, 37,  1, 50],
        [23, 45, 46, 51, 39, 25],
        [38, 37, 27, 52, 44, 26],
        [59, 34,  5, 51, 55, 19],
        [34, 45, 31, 18,  7, 51],
        [46, 51,  2, 12,  6, 39],
        [ 0, 13, 10, 34, 59, 31],
        [18, 48, 27, 39,  6, 24],
        [57,  0,  2, 47, 34, 33],
        [31,  9, 36,  0, 29,  8],
        [18, 27, 39, 10, 59, 19],
        [ 6, 27, 21, 29,  7, 10],
        [38, 44, 48, 25, 20,  4],
        [ 0, 32, 34, 10, 26, 57],
        [45, 46, 39, 23, 51, 16],
        [47, 58,  2, 30, 32, 50],
        [46, 45, 23,  9, 31, 39],
        [45, 11, 46, 39, 54, 23],
        [33, 36, 45, 60, 56,  5],
        [37, 31,  5,  6, 10, 48],
        [27,  5, 37,  9, 10, 39],
        [ 9, 20, 48, 18, 26,  1],
        [37, 62,  5,  1, 52,  4],
        [14, 39, 43, 41, 60, 24],
        [ 9, 45, 18, 34, 50, 22],
        [37, 49, 41, 44, 63, 42],
        [59, 24, 19,  9, 16, 37],
        [44, 37, 20, 62, 23, 18],
        [ 9, 19, 24, 59,  6, 48],
        [59, 34,  5, 19,  7, 48]])
