PIM Expert Operations - Total Cycles
Decoder-BS64/2nd/pim/2
Note: 2 activation movements (fc1 and fc2)
BS16 - Activation divider: 128

--- Activation Movements ---
layer0.ffn.activation_movement_2: 1118 cycles
layer0.ffn.activation_movement_1: 1124 cycles
Total activation movement cycles: 2242
----------------------------

================================================================================
 Expert Number  fc1  gelu  fc2  total compute
             0 2865    30 2852           5747
             1 2865    43 2854           5762
             2 2865    30 2851           5746
             3 2865    45 2865           5775
             6 2898    42 2851           5791
             8 2865    43 2865           5773
             9 3024    29 2851           5904
            11 2865    43 2865           5773
            12 3043    28 2851           5922
            14 2865    42 2865           5772
            15 3048    31 2851           5930
            16 2865    44 2865           5774
            17 3042    29 2836           5907
            18 2865    43 2865           5773
            20 3056    29 2851           5936
            21 2865    43 2865           5773
            23 3046    30 2851           5927
            24 2866    43 2865           5774
            25 3041    29 2851           5921
            26 2865    42 2865           5772
            27 3042    42 2851           5935
            28 2865    44 2865           5774
            29 3029    29 2851           5909
            30 2865    43 2866           5774
            31 3038    28 2851           5917
            32 2865    44 2865           5774
            33 3042    28 2836           5906
            34 2865    42 2865           5772
            35 3045    30 2851           5926
            36 2865    42 2866           5773
            37 3040    31 2851           5922
            38 2865    43 2865           5773
            39 3065    28 2851           5944
            40 2865    42 2865           5772
            42 3020    42 2836           5898
            45 2865    42 2850           5757
            46 3086    28 2836           5950
            48 2865    12 2835           5712
            49 3114    28 2836           5978
            50 2865    43 2865           5773
            52 3058    28 2852           5938
            53 2865    42 2865           5772
            54 3048    29 2835           5912
            55 2865    42 2854           5761
            56 3073    12 2835           5920
            57 2865    43 2854           5762
            58 3088    28 2851           5967
            59 2865    42 2854           5761
            61 3055    31 2851           5937
            62 2865    43 2865           5773
            63 3042    44 2851           5937