PIM Expert Operations - Total Cycles
Decoder-BS64/10th/pim/3
Note: 2 activation movements (fc1 and fc2)
BS16 - Activation divider: 128

--- Activation Movements ---
layer0.ffn.activation_movement_2: 1118 cycles
layer0.ffn.activation_movement_1: 1124 cycles
Total activation movement cycles: 2242
----------------------------

================================================================================
 Expert Number  fc1  gelu  fc2  total compute
             0 2865    28 2851           5744
             1 2865    44 2865           5774
             3 2866    28 2851           5745
             4 2865    45 2865           5775
             5 2884    45 2865           5794
             8 2865    42 2867           5774
            10 3012    28 2851           5891
            11 2865    45 2865           5775
            12 3042    28 2851           5921
            13 2865    42 2865           5772
            14 3048    29 2836           5913
            15 2842    43 2865           5750
            16 3060    28 2851           5939
            17 2846    44 2865           5755
            18 3083    28 2852           5963
            19 5682   299 5681          11662
            21 2866    43 2865           5774
            22 3075    31 2851           5957
            23 2865    42 2866           5773
            24 3046    28 2851           5925
            25 2865    43 2865           5773
            26 3023    28 2836           5887
            27 2865    42 2865           5772
            30 3082    28 2851           5961
            32 2865    13 2865           5743
            33 3074    28 2836           5938
            35 2865    42 2835           5742
            36 3088    31 2851           5970
            37 2865    44 2865           5774
            38 3042    43 2865           5950
            39 2865    42 2854           5761
            40 3021    31 2851           5903
            41 2865    43 2865           5773
            42 3041    31 2851           5923
            43 2865    43 2854           5762
            44 3055    28 2851           5934
            45 2865    42 2854           5761
            47 3035    28 2851           5914
            50 2865    42 2854           5761
            51 3079    28 2835           5942
            52 2865    42 2836           5743
            53 3089    29 2835           5953
            54 2865    42 2854           5761
            55 3073    28 2851           5952
            56 2865    42 2854           5761
            57 3050    28 2835           5913
            58 5681   354 5681          11716
            59 2865    42 2865           5772
            60 3047    30 2851           5928
            61 2865    42 2865           5772