PIM Expert Operations - Total Cycles
Decoder-BS64/9th/pim/7
Note: 2 activation movements (fc1 and fc2)
BS16 - Activation divider: 128

--- Activation Movements ---
layer0.ffn.activation_movement_2: 1118 cycles
layer0.ffn.activation_movement_1: 1124 cycles
Total activation movement cycles: 2242
----------------------------

================================================================================
 Expert Number  fc1  gelu  fc2  total compute
             0 2865    28 2851           5744
             1 2865    45 2865           5775
             2 2865    29 2836           5730
             3 2865    42 2865           5772
             4 2901    28 2854           5783
             6 2842    42 2865           5749
             8 3065    28 2836           5929
             9 2865    42 2854           5761
            10 3076    12 2836           5924
            12 2865    42 2854           5761
            13 3085    28 2835           5948
            14 2865    42 2854           5761
            15 3075    28 2835           5938
            16 2865    44 2865           5774
            17 3026    29 2851           5906
            18 2865    42 2865           5772
            19 3077    29 2851           5957
            20 5681   298 5667          11646
            21 2865    42 2854           5761
            22 3106    28 2851           5985
            23 2865    42 2854           5761
            24 3016    28 2835           5879
            25 2865    44 2865           5774
            26 3081    30 2851           5962
            27 2865    42 2865           5772
            28 3062    29 2836           5927
            29 2865    43 2854           5762
            30 3064    43 2865           5972
            31 2865    42 2865           5772
            33 3015    28 2836           5879
            34 2865    42 2865           5772
            35 3059    30 2851           5940
            36 2846    44 2865           5755
            37 3066    28 2851           5945
            38 2865    42 2865           5772
            39 3043    28 2851           5922
            40 2865    43 2854           5762
            42 3059    30 2852           5941
            43 2865    43 2866           5774
            44 3039    28 2851           5918
            46 2865    44 2865           5774
            47 3041    28 2851           5920
            48 2865    42 2854           5761
            49 3029    28 2851           5908
            50 2865    43 2854           5762
            51 3078    29 2836           5943
            52 2866    44 2866           5776
            53 3054    29 2852           5935
            54 2865    43 2854           5762
            55 3057    28 2851           5936
            56 2865    44 2865           5774
            57 3045    31 2851           5927
            58 2865    42 2854           5761
            61 3054    28 2851           5933