PIM Expert Operations - Total Cycles
Decoder-BS64/6th/pim/9
Note: 2 activation movements (fc1 and fc2)
BS16 - Activation divider: 128

--- Activation Movements ---
layer0.ffn.activation_movement_1: 1124 cycles
layer0.ffn.activation_movement_2: 1118 cycles
Total activation movement cycles: 2242
----------------------------

================================================================================
 Expert Number  fc1  gelu  fc2  total compute
             1 2865    30 2852           5747
             2 2865    42 2865           5772
             3 2866    29 2851           5746
             4 2866    42 2854           5762
             5 2852    28 2851           5731
             6 2865    43 2865           5773
             7 3087    29 2852           5968
             8 2835    42 2865           5742
            10 3055    29 2851           5935
            11 2865    42 2854           5761
            12 3076    28 2851           5955
            13 2865    42 2854           5761
            14 3058    29 2851           5938
            15 2865    43 2865           5773
            16 3042    29 2851           5922
            17 2865    42 2854           5761
            19 3057    29 2851           5937
            21 2865    42 2866           5773
            22 3044    45 2851           5940
            23 2865    44 2865           5774
            24 3019    28 2851           5898
            25 2865    44 2865           5774
            26 3043    29 2851           5923
            29 2865    42 2865           5772
            30 3043    28 2851           5922
            31 2836    44 2865           5745
            32 3078    30 2852           5960
            33 2865    44 2865           5774
            34 3039    28 2836           5903
            35 2866    43 2865           5774
            40 3060    30 2851           5941
            41 2865    43 2854           5762
            42 5870    46 5681          11597
            43 3173    28 2851           6052
            45 2865    45 2865           5775
            46 3020    28 2851           5899
            48 2865    42 2866           5773
            50 3046    29 2851           5926
            51 2842    43 2865           5750
            52 3043    29 2851           5923
            53 2865    42 2865           5772
            54 3066    30 2851           5947
            57 2865    43 2865           5773
            59 3044    29 2852           5925
            60 2865    43 2854           5762
            61 3051    44 2851           5946
            62 2865    42 2855           5762
            63 3035    29 2851           5915