PIM Expert Operations - Total Cycles
Decoder-BS64/1st/pim/8
Note: 2 activation movements (fc1 and fc2)
BS16 - Activation divider: 128

--- Activation Movements ---
layer0.ffn.activation_movement_2: 1118 cycles
layer0.ffn.activation_movement_1: 1124 cycles
Total activation movement cycles: 2242
----------------------------

================================================================================
 Expert Number  fc1  gelu  fc2  total compute
             0 2865    29 2851           5745
             1 2866    43 2865           5774
             2 2866    29 2851           5746
             3 2866    42 2854           5762
             5 2896    29 2865           5790
             6 2865    42 2865           5772
             7 3029    29 2852           5910
             8 2835    43 2854           5732
             9 3082    30 2851           5963
            10 2865    43 2865           5773
            11 3046    29 2836           5911
            12 2865    42 2865           5772
            13 3061    28 2836           5925
            14 2866    43 2865           5774
            15 3057    29 2851           5937
            16 2865    42 2865           5772
            17 3019    31 2851           5901
            19 2865    42 2865           5772
            20 3069    29 2851           5949
            21 2865    43 2854           5762
            22 3048    29 2854           5931
            23 2866    43 2865           5774
            24 3039    29 2851           5919
            27 2865    43 2865           5773
            28 3042    30 2851           5923
            29 2865    43 2865           5773
            30 3048    29 2851           5928
            31 2865    44 2865           5774
            32 3040    28 2851           5919
            33 2865    42 2854           5761
            34 3059    28 2851           5938
            35 2865    43 2866           5774
            37 3043    28 2851           5922
            39 2865    45 2866           5776
            41 3039    29 2851           5919
            42 2865    44 2865           5774
            43 3044    42 2854           5940
            45 2866    43 2865           5774
            46 3020    29 2851           5900
            47 2865    44 2865           5774
            48 3043    31 2851           5925
            51 2865    42 2865           5772
            52 3044    29 2836           5909
            53 2865    42 2865           5772
            54 3061    29 2851           5941
            55 2846    42 2854           5742
            57 3074    28 2851           5953
            58 2865    42 2854           5761
            59 3055    28 2835           5918
            60 2865    42 2850           5757
            61 3078    42 2836           5956
            62 2865    42 2851           5758
            63 3054    28 2836           5918