PIM Expert Operations - Total Cycles
Decoder-BS64/5th/pim/4
Note: 2 activation movements (fc1 and fc2)
BS16 - Activation divider: 128

--- Activation Movements ---
layer0.ffn.activation_movement_2: 1118 cycles
layer0.ffn.activation_movement_1: 1124 cycles
Total activation movement cycles: 2242
----------------------------

================================================================================
 Expert Number  fc1  gelu  fc2  total compute
             0 2865    29 2851           5745
             2 2866    43 2865           5774
             3 2866    30 2851           5747
             5 2865    42 2865           5772
             7 2884    28 2854           5766
             8 2865    42 2865           5772
             9 3042    29 2852           5923
            12 2865    44 2865           5774
            13 3040    30 2851           5921
            14 2865    43 2865           5773
            15 3046    28 2851           5925
            17 2865    43 2854           5762
            18 3058    29 2851           5938
            19 2865    44 2865           5774
            20 3040    29 2836           5905
            21 2865    42 2865           5772
            24 3061    28 2836           5925
            25 2836    43 2865           5744
            26 3088    43 2851           5982
            27 2842    43 2865           5750
            28 3046    45 2865           5956
            29 2865    43 2866           5774
            30 3012    28 2851           5891
            31 2865    45 2866           5776
            34 3040    28 2836           5904
            35 2865    44 2865           5774
            38 3064    28 2851           5943
            39 2865    43 2865           5773
            40 3042    28 2836           5906
            41 2836    42 2865           5743
            42 3092    28 2836           5956
            43 2865    44 2865           5774
            44 3031    29 2851           5911
            45 2866    43 2865           5774
            46 3067    28 2851           5946
            47 2865    43 2854           5762
            49 3051    42 2865           5958
            50 2865    43 2865           5773
            51 3016    28 2836           5880
            52 2865    44 2865           5774
            53 5873    46 5681          11600
            54 2938    30 2851           5819
            56 2865    42 2854           5761
            57 2851    42 2865           5758
            58 2865    43 2866           5774
            59 2851    43 2854           5748
            61 2835    43 2865           5743
            62 2851    43 2865           5759
            63 2865    43 2865           5773