============================================================
METADATA (7Th token of each sequence)
============================================================
Model: flame-moe-290m
Run ID: 31066
Epoch: 5473
Layer: 12
Token Position: 6 (7th)
Shards processed: 0-0.pt, 0-1.pt
Total sequences: 64
Sequence length: 512
============================================================

----------------samples-----------------
torch.Size([64])
tensor([  476, 23521,  2057,  1682,   637,  3426,   310,  7371,    13,  1060,
          676, 25373,   831,  7496, 16596, 11284,  3908,  2489,   253,   510,
           13,   767,   275,   253,   457,  1335,   533,   253,  4680,   588,
          990,    15,   346,   346,    13,  1849,   533,  1211,  3076,  2223,
         6409,   253,  8688,   533, 14918,  3496, 48216,  6782,    13,   534,
         1780,   932,   457,  3430,    15,  2105,   300,    84,  4887, 18997,
         5687, 25828,   253,   285])

-----------------scores-----------------
torch.Size([64, 6])
tensor([[0.1240, 0.1023, 0.0814, 0.0630, 0.0457, 0.0392],
        [0.1450, 0.0613, 0.0451, 0.0405, 0.0352, 0.0321],
        [0.0912, 0.0487, 0.0426, 0.0395, 0.0358, 0.0324],
        [0.0662, 0.0482, 0.0445, 0.0438, 0.0416, 0.0396],
        [0.3646, 0.1051, 0.0862, 0.0365, 0.0357, 0.0356],
        [0.1183, 0.1106, 0.0390, 0.0311, 0.0296, 0.0288],
        [0.0921, 0.0495, 0.0429, 0.0354, 0.0303, 0.0265],
        [0.0773, 0.0650, 0.0578, 0.0507, 0.0362, 0.0333],
        [0.1877, 0.0505, 0.0432, 0.0415, 0.0367, 0.0363],
        [0.1603, 0.0625, 0.0523, 0.0343, 0.0324, 0.0321],
        [0.0686, 0.0534, 0.0424, 0.0410, 0.0409, 0.0372],
        [0.0882, 0.0792, 0.0534, 0.0308, 0.0287, 0.0283],
        [0.1208, 0.0719, 0.0610, 0.0543, 0.0379, 0.0300],
        [0.0810, 0.0773, 0.0601, 0.0447, 0.0432, 0.0427],
        [0.0936, 0.0812, 0.0610, 0.0590, 0.0485, 0.0474],
        [0.2442, 0.1038, 0.0959, 0.0805, 0.0644, 0.0256],
        [0.1154, 0.0459, 0.0403, 0.0403, 0.0336, 0.0321],
        [0.1928, 0.1755, 0.0855, 0.0648, 0.0385, 0.0365],
        [0.0577, 0.0550, 0.0508, 0.0474, 0.0371, 0.0362],
        [0.1995, 0.1458, 0.1227, 0.0856, 0.0494, 0.0444],
        [0.0956, 0.0825, 0.0531, 0.0494, 0.0416, 0.0393],
        [0.5215, 0.0693, 0.0571, 0.0391, 0.0320, 0.0239],
        [0.2057, 0.1655, 0.0635, 0.0593, 0.0454, 0.0401],
        [0.0722, 0.0516, 0.0404, 0.0401, 0.0383, 0.0336],
        [0.1403, 0.1106, 0.0666, 0.0568, 0.0493, 0.0473],
        [0.0795, 0.0681, 0.0451, 0.0375, 0.0333, 0.0309],
        [0.0576, 0.0555, 0.0519, 0.0426, 0.0375, 0.0337],
        [0.0543, 0.0352, 0.0340, 0.0286, 0.0279, 0.0278],
        [0.2355, 0.1195, 0.0525, 0.0506, 0.0348, 0.0274],
        [0.0984, 0.0669, 0.0487, 0.0366, 0.0308, 0.0303],
        [0.0903, 0.0738, 0.0632, 0.0630, 0.0624, 0.0577],
        [0.1485, 0.1256, 0.1042, 0.0889, 0.0764, 0.0374],
        [0.5356, 0.0767, 0.0361, 0.0293, 0.0146, 0.0126],
        [0.1031, 0.0995, 0.0607, 0.0357, 0.0331, 0.0302],
        [0.0452, 0.0415, 0.0411, 0.0321, 0.0318, 0.0307],
        [0.0953, 0.0928, 0.0738, 0.0718, 0.0521, 0.0462],
        [0.1949, 0.0659, 0.0490, 0.0475, 0.0384, 0.0375],
        [0.1469, 0.1108, 0.1057, 0.0677, 0.0642, 0.0439],
        [0.1249, 0.0604, 0.0576, 0.0445, 0.0275, 0.0242],
        [0.0783, 0.0646, 0.0346, 0.0330, 0.0260, 0.0228],
        [0.0928, 0.0832, 0.0637, 0.0556, 0.0357, 0.0350],
        [0.3853, 0.0929, 0.0495, 0.0395, 0.0380, 0.0325],
        [0.1267, 0.0849, 0.0710, 0.0396, 0.0381, 0.0355],
        [0.0601, 0.0513, 0.0509, 0.0402, 0.0383, 0.0375],
        [0.1044, 0.0675, 0.0540, 0.0458, 0.0301, 0.0284],
        [0.2372, 0.1700, 0.0697, 0.0616, 0.0461, 0.0355],
        [0.0962, 0.0728, 0.0477, 0.0441, 0.0391, 0.0353],
        [0.0996, 0.0856, 0.0697, 0.0606, 0.0508, 0.0367],
        [0.0803, 0.0636, 0.0592, 0.0500, 0.0332, 0.0276],
        [0.2681, 0.0605, 0.0327, 0.0272, 0.0272, 0.0255],
        [0.0829, 0.0697, 0.0401, 0.0312, 0.0293, 0.0265],
        [0.0885, 0.0756, 0.0491, 0.0425, 0.0423, 0.0396],
        [0.1421, 0.1175, 0.0665, 0.0650, 0.0538, 0.0452],
        [0.0890, 0.0424, 0.0406, 0.0358, 0.0351, 0.0347],
        [0.2628, 0.1958, 0.1263, 0.0479, 0.0297, 0.0251],
        [0.1148, 0.0956, 0.0721, 0.0649, 0.0480, 0.0378],
        [0.0927, 0.0636, 0.0545, 0.0369, 0.0335, 0.0307],
        [0.1231, 0.0389, 0.0384, 0.0354, 0.0347, 0.0236],
        [0.0600, 0.0502, 0.0370, 0.0280, 0.0259, 0.0256],
        [0.1266, 0.1162, 0.0590, 0.0555, 0.0490, 0.0445],
        [0.3280, 0.0318, 0.0308, 0.0264, 0.0256, 0.0208],
        [0.1057, 0.0794, 0.0501, 0.0478, 0.0396, 0.0381],
        [0.4749, 0.0725, 0.0527, 0.0331, 0.0221, 0.0180],
        [0.0503, 0.0426, 0.0367, 0.0364, 0.0342, 0.0313]])

----------------indices-----------------
torch.Size([64, 6])
tensor([[15, 58, 16, 50,  2, 17],
        [ 0, 52, 12, 32, 24,  8],
        [40, 23, 37, 34, 59, 38],
        [44, 57, 51, 22, 24, 20],
        [13, 28, 12, 26, 52,  0],
        [14, 62, 50, 33, 31, 59],
        [10,  3,  8, 52, 18, 53],
        [38, 47, 23, 21, 41, 33],
        [62, 18, 59, 51, 57, 46],
        [50, 14, 27, 31, 47, 54],
        [58, 14, 63,  8, 19, 15],
        [27, 33, 50, 63, 48, 49],
        [ 8, 52, 27, 10, 34,  0],
        [59, 43, 11, 31, 12, 53],
        [56, 40, 46, 59,  1, 42],
        [13, 12, 54, 28, 46, 26],
        [30, 37, 21, 32,  4, 23],
        [17, 53,  4, 20,  5, 47],
        [40, 43, 34, 60, 33, 30],
        [28, 54, 46, 39, 13, 31],
        [19, 26, 56, 16, 18, 46],
        [ 3,  2,  9, 17, 42, 18],
        [ 5,  4, 31, 12, 54, 56],
        [24, 57, 14, 30, 43, 60],
        [18, 63, 62, 57, 42, 35],
        [51, 23, 10, 45, 49, 15],
        [14, 37, 49, 22, 44, 48],
        [14, 11, 53, 50, 59, 20],
        [ 3,  2, 59, 14, 21, 47],
        [51,  7, 30, 18,  0, 16],
        [34, 22, 36, 62, 25, 18],
        [61,  4,  9, 57,  5, 18],
        [ 2, 58, 15, 52,  3, 31],
        [39, 25, 51,  7, 60, 45],
        [50, 48, 11, 40, 32, 27],
        [ 1, 35, 26, 56, 19,  2],
        [ 0, 21, 10,  8, 46, 52],
        [39, 54, 25, 28, 46,  4],
        [33, 30,  6, 11, 25, 15],
        [33, 24, 48, 13, 55, 15],
        [18, 55, 45, 48, 58, 49],
        [54, 31, 39, 46, 26,  4],
        [18, 39, 62, 63,  7, 35],
        [34, 32,  8, 22, 16, 11],
        [15,  8, 48, 34, 49, 23],
        [54, 12, 28, 13, 39,  0],
        [24, 33,  5, 22, 32, 20],
        [56, 39,  7, 42, 44, 63],
        [55, 40, 59, 37, 41, 29],
        [ 3, 42, 17, 40,  1, 56],
        [30,  6, 33, 22, 13, 45],
        [62, 11, 48, 16,  7, 60],
        [41, 43, 40,  3,  9,  2],
        [36, 57, 56, 41,  1, 48],
        [46, 54, 12, 13, 28, 17],
        [56, 17,  5, 46,  2, 42],
        [24, 33, 22,  5, 23, 32],
        [25, 34, 44, 18,  6, 55],
        [33, 31,  7, 30, 29, 13],
        [19,  9, 61,  3, 35, 40],
        [15,  8, 48, 50, 60, 58],
        [53, 23,  4, 45, 16, 40],
        [28, 13, 46, 12, 26,  3],
        [26, 54, 53,  5, 31, 27]])
