============================================================
METADATA (6Th token of each sequence)
============================================================
Model: flame-moe-290m
Run ID: 31066
Epoch: 5473
Layer: 25
Token Position: 5 (6th)
Shards processed: 0-0.pt, 0-1.pt
Total sequences: 64
Sequence length: 512
============================================================

----------------samples-----------------
torch.Size([64])
tensor([ 5311, 29661,  9319,   253,   253,   320,  5092,   187,  1781,  4266,
         4033,    15,    32,   617, 20953,   323, 33680,  9058,   626,   187,
          665,   323,  2554,    13, 14065,   309,  3085,   512,   512,   752,
          253,   320,    13,    13,  2167,   309,    13,   281,   562,   403,
        10280,   342,   685,  2866,   187,   634,   187,   619,   570,    13,
         1294,  6662,   359,    13, 23899,  1698,   509,   457,   626,   273,
         2064,  5312,   285,    13])

-----------------scores-----------------
torch.Size([64, 6])
tensor([[0.2928, 0.1445, 0.0993, 0.0600, 0.0489, 0.0322],
        [0.3567, 0.1467, 0.1059, 0.0842, 0.0506, 0.0194],
        [0.2115, 0.1762, 0.0962, 0.0792, 0.0457, 0.0325],
        [0.2611, 0.1005, 0.0605, 0.0587, 0.0574, 0.0274],
        [0.2630, 0.1137, 0.0641, 0.0536, 0.0393, 0.0307],
        [0.1728, 0.1086, 0.0730, 0.0603, 0.0529, 0.0507],
        [0.1532, 0.1414, 0.1138, 0.0974, 0.0588, 0.0455],
        [0.3672, 0.1135, 0.1002, 0.0657, 0.0357, 0.0225],
        [0.1104, 0.0614, 0.0584, 0.0549, 0.0487, 0.0392],
        [0.2764, 0.1454, 0.0900, 0.0548, 0.0380, 0.0293],
        [0.1277, 0.1015, 0.0770, 0.0505, 0.0423, 0.0370],
        [0.1905, 0.1801, 0.1397, 0.1155, 0.0534, 0.0485],
        [0.1771, 0.1192, 0.0798, 0.0482, 0.0432, 0.0340],
        [0.3004, 0.1082, 0.1077, 0.0686, 0.0382, 0.0285],
        [0.2393, 0.1367, 0.0699, 0.0698, 0.0395, 0.0373],
        [0.2930, 0.1803, 0.0741, 0.0264, 0.0257, 0.0200],
        [0.2155, 0.1746, 0.1083, 0.1024, 0.0455, 0.0426],
        [0.1704, 0.1112, 0.0805, 0.0677, 0.0516, 0.0507],
        [0.2345, 0.1579, 0.0894, 0.0395, 0.0362, 0.0355],
        [0.2920, 0.1460, 0.1039, 0.0858, 0.0437, 0.0430],
        [0.1913, 0.1416, 0.1154, 0.0460, 0.0310, 0.0301],
        [0.1566, 0.1297, 0.0804, 0.0688, 0.0557, 0.0427],
        [0.2351, 0.1400, 0.0948, 0.0624, 0.0552, 0.0483],
        [0.3448, 0.2228, 0.0593, 0.0413, 0.0302, 0.0203],
        [0.8296, 0.0263, 0.0140, 0.0137, 0.0127, 0.0097],
        [0.1876, 0.1788, 0.0925, 0.0677, 0.0389, 0.0328],
        [0.1581, 0.1427, 0.1367, 0.0645, 0.0322, 0.0320],
        [0.1720, 0.1060, 0.0838, 0.0790, 0.0530, 0.0280],
        [0.1130, 0.0871, 0.0803, 0.0661, 0.0660, 0.0659],
        [0.2213, 0.0792, 0.0746, 0.0643, 0.0546, 0.0524],
        [0.2215, 0.1713, 0.1146, 0.0355, 0.0269, 0.0253],
        [0.2421, 0.1032, 0.0689, 0.0434, 0.0362, 0.0333],
        [0.4259, 0.1260, 0.1222, 0.0963, 0.0414, 0.0314],
        [0.1913, 0.1814, 0.0892, 0.0738, 0.0357, 0.0335],
        [0.1086, 0.1035, 0.0989, 0.0635, 0.0529, 0.0497],
        [0.1603, 0.0787, 0.0615, 0.0561, 0.0560, 0.0535],
        [0.1920, 0.1057, 0.0701, 0.0572, 0.0473, 0.0431],
        [0.1745, 0.1660, 0.1259, 0.0635, 0.0402, 0.0399],
        [0.3221, 0.0826, 0.0646, 0.0579, 0.0475, 0.0299],
        [0.1040, 0.0906, 0.0672, 0.0464, 0.0340, 0.0324],
        [0.1096, 0.0683, 0.0679, 0.0402, 0.0385, 0.0338],
        [0.1180, 0.0962, 0.0727, 0.0549, 0.0544, 0.0422],
        [0.0760, 0.0698, 0.0554, 0.0489, 0.0445, 0.0332],
        [0.1979, 0.1363, 0.0569, 0.0329, 0.0287, 0.0281],
        [0.2317, 0.0918, 0.0585, 0.0561, 0.0438, 0.0421],
        [0.2095, 0.0968, 0.0606, 0.0346, 0.0277, 0.0272],
        [0.3771, 0.1313, 0.0400, 0.0337, 0.0293, 0.0255],
        [0.0884, 0.0844, 0.0760, 0.0552, 0.0510, 0.0392],
        [0.0739, 0.0735, 0.0698, 0.0660, 0.0627, 0.0598],
        [0.1246, 0.0952, 0.0856, 0.0592, 0.0492, 0.0439],
        [0.4955, 0.2128, 0.0528, 0.0479, 0.0387, 0.0143],
        [0.1727, 0.0833, 0.0789, 0.0627, 0.0591, 0.0363],
        [0.1881, 0.1672, 0.1617, 0.0688, 0.0356, 0.0288],
        [0.1342, 0.1071, 0.0844, 0.0523, 0.0404, 0.0372],
        [0.1352, 0.1351, 0.1001, 0.0684, 0.0403, 0.0340],
        [0.0876, 0.0843, 0.0833, 0.0831, 0.0547, 0.0505],
        [0.1661, 0.1628, 0.1610, 0.1275, 0.1043, 0.0167],
        [0.1773, 0.1163, 0.0774, 0.0746, 0.0701, 0.0573],
        [0.1144, 0.1061, 0.0794, 0.0734, 0.0594, 0.0415],
        [0.1971, 0.0526, 0.0469, 0.0385, 0.0371, 0.0334],
        [0.1854, 0.1316, 0.0868, 0.0645, 0.0364, 0.0348],
        [0.0988, 0.0812, 0.0793, 0.0550, 0.0542, 0.0497],
        [0.2171, 0.1128, 0.1086, 0.0449, 0.0335, 0.0317],
        [0.0857, 0.0764, 0.0755, 0.0721, 0.0469, 0.0419]])

----------------indices-----------------
torch.Size([64, 6])
tensor([[26,  3, 61, 23, 25, 47],
        [59,  3, 26, 47, 61, 22],
        [54,  7, 16, 52, 27, 43],
        [47, 25, 17,  6, 40, 23],
        [43, 28,  9, 18, 17, 60],
        [33, 10, 57, 58, 19, 15],
        [45, 34,  1, 14, 22, 11],
        [61,  3, 26, 47, 35,  2],
        [17, 54, 27, 53, 45, 19],
        [ 2, 35, 36, 41, 40,  6],
        [32, 63, 42, 60, 39, 24],
        [ 4, 49,  0, 54, 51, 30],
        [62, 18, 39, 53, 21, 29],
        [29, 12, 21,  7, 62, 30],
        [24, 63, 35, 47, 12,  2],
        [ 2, 35, 36, 15, 25, 20],
        [12, 21, 29,  2, 35,  7],
        [31, 43, 13, 53, 38, 34],
        [57,  3, 30, 41, 40, 61],
        [ 3, 26, 33, 47, 61, 59],
        [14, 19, 33,  3, 34, 45],
        [31, 39, 43, 13, 18, 54],
        [ 5, 18, 49,  9, 39, 43],
        [29, 62, 18, 12, 31, 39],
        [55, 44,  0, 34,  9,  5],
        [54, 16, 52, 27, 17, 13],
        [ 4, 38, 49,  7, 37, 29],
        [34, 33, 14, 45,  1, 36],
        [ 1, 11, 48, 45, 14, 22],
        [23, 59, 40, 47, 25, 28],
        [ 4, 49, 38, 37,  9,  7],
        [36, 34, 33, 40, 14, 19],
        [50,  8, 15, 33, 20, 27],
        [ 6, 61, 26,  3,  2, 47],
        [24, 35, 63, 36,  3, 26],
        [59, 45,  1, 53, 48, 47],
        [32, 21, 56, 49, 12, 50],
        [18,  8, 15, 62, 20, 50],
        [20, 40, 28,  3, 19, 43],
        [42, 60, 32, 63, 61, 24],
        [19, 20, 48, 13, 31,  3],
        [32, 63, 24, 26,  3, 21],
        [57,  6, 32, 24, 42, 60],
        [28,  9, 29, 43, 37, 60],
        [23, 26, 61, 35,  3, 24],
        [23, 14, 42, 25, 57,  5],
        [38,  9, 44, 18, 28, 43],
        [22, 45,  1, 31, 11, 56],
        [12, 21, 43, 56, 54, 28],
        [ 1, 14, 45, 28, 11, 26],
        [50,  5,  8, 30, 16, 27],
        [ 6, 24, 23, 40, 17, 56],
        [ 2, 36, 25, 35, 12, 61],
        [11, 45, 14,  1, 22, 18],
        [56, 36, 12, 21,  1,  2],
        [56, 21, 48, 12, 26,  3],
        [ 2, 36, 25, 35, 20, 12],
        [28, 52, 54, 17, 23, 38],
        [22, 11, 45,  1, 14, 34],
        [ 3, 20, 26, 40, 47, 36],
        [38, 52, 16, 13, 54, 41],
        [37, 44, 49,  4,  9, 38],
        [ 7, 54, 52, 16, 28, 13],
        [28, 54, 52, 23, 17, 34]])
