PIM Expert Operations - Total Cycles
Decoder-BS64/2nd/pim/4
Note: 2 activation movements (fc1 and fc2)
BS16 - Activation divider: 128

--- Activation Movements ---
layer0.ffn.activation_movement_2: 1118 cycles
layer0.ffn.activation_movement_1: 1124 cycles
Total activation movement cycles: 2242
----------------------------

================================================================================
 Expert Number  fc1  gelu  fc2  total compute
             0 2865    30 2852           5747
             1 2865    43 2854           5762
             2 2865    28 2851           5744
             3 2865    43 2865           5773
             4 2896    43 2865           5804
             5 2865    42 2866           5773
             6 3016    29 2836           5881
             7 2865    44 2865           5774
             8 3055    30 2851           5936
             9 2865    43 2865           5773
            10 3046    29 2851           5926
            11 2865    43 2865           5773
            14 3045    29 2852           5926
            15 2865    44 2865           5774
            16 3039    29 2851           5919
            17 2865    43 2865           5773
            18 3046    28 2851           5925
            19 2865    42 2865           5772
            20 3045    29 2836           5910
            21 2866    43 2865           5774
            22 3032    42 2865           5939
            23 2865    42 2854           5761
            24 3047    28 2851           5926
            25 2865    42 2866           5773
            26 3043    28 2851           5922
            27 2842    42 2854           5738
            28 3085    28 2835           5948
            29 2865    42 2854           5761
            30 3070    28 2835           5933
            31 2865    42 2850           5757
            33 3079    28 2835           5942
            34 2865    43 2854           5762
            35 3071    28 2835           5934
            36 2865    42 2854           5761
            37 3066    42 2865           5973
            39 2865    43 2855           5763
            40 3028    29 2836           5893
            41 2854    42 2865           5761
            42 3067    12 2836           5915
            45 2865    43 2850           5758
            46 3096    28 2835           5959
            47 2865    42 2865           5772
            48 3059    28 2851           5938
            49 2865    12 2854           5731
            50 3090    30 2852           5972
            51 2865    43 2866           5774
            52 3012    29 2836           5877
            53 2865    43 2865           5773
            55 3083    43 2865           5991
            56 2865    43 2865           5773
            58 3011    30 2851           5892
            59 2865    42 2865           5772
            60 3042    29 2851           5922
            61 2865    42 2854           5761
            62 3061    29 2851           5941
            63 2850    44 2865           5759