PIM Expert Operations - Total Cycles
Decoder-BS64/4th/pim/6
Note: 2 activation movements (fc1 and fc2)
BS16 - Activation divider: 128

--- Activation Movements ---
layer0.ffn.activation_movement_2: 1118 cycles
layer0.ffn.activation_movement_1: 1124 cycles
Total activation movement cycles: 2242
----------------------------

================================================================================
 Expert Number  fc1  gelu  fc2  total compute
             0 2865    28 2851           5744
             1 2865    43 2865           5773
             2 2865    30 2851           5746
             5 2866    42 2854           5762
             6 2897    28 2851           5776
             8 2865    44 2865           5774
             9 3043    30 2851           5924
            11 2865    44 2865           5774
            12 3040    28 2836           5904
            15 2865    42 2865           5772
            16 3064    29 2836           5929
            17 2854    45 2865           5764
            18 3069    29 2851           5949
            19 2865    43 2865           5773
            21 3041    29 2851           5921
            23 2865    44 2865           5774
            25 3045    28 2851           5924
            26 2865    44 2865           5774
            27 3043    31 2851           5925
            28 2865    43 2866           5774
            29 3038    30 2851           5919
            31 2865    42 2854           5761
            35 3050    28 2851           5929
            39 2865    42 2854           5761
            40 3056    29 2851           5936
            41 2865    43 2865           5773
            43 3033    28 2836           5897
            44 2865    12 2865           5742
            45 3103    31 2851           5985
            46 2865    43 2854           5762
            47 3054    28 2851           5933
            48 5681   299 5681          11661
            49 2865    44 2866           5775
            51 3077    29 2851           5957
            52 2865    44 2865           5774
            53 3038    28 2851           5917
            54 2865    43 2865           5773
            55 3050    29 2836           5915
            56 2865    43 2854           5762
            57 3069    28 2851           5948
            58 2865    42 2854           5761
            59 3055    29 2851           5935
            60 2865    42 2865           5772
            61 3046    28 2851           5925
            62 5682   315 5667          11664
            63 2865    42 2865           5772