Expert Operations - Total Cycles
================================================================================
 Expert Number  param_load  fc1  gelu  fc2  total compute
             0      353536 1706   151 1706           3563
             1      353600 2137   186 2137           4460
             2      353536 2569   221 2569           5359
             3      353536 2714   233 2713           5660
             4      353536 1946   170 1946           4062
             5      353600 1562   136 1561           3259
             6      353600 2857   245 2858           5960
             7      353536 2329   200 2329           4858
             8      353600 1754   155 1754           3663
             9      353536  841    76  841           1758
            10      353536 2137   185 2138           4460
            11      353536 3001   256 3002           6259
            12      353536 2570   223 2570           5363
            13      353536 3433   293 3434           7160
            14      353536 2425   208 2426           5059
            15      353536 2330   201 2330           4861
            16      353536 2617   225 2617           5459
            17      353536 3241   276 3242           6759
            18      353536 2186   188 2186           4560
            19      353536 1849   163 1850           3862
            20      353536 1561   139 1562           3262
            21      353536 2857   244 2856           5957
            22      353536 2666   228 2665           5559
            23      353536 2521   216 2522           5259
            24      353536 1754   154 1754           3662
            25      353536 2234   194 2233           4661
            26      353536 2618   227 2617           5462
            27      353536 1465   131 1466           3062
            28      353536 1128   102 1130           2360
            29      353536 3242   276 3242           6760
            30      353536 2233   192 2234           4659
            31      353600 2810   241 2810           5861
            32      353600 2521   219 2520           5260
            33      353536 2378   206 2378           4962
            34      353536 2233   194 2234           4661
            35      353536 2233   193 2234           4660
            36      353536 2473   213 2473           5159
            37      353536 1994   174 1994           4162
            38      353536 1993   175 1993           4161
            39      353600 3098   267 3098           6463
            40      353536 2425   209 2426           5060
            41      353536 1945   169 1945           4059
            42      353536 3146   270 3146           6562
            43      353536 2761   238 2762           5761
            44      353536 1754   154 1754           3662
            45      353536 2905   250 2906           6061
            46      353536 1897   165 1896           3958
            47      353536 2569   221 2570           5360
            48      353536 2042   178 2042           4262
            49      353536 2522   219 2522           5263
            50      353536 2281   199 2281           4761
            51      353536 1801   159 1801           3761
            52      353536 2953   255 2954           6162
            53      353536 1945   171 1945           4061
            54      353536 2905   251 2906           6062
            55      353536 3721   317 3722           7760
            56      353536 2665   230 2666           5561
            57      353536 2665   230 2666           5561
            58      353536 1034    94 1033           2161
            59      353536 2521   218 2522           5261
            60      353536 2137   185 2138           4460
            61      353536 2761   237 2761           5759
            62      353536 2425   209 2426           5060
            63      353536 2185   188 2185           4558