PIM Expert Operations - Total Cycles
Decoder-BS64/3rd/pim/6
Note: 2 activation movements (fc1 and fc2)
BS16 - Activation divider: 128

--- Activation Movements ---
layer0.ffn.activation_movement_2: 1118 cycles
layer0.ffn.activation_movement_1: 1124 cycles
Total activation movement cycles: 2242
----------------------------

================================================================================
 Expert Number  fc1  gelu  fc2  total compute
             0 2865    30 2852           5747
             1 2865    42 2865           5772
             2 2866    29 2851           5746
             5 2865    45 2865           5775
             6 2882    44 2865           5791
             7 2865    42 2867           5774
             9 3013    29 2851           5893
            10 2865    43 2865           5773
            11 3043    28 2851           5922
            12 2846    43 2854           5743
            13 3077    30 2851           5958
            14 2865    43 2865           5773
            15 3044    31 2851           5926
            16 2865    42 2865           5772
            17 3040    29 2851           5920
            18 2865    44 2865           5774
            20 3045    30 2851           5926
            21 2865    42 2865           5772
            26 3043    30 2851           5924
            28 2865    42 2865           5772
            31 3041    28 2851           5920
            32 2865    43 2865           5773
            33 3029    29 2851           5909
            34 2846    42 2854           5742
            35 3062    28 2851           5941
            36 2865    12 2865           5742
            37 3103    28 2835           5966
            38 2865    43 2854           5762
            39 3070    29 2851           5950
            40 2842    42 2865           5749
            41 3069    28 2836           5933
            42 2865    42 2835           5742
            43 3090    12 2836           5938
            44 2865    45 2866           5776
            46 3070    29 2851           5950
            47 2865    45 2865           5775
            48 3044    43 2851           5938
            50 2865    43 2865           5773
            51 3022    29 2851           5902
            52 2865    44 2865           5774
            53 3042    28 2851           5921
            54 2865    43 2865           5773
            55 3047    30 2851           5928
            56 2865    42 2854           5761
            57 3056    28 2851           5935
            58 2865    42 2854           5761
            59 3056    29 2851           5936
            60 2865    44 2865           5774
            61 3041    28 2851           5920
            63 2865    42 2854           5761