PIM Expert Operations - Total Cycles
Decoder-BS64/1st/pim/4
Note: 2 activation movements (fc1 and fc2)
BS16 - Activation divider: 128

--- Activation Movements ---
layer0.ffn.activation_movement_2: 1118 cycles
layer0.ffn.activation_movement_1: 1124 cycles
Total activation movement cycles: 2242
----------------------------

================================================================================
 Expert Number  fc1  gelu  fc2  total compute
             0 2865    28 2851           5744
             1 2865    43 2865           5773
             5 2865    29 2836           5730
             6 2865    45 2865           5775
             7 2900    42 2865           5807
             8 2865    43 2867           5775
            10 3015    30 2851           5896
            12 2865    44 2865           5774
            14 3040    29 2851           5920
            15 2865    43 2865           5773
            16 3046    31 2851           5928
            17 2865    43 2866           5774
            18 3042    28 2851           5921
            19 2865    42 2866           5773
            20 3015    29 2851           5895
            21 2865    42 2865           5772
            22 3074    31 2851           5956
            23 2865    42 2865           5772
            25 3042    29 2851           5922
            26 2865    42 2854           5761
            28 3053    43 2851           5947
            29 2842    42 2866           5750
            30 3050    29 2836           5915
            31 2865    42 2865           5772
            32 3056    28 2836           5920
            33 2865    12 2865           5742
            34 3096    30 2851           5977
            35 2842    42 2865           5749
            36 3037    28 2851           5916
            37 2865    42 2854           5761
            38 3086    28 2835           5949
            40 2865    12 2836           5713
            43 3120    28 2835           5983
            44 2865    44 2835           5744
            45 3040    29 2851           5920
            47 2865    44 2865           5774
            49 3085    28 2851           5964
            50 2865    43 2854           5762
            51 3054    29 2836           5919
            52 2866    43 2865           5774
            53 3063    29 2851           5943
            54 2866    42 2865           5773
            55 3041    28 2851           5920
            56 2865    42 2866           5773
            57 3047    31 2851           5929
            58 2865    43 2865           5773
            59 3041    31 2852           5924
            60 2865    44 2865           5774
            61 3037    28 2851           5916
            62 2865    44 2865           5774
            63 3045    28 2836           5909