PIM Expert Operations - Total Cycles
Decoder-BS64/2nd/pim/6
Note: 2 activation movements (fc1 and fc2)
BS16 - Activation divider: 128

--- Activation Movements ---
layer0.ffn.activation_movement_2: 1118 cycles
layer0.ffn.activation_movement_1: 1124 cycles
Total activation movement cycles: 2242
----------------------------

================================================================================
 Expert Number  fc1  gelu  fc2  total compute
             0 2865    28 2851           5744
             1 2865    43 2865           5773
             2 2865    30 2851           5746
             4 2866    43 2865           5774
             5 2885    43 2865           5793
             6 2865    42 2866           5773
             7 3016    30 2851           5897
             8 2865    42 2854           5761
            10 3052    30 2852           5934
            11 2865    43 2854           5762
            12 5872    46 5681          11599
            15 3179    28 2851           6058
            17 2865    42 2854           5761
            18 3029    43 2865           5937
            19 2865    42 2865           5772
            20 3016    28 2851           5895
            21 2865    42 2865           5772
            23 3044    12 2835           5891
            24 2865    43 2854           5762
            26 3093    28 2836           5957
            27 2865    42 2865           5772
            29 2970    29 2836           5835
            31 2865    44 2865           5774
            32 2899    30 2851           5780
            35 2865    43 2865           5773
            36 2851    45 2866           5762
            37 2865    43 2865           5773
            38 2851    42 2854           5747
            39 2865    45 2865           5775
            40 2851    43 2865           5759
            41 2865    42 2854           5761
            42 2852    43 2865           5760
            43 2865   147 2865           5877
            44 2865    44 2865           5774
            45 2865   191 2865           5921
            46 2851    43 2866           5760
            47 2865   207 2854           5926
            48 2851    43 2865           5759
            49 2865   217 2865           5947
            50 2851    44 2865           5760
            51 2865   205 2865           5935
            52 2851    42 2854           5747
            53 2866   219 2865           5950
            54 2851    42 2865           5758
            56 2865   212 2866           5943
            58 2835    42 2865           5742
            60 2865   220 2866           5951
            62 2835    43 2865           5743
            63 2865   223 2865           5953