============================================================
METADATA (9Th token of each sequence)
============================================================
Model: flame-moe-290m
Run ID: 31066
Epoch: 5473
Layer: 3
Token Position: 8 (9th)
Shards processed: 0-0.pt, 0-1.pt
Total sequences: 64
Sequence length: 512
============================================================

----------------samples-----------------
torch.Size([64])
tensor([  452,  3762,   309,   310,   247,   326,   407,  2139,  5020, 19916,
          187,     8,  1754,   247, 12103,   187,   187,    13,  2489,   310,
          703,  1309,  1495,    14,  3196,   352,  3045,   309,    15,   513,
          253,   187,  1682,  1519,   310, 14494,  5312, 10764,   323,   281,
         3365,  9787,   273,   816,   253, 11017,  1520,    13,   368,  2139,
           13, 28771,   387,  3430,  8344,  1142,  2489,    81, 17825,    13,
         1292,   285,  1032, 14003])

-----------------scores-----------------
torch.Size([64, 6])
tensor([[0.1216, 0.0580, 0.0551, 0.0505, 0.0501, 0.0500],
        [0.2616, 0.1296, 0.0714, 0.0648, 0.0396, 0.0331],
        [0.0865, 0.0755, 0.0563, 0.0333, 0.0268, 0.0253],
        [0.1120, 0.0922, 0.0826, 0.0737, 0.0539, 0.0496],
        [0.0460, 0.0329, 0.0302, 0.0298, 0.0294, 0.0275],
        [0.0413, 0.0323, 0.0278, 0.0252, 0.0251, 0.0248],
        [0.0573, 0.0535, 0.0321, 0.0281, 0.0277, 0.0268],
        [0.0580, 0.0487, 0.0466, 0.0453, 0.0370, 0.0309],
        [0.0353, 0.0322, 0.0317, 0.0304, 0.0294, 0.0286],
        [0.1318, 0.0641, 0.0555, 0.0427, 0.0306, 0.0306],
        [0.0511, 0.0485, 0.0320, 0.0318, 0.0315, 0.0269],
        [0.0866, 0.0802, 0.0784, 0.0720, 0.0601, 0.0457],
        [0.0798, 0.0710, 0.0692, 0.0637, 0.0545, 0.0343],
        [0.0329, 0.0281, 0.0258, 0.0258, 0.0246, 0.0245],
        [0.0365, 0.0358, 0.0350, 0.0346, 0.0309, 0.0288],
        [0.0736, 0.0279, 0.0268, 0.0261, 0.0247, 0.0244],
        [0.0505, 0.0306, 0.0270, 0.0263, 0.0259, 0.0258],
        [0.1230, 0.0612, 0.0574, 0.0508, 0.0355, 0.0323],
        [0.0755, 0.0303, 0.0256, 0.0247, 0.0241, 0.0239],
        [0.0824, 0.0783, 0.0594, 0.0513, 0.0417, 0.0345],
        [0.0483, 0.0278, 0.0272, 0.0260, 0.0259, 0.0255],
        [0.1420, 0.0753, 0.0677, 0.0568, 0.0555, 0.0515],
        [0.0596, 0.0565, 0.0492, 0.0346, 0.0312, 0.0291],
        [0.0375, 0.0343, 0.0327, 0.0315, 0.0263, 0.0255],
        [0.0777, 0.0354, 0.0325, 0.0309, 0.0295, 0.0286],
        [0.1147, 0.0791, 0.0422, 0.0396, 0.0375, 0.0364],
        [0.0290, 0.0281, 0.0280, 0.0277, 0.0266, 0.0265],
        [0.0332, 0.0298, 0.0294, 0.0248, 0.0231, 0.0224],
        [0.1315, 0.0365, 0.0356, 0.0293, 0.0288, 0.0282],
        [0.0400, 0.0337, 0.0334, 0.0264, 0.0252, 0.0250],
        [0.1148, 0.0998, 0.0895, 0.0486, 0.0402, 0.0402],
        [0.0351, 0.0294, 0.0276, 0.0275, 0.0271, 0.0251],
        [0.2531, 0.0397, 0.0350, 0.0333, 0.0328, 0.0316],
        [0.0735, 0.0677, 0.0607, 0.0479, 0.0454, 0.0290],
        [0.1033, 0.0935, 0.0886, 0.0691, 0.0551, 0.0398],
        [0.0628, 0.0536, 0.0315, 0.0262, 0.0242, 0.0236],
        [0.1382, 0.1085, 0.0746, 0.0416, 0.0374, 0.0325],
        [0.0512, 0.0339, 0.0315, 0.0296, 0.0266, 0.0265],
        [0.0443, 0.0380, 0.0299, 0.0281, 0.0267, 0.0223],
        [0.0630, 0.0378, 0.0345, 0.0303, 0.0280, 0.0276],
        [0.0656, 0.0487, 0.0368, 0.0330, 0.0265, 0.0234],
        [0.0800, 0.0707, 0.0520, 0.0411, 0.0398, 0.0371],
        [0.0452, 0.0379, 0.0359, 0.0348, 0.0260, 0.0253],
        [0.0430, 0.0344, 0.0322, 0.0259, 0.0247, 0.0244],
        [0.0501, 0.0497, 0.0418, 0.0341, 0.0297, 0.0273],
        [0.1580, 0.0527, 0.0429, 0.0354, 0.0334, 0.0304],
        [0.0756, 0.0695, 0.0691, 0.0453, 0.0453, 0.0432],
        [0.0669, 0.0371, 0.0290, 0.0281, 0.0278, 0.0232],
        [0.0300, 0.0261, 0.0253, 0.0251, 0.0234, 0.0222],
        [0.1285, 0.0725, 0.0349, 0.0348, 0.0345, 0.0340],
        [0.0491, 0.0429, 0.0425, 0.0409, 0.0320, 0.0282],
        [0.0288, 0.0266, 0.0246, 0.0240, 0.0217, 0.0212],
        [0.0305, 0.0288, 0.0279, 0.0269, 0.0263, 0.0249],
        [0.0961, 0.0525, 0.0502, 0.0369, 0.0325, 0.0322],
        [0.0745, 0.0393, 0.0385, 0.0336, 0.0297, 0.0273],
        [0.1642, 0.1212, 0.0689, 0.0581, 0.0535, 0.0521],
        [0.1002, 0.0842, 0.0793, 0.0713, 0.0543, 0.0389],
        [0.0377, 0.0311, 0.0263, 0.0257, 0.0257, 0.0254],
        [0.0549, 0.0526, 0.0299, 0.0286, 0.0278, 0.0266],
        [0.0878, 0.0516, 0.0496, 0.0476, 0.0457, 0.0435],
        [0.0514, 0.0321, 0.0319, 0.0311, 0.0300, 0.0296],
        [0.0885, 0.0828, 0.0800, 0.0692, 0.0611, 0.0451],
        [0.1660, 0.0374, 0.0331, 0.0313, 0.0278, 0.0275],
        [0.0410, 0.0373, 0.0292, 0.0289, 0.0282, 0.0275]])

----------------indices-----------------
torch.Size([64, 6])
tensor([[ 4, 58, 28, 40, 11, 59],
        [40,  4, 35, 58, 29, 22],
        [63, 31, 41, 15, 36, 59],
        [ 7, 22, 42, 54, 11,  1],
        [58, 56,  6, 43, 30, 41],
        [39, 10, 36, 56, 23, 45],
        [54, 15, 12, 51, 53,  9],
        [21,  4, 14, 23, 58, 45],
        [59, 37, 14, 57, 50, 48],
        [38, 29, 58,  9, 20, 22],
        [ 8, 56, 23, 13, 19, 51],
        [ 4, 22, 28, 58, 35, 29],
        [44, 38,  1, 54, 29, 41],
        [59,  3, 45, 61, 24, 26],
        [54, 16, 26, 13, 27, 51],
        [13, 32, 16, 21, 60, 29],
        [52, 57, 55, 17, 36, 25],
        [60, 34, 11,  4, 29, 22],
        [33, 36, 24, 60, 40, 39],
        [41,  7, 63, 31, 48, 59],
        [58, 43, 45, 62, 33, 14],
        [12,  2, 42, 38, 47, 18],
        [54, 12, 30, 36, 62, 52],
        [39, 53, 59,  6, 60, 46],
        [14, 51, 16, 39, 58, 32],
        [ 4,  1, 47, 11, 35, 29],
        [26, 62, 56, 41, 46, 30],
        [15, 25,  5, 17, 52, 55],
        [ 4, 58, 19, 35, 43, 45],
        [56, 49, 52, 44, 10,  3],
        [31, 48, 50,  0, 63, 41],
        [ 3, 52,  8, 53, 10, 36],
        [60, 15,  1, 28, 47, 36],
        [47, 60, 55,  6, 39,  3],
        [52, 49,  0, 18, 27, 38],
        [55, 39, 24, 48, 37,  6],
        [38, 20,  0, 55, 10, 42],
        [24, 54, 61, 49, 26, 38],
        [33, 53, 59, 48, 10, 26],
        [62, 57, 45,  5, 48, 32],
        [19, 60, 18, 53, 51, 36],
        [38,  0, 27, 61,  5, 18],
        [30,  6,  8, 43, 18, 44],
        [33, 49, 14,  0, 44,  4],
        [12, 38, 48, 56,  3, 61],
        [62, 12, 45, 19, 50, 38],
        [42, 17, 38, 30, 12,  9],
        [26, 49, 46, 61, 19, 59],
        [23, 60, 37, 53, 25, 13],
        [28, 58, 43,  8, 49, 29],
        [39, 17, 55,  3, 37, 24],
        [53, 23, 41, 60, 48, 55],
        [18, 43,  6, 56, 16, 62],
        [10, 51, 50,  5, 25,  1],
        [12, 56, 36, 38, 33, 52],
        [43, 58, 44,  6, 24,  4],
        [ 7,  0,  9, 20, 17, 29],
        [56, 49, 62,  0, 30, 52],
        [33, 49,  8, 53, 59, 42],
        [ 3, 54, 20, 63, 46, 15],
        [37, 42, 52, 11,  5, 32],
        [20, 17, 38, 18, 63, 50],
        [42, 62, 37, 11, 15, 56],
        [61, 56, 27, 38, 16, 55]])
