PIM Expert Operations - Total Cycles
Decoder-BS64/9th/pim/9
Note: 2 activation movements (fc1 and fc2)
BS16 - Activation divider: 128

--- Activation Movements ---
layer0.ffn.activation_movement_2: 1118 cycles
layer0.ffn.activation_movement_1: 1124 cycles
Total activation movement cycles: 2242
----------------------------

================================================================================
 Expert Number  fc1  gelu  fc2  total compute
             0 2865    28 2851           5744
             1 2865    42 2854           5761
             2 2865    29 2851           5745
             3 2865    43 2865           5773
             4 2876    30 2851           5757
             5 2865    43 2865           5773
             6 3065    28 2851           5944
             8 2865    42 2865           5772
             9 3003    28 2852           5883
            10 2865    44 2865           5774
            11 3068    29 2851           5948
            12 2865    42 2865           5772
            13 3065    28 2851           5944
            14 2854    43 2854           5751
            15 3065    28 2851           5944
            16 2865    42 2854           5761
            17 3035    29 2851           5915
            19 2865    42 2865           5772
            21 3044    42 2866           5952
            22 2835    43 2865           5743
            23 3066    28 2851           5945
            25 2865    43 2865           5773
            26 3039    30 2851           5920
            29 2865    42 2854           5761
            31 3059    29 2851           5939
            32 2865    44 2865           5774
            33 3043    29 2836           5908
            34 2866    45 2865           5776
            35 3054    29 2851           5934
            36 2865    43 2865           5773
            37 3045    28 2836           5909
            38 2865    42 2865           5772
            39 3060    28 2836           5924
            40 2865    44 2865           5774
            42 3037    43 2854           5934
            43 2865    43 2865           5773
            44 3041    30 2852           5923
            45 2865    44 2865           5774
            47 3040    30 2851           5921
            48 2865    43 2865           5773
            49 3041    29 2851           5921
            50 2865    42 2866           5773
            52 3047    29 2851           5927
            53 2865    43 2865           5773
            54 3045    29 2851           5925
            55 2865    42 2865           5772
            57 3045    29 2836           5910
            59 2865    42 2865           5772
            60 3057    29 2851           5937
            61 5662   354 5681          11697
            62 2865    42 2865           5772