PIM Expert Operations - Total Cycles
Decoder-BS64/3rd/pim/2
Note: 2 activation movements (fc1 and fc2)
BS16 - Activation divider: 128

--- Activation Movements ---
layer0.ffn.activation_movement_1: 1124 cycles
layer0.ffn.activation_movement_2: 1118 cycles
Total activation movement cycles: 2242
----------------------------

================================================================================
 Expert Number  fc1  gelu  fc2  total compute
             0 2865    28 2851           5744
             1 5681    46 5681          11408
             3 2865    43 2866           5774
             4 3001    29 2836           5866
             5 2865    43 2865           5773
             9 3060    29 2851           5940
            10 2865    42 2865           5772
            13 3043    28 2851           5922
            14 2865    45 2866           5776
            16 3043    28 2836           5907
            18 2865    43 2865           5773
            20 3059    45 2851           5955
            21 2865    43 2865           5773
            22 3025    42 2854           5921
            23 2865    43 2866           5774
            24 3022    29 2851           5902
            26 2865    43 2865           5773
            27 3042    29 2851           5922
            28 2865    45 2865           5775
            29 3047    29 2851           5927
            31 2865    43 2865           5773
            32 3041    28 2851           5920
            33 2865    44 2865           5774
            34 3045    31 2851           5927
            35 2865    44 2865           5774
            36 3041    29 2851           5921
            38 2865    45 2865           5775
            39 3039    28 2851           5918
            40 2865    42 2865           5772
            42 3047    28 2851           5926
            43 2850    42 2854           5746
            44 3066    29 2865           5960
            45 2865    45 2865           5775
            47 3026    28 2852           5906
            49 2865    44 2865           5774
            50 3041    29 2851           5921
            51 2865    43 2854           5762
            53 3060    29 2836           5925
            54 2865    42 2865           5772
            55 3059    30 2851           5940
            57 2865    42 2865           5772
            59 3042    30 2851           5923
            61 2865    42 2854           5761
            62 3056    28 2851           5935
            63 2846    44 2865           5755