PIM Expert Operations - Total Cycles
Decoder-BS64/3rd/pim/7
Note: 2 activation movements (fc1 and fc2)
BS16 - Activation divider: 128

--- Activation Movements ---
layer0.ffn.activation_movement_2: 1118 cycles
layer0.ffn.activation_movement_1: 1124 cycles
Total activation movement cycles: 2242
----------------------------

================================================================================
 Expert Number  fc1  gelu  fc2  total compute
             0 2865    29 2851           5745
             1 2866    43 2865           5774
             2 2866    28 2851           5745
             3 2865    44 2865           5774
             4 2884    28 2854           5766
             5 2865    44 2865           5774
             6 3041    29 2836           5906
             7 2865    44 2865           5774
            10 3055    28 2836           5919
            11 2865    43 2865           5773
            12 3063    28 2851           5942
            13 2854    43 2854           5751
            14 3041    28 2851           5920
            15 2865    43 2865           5773
            16 3051    31 2851           5933
            17 2866    45 2865           5776
            18 3059    28 2851           5938
            19 2865    43 2854           5762
            20 3055    30 2851           5936
            21 2865    43 2865           5773
            22 5856    46 5681          11583
            23 3177    29 2836           6042
            25 2865    45 2865           5775
            26 3035    28 2851           5914
            27 2865    42 2854           5761
            29 3057    29 2851           5937
            31 2842    42 2866           5750
            32 3064    28 2851           5943
            34 2865    42 2854           5761
            35 3052    42 2835           5929
            36 2865    42 2854           5761
            37 3058    28 2835           5921
            39 2835    44 2835           5714
            40 3072    30 2851           5953
            41 2865    42 2865           5772
            42 3093    28 2836           5957
            43 2842    43 2865           5750
            44 3045    28 2852           5925
            46 2865    44 2865           5774
            47 3082    28 2836           5946
            48 2866    42 2865           5773
            49 3038    28 2851           5917
            50 2865    42 2854           5761
            51 3077    12 2851           5940
            54 2850    43 2865           5758
            55 3069    28 2836           5933
            56 2865    42 2865           5772
            57 3060    29 2836           5925
            58 2865    12 2850           5727
            60 3107    30 2851           5988
            61 2866    44 2866           5776
            62 3041    28 2851           5920