============================================================
METADATA (5Th token of each sequence)
============================================================
Model: flame-moe-290m
Run ID: 31066
Epoch: 5473
Layer: 13
Token Position: 4 (5th)
Shards processed: 0-0.pt, 0-1.pt
Total sequences: 64
Sequence length: 512
============================================================

----------------samples-----------------
torch.Size([64])
tensor([  247,   253,   275,   326, 11403,   281,   280,   187,   285, 10280,
           15,  3655,   864,  4439,  2825,  9214, 26940,   247,    79,   187,
         3416,    13,  8750,  4345,   659,    13,   253, 48717,   281,   310,
          387,   588,  1333,  1469,    13,   985,   562,   751,  9549, 10861,
          510,  2954,  7673,  5286,   187,    13,  2756,   273, 31910, 28190,
         3378, 10309,  4620, 47693, 34703,  4942,   521,   733,  2506,  1320,
        30254,   616, 13958, 35328])

-----------------scores-----------------
torch.Size([64, 6])
tensor([[0.0988, 0.0872, 0.0846, 0.0801, 0.0440, 0.0391],
        [0.1862, 0.1314, 0.1281, 0.0458, 0.0251, 0.0224],
        [0.2840, 0.1230, 0.1186, 0.0606, 0.0436, 0.0197],
        [0.4000, 0.0774, 0.0590, 0.0467, 0.0372, 0.0213],
        [0.1579, 0.0942, 0.0473, 0.0412, 0.0360, 0.0285],
        [0.0951, 0.0819, 0.0693, 0.0620, 0.0480, 0.0433],
        [0.0832, 0.0615, 0.0357, 0.0312, 0.0311, 0.0286],
        [0.0692, 0.0639, 0.0606, 0.0522, 0.0511, 0.0349],
        [0.2089, 0.0507, 0.0440, 0.0383, 0.0302, 0.0291],
        [0.2055, 0.1062, 0.0613, 0.0562, 0.0498, 0.0473],
        [0.1553, 0.0411, 0.0399, 0.0391, 0.0330, 0.0329],
        [0.1200, 0.1193, 0.1180, 0.0948, 0.0477, 0.0455],
        [0.1787, 0.1011, 0.0682, 0.0615, 0.0546, 0.0444],
        [0.1099, 0.0786, 0.0648, 0.0548, 0.0459, 0.0338],
        [0.1089, 0.0718, 0.0698, 0.0544, 0.0494, 0.0283],
        [0.1924, 0.0513, 0.0463, 0.0397, 0.0301, 0.0242],
        [0.1130, 0.0791, 0.0638, 0.0412, 0.0385, 0.0337],
        [0.1608, 0.0818, 0.0715, 0.0680, 0.0555, 0.0382],
        [0.1019, 0.0852, 0.0844, 0.0755, 0.0639, 0.0554],
        [0.1211, 0.0499, 0.0413, 0.0392, 0.0314, 0.0303],
        [0.1048, 0.0595, 0.0385, 0.0375, 0.0338, 0.0332],
        [0.1033, 0.0818, 0.0508, 0.0411, 0.0373, 0.0365],
        [0.1722, 0.0952, 0.0512, 0.0444, 0.0432, 0.0376],
        [0.0864, 0.0781, 0.0742, 0.0705, 0.0644, 0.0567],
        [0.2270, 0.0900, 0.0782, 0.0612, 0.0550, 0.0478],
        [0.1316, 0.0593, 0.0426, 0.0350, 0.0298, 0.0264],
        [0.1634, 0.1126, 0.0893, 0.0485, 0.0267, 0.0256],
        [0.1995, 0.1464, 0.0876, 0.0593, 0.0428, 0.0279],
        [0.1444, 0.1124, 0.0754, 0.0660, 0.0656, 0.0435],
        [0.1760, 0.1421, 0.0875, 0.0766, 0.0581, 0.0449],
        [0.1227, 0.1120, 0.0596, 0.0460, 0.0451, 0.0333],
        [0.1531, 0.1133, 0.0692, 0.0321, 0.0290, 0.0252],
        [0.1115, 0.0779, 0.0586, 0.0531, 0.0506, 0.0481],
        [0.1658, 0.0995, 0.0504, 0.0356, 0.0292, 0.0283],
        [0.2021, 0.0676, 0.0568, 0.0563, 0.0509, 0.0476],
        [0.0834, 0.0794, 0.0650, 0.0522, 0.0490, 0.0372],
        [0.1496, 0.1483, 0.1089, 0.0521, 0.0427, 0.0266],
        [0.2265, 0.1237, 0.0588, 0.0468, 0.0363, 0.0313],
        [0.1349, 0.1239, 0.0547, 0.0475, 0.0433, 0.0433],
        [0.1770, 0.1574, 0.0765, 0.0565, 0.0379, 0.0305],
        [0.1064, 0.0757, 0.0614, 0.0601, 0.0567, 0.0401],
        [0.1772, 0.1107, 0.0904, 0.0482, 0.0465, 0.0300],
        [0.3392, 0.0811, 0.0385, 0.0350, 0.0331, 0.0277],
        [0.1342, 0.0661, 0.0636, 0.0471, 0.0439, 0.0408],
        [0.1464, 0.0632, 0.0514, 0.0479, 0.0472, 0.0453],
        [0.1250, 0.0923, 0.0878, 0.0478, 0.0375, 0.0304],
        [0.1236, 0.0743, 0.0728, 0.0405, 0.0357, 0.0344],
        [0.1310, 0.0974, 0.0760, 0.0515, 0.0404, 0.0327],
        [0.1408, 0.0961, 0.0634, 0.0487, 0.0435, 0.0391],
        [0.2019, 0.1068, 0.0605, 0.0503, 0.0499, 0.0448],
        [0.1337, 0.1075, 0.0683, 0.0520, 0.0426, 0.0305],
        [0.0902, 0.0750, 0.0664, 0.0642, 0.0419, 0.0408],
        [0.0812, 0.0500, 0.0485, 0.0469, 0.0402, 0.0355],
        [0.2791, 0.1238, 0.0682, 0.0348, 0.0330, 0.0254],
        [0.1343, 0.0747, 0.0719, 0.0607, 0.0542, 0.0483],
        [0.1658, 0.1554, 0.0808, 0.0546, 0.0367, 0.0306],
        [0.1270, 0.0681, 0.0616, 0.0469, 0.0467, 0.0406],
        [0.1091, 0.0943, 0.0578, 0.0567, 0.0510, 0.0501],
        [0.2174, 0.0737, 0.0641, 0.0614, 0.0561, 0.0313],
        [0.1723, 0.1045, 0.0864, 0.0609, 0.0535, 0.0358],
        [0.1300, 0.1182, 0.0629, 0.0616, 0.0608, 0.0467],
        [0.1934, 0.1655, 0.0554, 0.0310, 0.0293, 0.0244],
        [0.1077, 0.0693, 0.0639, 0.0431, 0.0376, 0.0336],
        [0.1422, 0.0980, 0.0692, 0.0370, 0.0341, 0.0270]])

----------------indices-----------------
torch.Size([64, 6])
tensor([[58, 20, 62, 48, 42, 38],
        [16, 59, 13, 53, 12,  7],
        [17, 11, 51, 53, 25, 61],
        [25, 53, 18,  7, 26, 23],
        [ 2, 30, 58, 15, 47, 35],
        [ 8, 10, 40, 43, 13,  1],
        [45, 41, 34, 24,  7, 55],
        [ 2,  0, 57, 17, 61, 58],
        [25, 46, 11, 17, 45, 26],
        [ 0,  1, 57, 55, 14, 10],
        [ 0, 34, 16, 13,  2, 55],
        [25, 63, 15,  4, 44, 29],
        [15, 63,  4,  6, 38, 56],
        [46, 21, 54, 35, 32, 63],
        [34, 55,  0, 53, 10, 22],
        [ 7, 54, 55, 31, 10, 40],
        [ 7, 60, 41, 36, 21, 49],
        [12, 58, 47, 57, 14, 32],
        [ 4, 42, 62, 38, 44, 29],
        [45, 24, 61, 50, 23,  5],
        [39, 45, 50, 16,  1, 46],
        [54, 36, 41, 61, 35, 60],
        [23, 58, 50, 57, 10, 47],
        [61, 51, 46,  7, 25, 12],
        [42,  1, 43, 28, 26, 50],
        [45, 24, 17, 15, 61, 11],
        [12, 32, 22, 14, 13,  0],
        [11, 25, 54, 21, 61, 56],
        [25, 26, 62, 50, 20, 58],
        [40, 22, 63, 14,  8, 43],
        [19, 24, 16, 46,  9, 51],
        [ 0, 53, 30, 50, 61, 33],
        [58, 42, 62,  4, 38, 20],
        [18,  8,  3,  9, 60,  7],
        [25,  5, 38, 48, 20, 26],
        [62, 27, 42, 44,  4, 23],
        [15, 47, 30, 58,  2, 36],
        [48,  5, 50, 43, 25, 23],
        [ 4, 52, 42, 35, 27, 56],
        [ 7, 40, 41, 10, 63, 14],
        [62, 56, 60, 52, 27, 38],
        [30, 58, 24,  2, 17, 50],
        [25, 53, 21,  7, 23, 38],
        [11, 17, 16, 36, 51, 21],
        [ 4, 29, 42, 38, 35, 62],
        [22, 14, 43, 52, 35, 56],
        [22, 40, 14, 43, 37, 10],
        [30, 55, 47, 25, 35, 53],
        [ 7, 55, 34, 53, 49, 47],
        [10, 38, 26, 21, 25, 53],
        [10, 48, 27, 23, 40, 37],
        [59, 48, 35, 46, 25, 16],
        [38, 56,  4, 52, 25, 44],
        [25, 36, 16, 11,  3, 30],
        [25, 11, 51, 61, 46, 21],
        [25, 51, 11, 17, 46, 21],
        [31, 56,  6, 30, 48, 57],
        [38,  4, 49, 42, 52, 56],
        [55, 61, 30, 53, 63,  0],
        [13, 59, 14,  7, 56, 31],
        [40, 10, 48, 27, 42, 23],
        [49, 35, 54, 33, 34, 46],
        [61, 51, 28, 22, 37, 56],
        [46, 39, 16, 23, 54, 13]])
