PIM Expert Operations - Total Cycles
Decoder-BS64/1st/pim/5
Note: 2 activation movements (fc1 and fc2)
BS16 - Activation divider: 128

--- Activation Movements ---
layer0.ffn.activation_movement_2: 1118 cycles
layer0.ffn.activation_movement_1: 1124 cycles
Total activation movement cycles: 2242
----------------------------

================================================================================
 Expert Number  fc1  gelu  fc2  total compute
             0 2865    28 2851           5744
             1 2865    43 2865           5773
             4 2865    30 2851           5746
             6 2866    42 2854           5762
             7 2898    31 2865           5794
             8 2865    42 2866           5773
             9 3027    28 2851           5906
            10 2865    44 2865           5774
            11 3041    29 2851           5921
            12 2865    43 2865           5773
            13 3047    31 2852           5930
            14 2865    43 2865           5773
            16 3042    29 2852           5923
            17 2865    43 2854           5762
            18 3051    28 2851           5930
            19 2865    43 2865           5773
            21 3047    29 2851           5927
            22 2865    43 2854           5762
            25 3054    28 2851           5933
            26 2866    43 2865           5774
            27 3040    43 2865           5948
            28 2865    42 2854           5761
            29 3001    28 2851           5880
            30 2865    43 2854           5762
            32 3077    29 2851           5957
            33 2842    43 2865           5750
            34 3072    28 2851           5951
            35 2865    43 2854           5762
            37 5870    47 5667          11584
            38 2865    42 2865           5772
            39 2865    42 2865           5772
            40 2851    42 2865           5758
            42 2836    42 2854           5732
            43 2865    42 2850           5757
            44 2865    44 2865           5774
            45 2836    43 2865           5744
            46 2865    52 2866           5783
            48 2851    42 2865           5758
            49 2865   208 2865           5938
            50 2851    44 2865           5760
            51 2865   207 2865           5937
            52 2851    42 2865           5758
            53 2865   207 2854           5926
            54 2851    42 2865           5758
            56 2865   219 2854           5938
            57 2851    43 2865           5759
            58 2866   219 2865           5950
            59 2865    42 2865           5772
            61 2865   194 2865           5924
            62 2851    42 2865           5758
            63 2865   208 2865           5938