============================================================
METADATA (4Th token of each sequence)
============================================================
Model: flame-moe-290m
Run ID: 31066
Epoch: 5473
Layer: 26
Token Position: 3 (4th)
Shards processed: 0-0.pt, 0-1.pt
Total sequences: 64
Sequence length: 512
============================================================

----------------samples-----------------
torch.Size([64])
tensor([  824,   342,  1974,  9059,   344,  1646,    56,    15,  2896,   588,
          805, 50276,    91,  4720,  2573,  4834,   449,   923, 14815,  7186,
         2872, 24504,   247,   253, 20336,  3522,   275,   326,   285,  1953,
        31914,  7122,   281,  7063, 44152,  3462, 14002,    69,   281,   247,
          187,   697,   187,  6729,    15,  5181,  4787,   954,   285,  6685,
           32, 43728,   352,    15,  9166,   323,    13,    15,   352,   763,
        49619,   323,   253,  7520])

-----------------scores-----------------
torch.Size([64, 6])
tensor([[0.0888, 0.0553, 0.0523, 0.0478, 0.0450, 0.0413],
        [0.0198, 0.0190, 0.0185, 0.0182, 0.0182, 0.0182],
        [0.0579, 0.0344, 0.0286, 0.0240, 0.0222, 0.0222],
        [0.0224, 0.0214, 0.0205, 0.0205, 0.0201, 0.0198],
        [0.0384, 0.0240, 0.0229, 0.0229, 0.0216, 0.0214],
        [0.0215, 0.0215, 0.0210, 0.0210, 0.0208, 0.0204],
        [0.0740, 0.0463, 0.0314, 0.0271, 0.0224, 0.0204],
        [0.0223, 0.0213, 0.0213, 0.0209, 0.0206, 0.0206],
        [0.0191, 0.0190, 0.0188, 0.0186, 0.0182, 0.0181],
        [0.0289, 0.0230, 0.0226, 0.0218, 0.0211, 0.0209],
        [0.0214, 0.0189, 0.0189, 0.0178, 0.0178, 0.0176],
        [0.0423, 0.0259, 0.0246, 0.0237, 0.0212, 0.0210],
        [0.0610, 0.0504, 0.0280, 0.0275, 0.0238, 0.0219],
        [0.0462, 0.0238, 0.0226, 0.0226, 0.0220, 0.0218],
        [0.0482, 0.0395, 0.0299, 0.0277, 0.0233, 0.0226],
        [0.0237, 0.0225, 0.0221, 0.0220, 0.0219, 0.0218],
        [0.0201, 0.0185, 0.0183, 0.0182, 0.0182, 0.0181],
        [0.0247, 0.0236, 0.0212, 0.0206, 0.0206, 0.0205],
        [0.0275, 0.0237, 0.0215, 0.0215, 0.0210, 0.0202],
        [0.0253, 0.0243, 0.0210, 0.0199, 0.0197, 0.0193],
        [0.0246, 0.0239, 0.0229, 0.0207, 0.0197, 0.0195],
        [0.0300, 0.0277, 0.0274, 0.0267, 0.0262, 0.0261],
        [0.0355, 0.0310, 0.0272, 0.0260, 0.0227, 0.0225],
        [0.0401, 0.0338, 0.0336, 0.0281, 0.0277, 0.0266],
        [0.0510, 0.0322, 0.0289, 0.0260, 0.0245, 0.0238],
        [0.0197, 0.0180, 0.0180, 0.0179, 0.0179, 0.0177],
        [0.0189, 0.0180, 0.0177, 0.0177, 0.0176, 0.0176],
        [0.0245, 0.0229, 0.0226, 0.0226, 0.0216, 0.0216],
        [0.0247, 0.0228, 0.0218, 0.0210, 0.0205, 0.0205],
        [0.0743, 0.0331, 0.0274, 0.0260, 0.0241, 0.0238],
        [0.0198, 0.0193, 0.0179, 0.0178, 0.0178, 0.0178],
        [0.0857, 0.0439, 0.0348, 0.0289, 0.0266, 0.0254],
        [0.0743, 0.0643, 0.0563, 0.0557, 0.0535, 0.0464],
        [0.0264, 0.0183, 0.0182, 0.0179, 0.0179, 0.0178],
        [0.0570, 0.0501, 0.0281, 0.0264, 0.0252, 0.0247],
        [0.0286, 0.0274, 0.0263, 0.0245, 0.0213, 0.0213],
        [0.0890, 0.0549, 0.0509, 0.0291, 0.0277, 0.0231],
        [0.0239, 0.0230, 0.0227, 0.0219, 0.0215, 0.0206],
        [0.0417, 0.0272, 0.0238, 0.0210, 0.0206, 0.0206],
        [0.0186, 0.0182, 0.0180, 0.0176, 0.0175, 0.0175],
        [0.0296, 0.0281, 0.0279, 0.0276, 0.0275, 0.0273],
        [0.0526, 0.0390, 0.0334, 0.0296, 0.0256, 0.0256],
        [0.0269, 0.0224, 0.0221, 0.0219, 0.0208, 0.0207],
        [0.0217, 0.0206, 0.0199, 0.0197, 0.0193, 0.0191],
        [0.0248, 0.0242, 0.0224, 0.0203, 0.0202, 0.0202],
        [0.0407, 0.0407, 0.0275, 0.0263, 0.0224, 0.0223],
        [0.0348, 0.0336, 0.0333, 0.0283, 0.0249, 0.0242],
        [0.0692, 0.0362, 0.0269, 0.0247, 0.0242, 0.0235],
        [0.0754, 0.0356, 0.0313, 0.0311, 0.0275, 0.0273],
        [0.0246, 0.0231, 0.0230, 0.0229, 0.0227, 0.0219],
        [0.0332, 0.0222, 0.0217, 0.0213, 0.0206, 0.0202],
        [0.0461, 0.0406, 0.0326, 0.0290, 0.0245, 0.0236],
        [0.0614, 0.0269, 0.0251, 0.0250, 0.0231, 0.0231],
        [0.0488, 0.0388, 0.0306, 0.0304, 0.0261, 0.0250],
        [0.0441, 0.0295, 0.0229, 0.0226, 0.0221, 0.0219],
        [0.0358, 0.0329, 0.0325, 0.0269, 0.0253, 0.0244],
        [0.0219, 0.0205, 0.0198, 0.0192, 0.0192, 0.0185],
        [0.0230, 0.0227, 0.0226, 0.0209, 0.0205, 0.0202],
        [0.0212, 0.0185, 0.0183, 0.0176, 0.0174, 0.0173],
        [0.0234, 0.0213, 0.0212, 0.0209, 0.0202, 0.0202],
        [0.0204, 0.0192, 0.0192, 0.0184, 0.0176, 0.0176],
        [0.0188, 0.0178, 0.0178, 0.0178, 0.0177, 0.0176],
        [0.0202, 0.0184, 0.0179, 0.0178, 0.0177, 0.0176],
        [0.0975, 0.0363, 0.0239, 0.0231, 0.0226, 0.0212]])

----------------indices-----------------
torch.Size([64, 6])
tensor([[28, 55, 12, 21,  9,  4],
        [45, 33, 50, 63, 35, 53],
        [29, 13, 20,  0, 23, 25],
        [42, 34, 35, 55, 59,  9],
        [21, 13, 18, 61, 53, 49],
        [15, 36, 51, 49, 41, 52],
        [ 6, 52, 16, 58, 22, 57],
        [41, 36, 48, 53, 59,  7],
        [ 2, 42, 63, 44, 51, 14],
        [55, 24, 27, 32, 54, 17],
        [38,  1, 59, 39, 49,  7],
        [47,  5, 32, 43, 25,  0],
        [28, 47, 12, 42, 46, 19],
        [21, 60, 52, 12, 35, 45],
        [21, 17, 46,  9, 35, 25],
        [43, 62,  6, 40, 52, 30],
        [10, 43,  6, 54, 29, 27],
        [13, 42, 58, 54, 44, 45],
        [29, 38, 16, 59, 19, 33],
        [18, 32, 44, 63, 50, 15],
        [16, 21, 31, 37, 49, 19],
        [47, 37,  5,  1, 16, 53],
        [ 7, 19, 31, 16, 28, 35],
        [16, 45, 31, 37, 13, 53],
        [16, 13, 37, 28, 20,  6],
        [46, 25, 53, 36, 43, 59],
        [ 1,  9, 15, 27, 43, 59],
        [ 6, 58, 12, 46, 30, 50],
        [43, 54, 24, 25, 45,  0],
        [ 3, 12,  8, 14, 60, 57],
        [34,  1, 44, 24, 48, 43],
        [55,  9, 15, 14, 42, 33],
        [ 8,  9, 42, 55, 12, 28],
        [ 1,  5, 49, 38, 53, 46],
        [17,  4,  5,  8, 55, 63],
        [ 9,  5, 11, 19, 50, 26],
        [55,  4, 14, 13, 15, 63],
        [58,  5, 11, 44,  0, 30],
        [27, 10, 36, 56, 48, 63],
        [31, 33, 22, 25, 50, 11],
        [47, 51, 31, 56, 59,  3],
        [21, 16, 56, 13, 51, 35],
        [58, 51, 11, 40, 53, 25],
        [61, 40, 36, 38, 39, 57],
        [52, 36, 50, 56, 42, 15],
        [34, 15, 14, 32, 37, 58],
        [63, 56, 26,  7, 57, 15],
        [21,  4, 56, 16,  7, 37],
        [55, 12, 42, 47,  9, 43],
        [10, 41, 20,  5, 16, 40],
        [40, 19, 37, 13, 11, 39],
        [ 3, 21, 13, 14, 51, 55],
        [47, 10, 39, 50, 51, 37],
        [13, 35, 16, 56,  4, 21],
        [16, 37, 60, 57,  0, 39],
        [16,  8, 13, 11, 26, 41],
        [61, 36, 26, 44, 24, 30],
        [ 6, 49, 62, 44, 39, 52],
        [ 1, 48,  9, 33, 53, 63],
        [51, 33, 43, 45, 63, 36],
        [43, 34, 14, 48, 33, 30],
        [11, 31, 63,  8, 59, 36],
        [ 1, 26, 44, 61, 11,  2],
        [ 8, 42, 57, 33,  7, 22]])
