============================================================
METADATA (10Th token of each sequence)
============================================================
Model: flame-moe-290m
Run ID: 31066
Epoch: 5473
Layer: 22
Token Position: 9 (10th)
Shards processed: 0-0.pt, 0-1.pt
Total sequences: 64
Sequence length: 512
============================================================

----------------samples-----------------
torch.Size([64])
tensor([  247,    15,   717,   417,  2762,   434,   436,   253,   273,   273,
        50276, 16922,   327,  2825,  8981,    19,   187,   285,   247, 49163,
          310,   253,   273,   285,   317,   281,   310,  7636,   187,   342,
        18417,    42,   273,   275,   247,    15, 18226,   273, 19487,  9446,
         9632,  2570,  3253,  1537, 22777, 11678,    32, 16280,   476, 11369,
          368,   253,  1878,     2,   326,  5053,   247, 12427,  3753,  8920,
        24787,  4493,   379,   731])

-----------------scores-----------------
torch.Size([64, 6])
tensor([[0.1472, 0.1187, 0.0983, 0.0929, 0.0587, 0.0393],
        [0.1855, 0.1638, 0.0798, 0.0471, 0.0384, 0.0370],
        [0.2421, 0.1480, 0.1268, 0.0623, 0.0341, 0.0188],
        [0.1658, 0.1514, 0.1478, 0.0559, 0.0463, 0.0293],
        [0.1309, 0.1032, 0.0490, 0.0445, 0.0345, 0.0341],
        [0.1296, 0.0964, 0.0886, 0.0657, 0.0340, 0.0328],
        [0.1937, 0.0765, 0.0487, 0.0417, 0.0371, 0.0363],
        [0.1560, 0.0700, 0.0421, 0.0395, 0.0377, 0.0374],
        [0.1744, 0.0899, 0.0787, 0.0580, 0.0367, 0.0272],
        [0.1849, 0.1272, 0.0556, 0.0470, 0.0285, 0.0282],
        [0.2046, 0.1410, 0.0579, 0.0515, 0.0376, 0.0342],
        [0.1411, 0.0915, 0.0775, 0.0732, 0.0572, 0.0350],
        [0.1764, 0.1104, 0.0608, 0.0510, 0.0400, 0.0376],
        [0.1539, 0.0460, 0.0456, 0.0412, 0.0396, 0.0312],
        [0.1385, 0.1130, 0.0919, 0.0518, 0.0431, 0.0407],
        [0.0980, 0.0731, 0.0628, 0.0379, 0.0376, 0.0352],
        [0.1843, 0.1211, 0.0748, 0.0725, 0.0575, 0.0545],
        [0.1719, 0.0816, 0.0558, 0.0529, 0.0479, 0.0440],
        [0.1115, 0.0980, 0.0955, 0.0870, 0.0516, 0.0486],
        [0.1331, 0.0994, 0.0876, 0.0720, 0.0502, 0.0377],
        [0.1766, 0.1227, 0.0722, 0.0445, 0.0325, 0.0313],
        [0.1709, 0.1499, 0.1159, 0.0535, 0.0531, 0.0299],
        [0.1100, 0.1040, 0.0489, 0.0385, 0.0353, 0.0348],
        [0.1456, 0.0854, 0.0734, 0.0596, 0.0357, 0.0317],
        [0.1581, 0.0806, 0.0749, 0.0457, 0.0376, 0.0350],
        [0.1682, 0.1295, 0.0849, 0.0359, 0.0331, 0.0315],
        [0.1013, 0.0729, 0.0725, 0.0706, 0.0556, 0.0535],
        [0.2061, 0.1649, 0.1041, 0.0635, 0.0611, 0.0381],
        [0.0975, 0.0894, 0.0650, 0.0650, 0.0560, 0.0484],
        [0.2018, 0.1147, 0.0580, 0.0564, 0.0363, 0.0310],
        [0.2139, 0.1864, 0.1238, 0.0260, 0.0245, 0.0240],
        [0.1290, 0.0508, 0.0484, 0.0359, 0.0323, 0.0294],
        [0.2192, 0.1088, 0.0779, 0.0761, 0.0429, 0.0335],
        [0.2222, 0.1140, 0.0599, 0.0522, 0.0455, 0.0421],
        [0.1390, 0.0745, 0.0601, 0.0551, 0.0544, 0.0418],
        [0.1356, 0.0689, 0.0530, 0.0458, 0.0442, 0.0398],
        [0.1608, 0.0678, 0.0673, 0.0553, 0.0464, 0.0439],
        [0.2316, 0.0630, 0.0572, 0.0511, 0.0478, 0.0452],
        [0.1499, 0.1102, 0.0783, 0.0746, 0.0564, 0.0562],
        [0.2395, 0.0666, 0.0584, 0.0562, 0.0392, 0.0345],
        [0.1974, 0.0600, 0.0499, 0.0343, 0.0340, 0.0290],
        [0.1267, 0.0974, 0.0583, 0.0527, 0.0466, 0.0458],
        [0.1152, 0.1114, 0.0379, 0.0357, 0.0336, 0.0317],
        [0.2120, 0.0835, 0.0728, 0.0528, 0.0350, 0.0241],
        [0.1272, 0.1050, 0.0933, 0.0599, 0.0426, 0.0329],
        [0.0901, 0.0771, 0.0719, 0.0676, 0.0563, 0.0541],
        [0.1793, 0.1114, 0.0529, 0.0500, 0.0495, 0.0402],
        [0.1628, 0.0804, 0.0684, 0.0527, 0.0367, 0.0237],
        [0.1178, 0.1132, 0.1130, 0.0610, 0.0345, 0.0328],
        [0.1174, 0.0900, 0.0827, 0.0546, 0.0438, 0.0297],
        [0.1664, 0.0914, 0.0660, 0.0647, 0.0550, 0.0477],
        [0.1769, 0.0998, 0.0978, 0.0765, 0.0415, 0.0274],
        [0.1020, 0.0728, 0.0720, 0.0573, 0.0544, 0.0489],
        [0.2799, 0.0925, 0.0333, 0.0294, 0.0270, 0.0266],
        [0.1316, 0.0981, 0.0653, 0.0589, 0.0490, 0.0396],
        [0.1992, 0.1768, 0.0470, 0.0439, 0.0426, 0.0375],
        [0.2196, 0.0704, 0.0584, 0.0572, 0.0437, 0.0390],
        [0.3456, 0.1037, 0.0876, 0.0563, 0.0409, 0.0314],
        [0.0996, 0.0716, 0.0686, 0.0559, 0.0393, 0.0387],
        [0.1233, 0.1091, 0.1074, 0.1060, 0.0802, 0.0402],
        [0.1688, 0.1242, 0.0506, 0.0349, 0.0307, 0.0287],
        [0.0916, 0.0883, 0.0671, 0.0568, 0.0566, 0.0476],
        [0.1158, 0.0819, 0.0625, 0.0590, 0.0465, 0.0328],
        [0.2546, 0.1654, 0.0705, 0.0424, 0.0301, 0.0229]])

----------------indices-----------------
torch.Size([64, 6])
tensor([[40, 61, 37, 52, 38, 39],
        [ 2, 13, 50,  8, 21, 59],
        [ 6, 63,  4, 51, 31,  1],
        [27, 61, 52,  1, 18, 32],
        [59, 50, 55, 20, 41, 35],
        [36, 26, 10, 50, 51,  1],
        [22, 15, 34, 42, 17,  8],
        [34, 55, 10, 29, 54,  5],
        [59,  6, 34, 38, 17, 29],
        [19, 28,  9, 16,  0, 17],
        [48, 30, 25, 24,  3, 40],
        [38, 35, 11, 34,  6,  4],
        [ 5,  9,  6,  0, 14, 28],
        [52, 38,  6, 59, 34, 18],
        [32,  2, 30, 20, 35, 14],
        [ 1, 40, 55, 59, 19, 13],
        [50, 13, 36, 20, 21,  0],
        [55, 20, 25, 30, 53,  2],
        [14, 47, 44, 39, 35, 12],
        [48, 25, 24, 30, 40,  3],
        [ 5,  9,  6, 60, 28,  0],
        [27,  1, 61,  8, 13,  4],
        [34, 33, 31, 29, 55, 62],
        [36,  1, 10, 50, 26,  2],
        [ 7, 24, 22, 40, 37, 19],
        [ 4, 33, 12, 54, 27,  6],
        [36, 26, 63, 50,  1, 10],
        [30, 55, 54, 43, 40, 37],
        [ 1, 59, 55, 13,  9, 51],
        [ 4, 23, 26, 57,  9, 47],
        [22, 16, 33, 46, 61,  4],
        [55,  1, 59, 49, 10, 20],
        [ 3, 15,  2, 61, 22, 42],
        [43, 30, 53,  0, 61, 58],
        [25, 30, 61, 40, 43, 52],
        [27,  4, 24, 47, 13, 58],
        [11,  6, 49, 23, 46, 17],
        [52, 39, 43, 48, 61, 31],
        [17, 50,  8, 63,  0, 36],
        [ 2, 35,  3, 55, 41, 59],
        [31, 48, 62, 39, 59,  9],
        [ 6, 49, 23, 17, 34, 18],
        [25, 30,  3, 21, 58, 32],
        [31, 59, 52, 39, 32,  0],
        [57, 23, 61, 38, 49, 42],
        [55, 30, 48, 39, 54, 25],
        [12, 60, 23, 41, 26, 46],
        [ 2,  8, 51,  1, 49, 17],
        [11, 46,  6, 17, 29, 57],
        [22, 42, 44, 57,  7, 47],
        [17, 50,  8, 63, 36,  0],
        [36, 10, 50,  1, 26, 21],
        [42, 15, 61, 22, 43, 58],
        [27, 49, 48, 23, 17, 41],
        [ 6, 63, 23, 29, 51,  5],
        [61, 32, 40, 42, 57, 43],
        [42, 38, 61, 22, 33, 39],
        [ 2, 41,  3, 20, 35, 55],
        [38,  6, 17, 23, 27, 48],
        [54,  9, 19, 11, 16, 28],
        [47, 44, 12, 58,  5, 31],
        [34,  6, 29, 54, 10, 33],
        [40, 43, 52, 27, 24, 42],
        [50, 36,  1, 10, 13, 63]])
