PIM Expert Operations - Total Cycles
Decoder-BS64/9th/pim/3
Note: 2 activation movements (fc1 and fc2)
BS16 - Activation divider: 128

--- Activation Movements ---
layer0.ffn.activation_movement_2: 1118 cycles
layer0.ffn.activation_movement_1: 1124 cycles
Total activation movement cycles: 2242
----------------------------

================================================================================
 Expert Number  fc1  gelu  fc2  total compute
             1 2865    28 2851           5744
             2 2865    43 2865           5773
             3 2865    28 2851           5744
             4 2865    44 2865           5774
             6 2887    28 2851           5766
             7 2865    43 2865           5773
             8 3044    29 2852           5925
             9 2865    42 2865           5772
            10 3025    30 2851           5906
            11 2865    43 2865           5773
            12 3063    28 2851           5942
            13 2865    42 2865           5772
            14 3024    29 2851           5904
            15 2865    42 2854           5761
            16 3078    30 2852           5960
            17 2865    43 2866           5774
            18 3041    28 2851           5920
            19 2865    44 2865           5774
            20 3043    28 2865           5936
            21 2865    44 2865           5774
            22 3023    28 2851           5902
            24 2865    43 2854           5762
            25 3054    28 2851           5933
            26 2854    44 2865           5763
            28 3058    30 2851           5939
            29 2865    42 2865           5772
            30 3045    28 2836           5909
            31 2865    43 2865           5773
            33 3057    28 2851           5936
            34 2865    43 2854           5762
            35 3058    29 2836           5923
            36 2865    42 2865           5772
            37 3059    28 2836           5923
            39 2865    44 2865           5774
            40 3052    42 2851           5945
            41 2842    43 2866           5751
            42 3055    28 2836           5919
            43 2865    44 2866           5775
            45 3054    28 2851           5933
            46 2865    42 2865           5772
            47 3023    28 2851           5902
            48 2865    44 2865           5774
            49 3045    28 2851           5924
            50 2846    42 2854           5742
            51 3101    28 2851           5980
            52 2865    44 2865           5774
            53 3020    28 2836           5884
            54 2850    42 2865           5757
            55 3077    29 2865           5971
            56 2865    44 2865           5774
            57 3043    42 2865           5950
            58 2865    44 2866           5775
            59 3014    28 2851           5893
            60 2865    43 2854           5762
            63 3058    29 2851           5938