PIM Expert Operations - Total Cycles
Decoder-BS64/2nd/pim/3
Note: 2 activation movements (fc1 and fc2)
BS16 - Activation divider: 128

--- Activation Movements ---
layer0.ffn.activation_movement_1: 1124 cycles
layer0.ffn.activation_movement_2: 1118 cycles
Total activation movement cycles: 2242
----------------------------

================================================================================
 Expert Number  fc1  gelu  fc2  total compute
             1 2865    29 2851           5745
             2 2866    43 2865           5774
             4 2866    29 2851           5746
             5 2866    43 2865           5774
             6 2883    42 2865           5790
             7 2865    42 2854           5761
             8 3028    28 2851           5907
            10 2865    42 2865           5772
            11 3050    31 2852           5933
            12 2865    43 2865           5773
            13 3038    28 2851           5917
            14 2866    44 2865           5775
            16 3044    28 2851           5923
            17 2865    43 2865           5773
            20 3043    29 2852           5924
            21 2865    44 2865           5774
            22 3043    29 2851           5923
            23 2865    44 2865           5774
            24 3042    30 2851           5923
            27 2866    43 2865           5774
            29 3039    42 2865           5946
            30 2865    42 2854           5761
            31 2993    30 2851           5874
            32 2865    43 2865           5773
            34 3073    28 2851           5952
            35 2865    42 2854           5761
            36 3014    30 2851           5895
            37 2865    43 2854           5762
            39 3099    31 2851           5981
            40 2865    42 2865           5772
            41 3043    29 2836           5908
            42 2865    42 2865           5772
            44 3045    28 2836           5909
            45 2865    42 2865           5772
            46 3073    28 2836           5937
            47 2865    12 2842           5719
            48 3109    29 2854           5992
            50 2865    42 2865           5772
            51 3041    31 2851           5923
            53 2865    42 2854           5761
            54 3052    29 2851           5932
            55 5681   304 5681          11666
            56 2865    43 2865           5773
            57 3082    29 2851           5962
            58 2865    43 2866           5774
            59 3036    42 2865           5943
            60 5681   276 5681          11638
            63 2865    43 2865           5773