PIM Expert Operations - Total Cycles
Decoder-BS64/6th/pim/7
Note: 2 activation movements (fc1 and fc2)
BS16 - Activation divider: 128

--- Activation Movements ---
layer0.ffn.activation_movement_2: 1118 cycles
layer0.ffn.activation_movement_1: 1124 cycles
Total activation movement cycles: 2242
----------------------------

================================================================================
 Expert Number  fc1  gelu  fc2  total compute
             0 2865    29 2851           5745
             1 2866    43 2865           5774
             2 2866    28 2851           5745
             4 5681   145 5681          11507
             5 2865    42 2865           5772
             6 3082    28 2836           5946
             9 2865    44 2866           5775
            11 3056    29 2836           5921
            12 2865    43 2854           5762
            14 3072    29 2851           5952
            15 2865    42 2865           5772
            16 3043    29 2852           5924
            17 2865    42 2865           5772
            18 3037    29 2851           5917
            19 5670   354 5681          11705
            24 2865    44 2865           5774
            26 3041    29 2851           5921
            27 2865    42 2866           5773
            28 3043    29 2851           5923
            30 2865    43 2865           5773
            31 5857    46 5681          11584
            32 3177    30 2851           6058
            33 2865    42 2865           5772
            36 3022    31 2851           5904
            37 2865    42 2865           5772
            38 3042    28 2851           5921
            40 2865    42 2865           5772
            42 2981    30 2851           5862
            43 2842    42 2865           5749
            47 3112    30 2851           5993
            48 2865    43 2865           5773
            49 3059    44 2851           5954
            50 2865    42 2865           5772
            52 3025    30 2851           5906
            53 2865    42 2854           5761
            55 5871    47 5667          11585
            56 5681    46 5681          11408
            57 2865    42 2865           5772
            58 2865    43 2865           5773
            59 2865    44 2865           5774
            60 2865    43 2865           5773
            61 2851    42 2854           5747
            62 2865   119 2865           5849