PIM Expert Operations - Total Cycles
Decoder-BS64/2nd/pim/8
Note: 2 activation movements (fc1 and fc2)
BS16 - Activation divider: 128

--- Activation Movements ---
layer0.ffn.activation_movement_2: 1118 cycles
layer0.ffn.activation_movement_1: 1124 cycles
Total activation movement cycles: 2242
----------------------------

================================================================================
 Expert Number  fc1  gelu  fc2  total compute
             0 2865    28 2851           5744
             1 2865    45 2865           5775
             5 2865    28 2851           5744
             6 2866    43 2865           5774
             7 2885    28 2854           5767
             9 2842    42 2865           5749
            10 3065    28 2836           5929
            11 2865    42 2865           5772
            12 3065    13 2836           5914
            13 2865    42 2835           5742
            14 3103    29 2835           5967
            15 2865    42 2836           5743
            17 3020    28 2835           5883
            18 2865    44 2865           5774
            19 3106    28 2836           5970
            20 2836    44 2866           5746
            22 3111    30 2851           5992
            23 2865    45 2866           5776
            25 3039    28 2836           5903
            26 2865    42 2865           5772
            27 3054    28 2851           5933
            28 2836    45 2866           5747
            30 3070    28 2836           5934
            31 2865    43 2865           5773
            32 3062    30 2851           5943
            33 2865    43 2865           5773
            35 3044    28 2851           5923
            36 2865    44 2865           5774
            37 3041    28 2851           5920
            38 2865    44 2865           5774
            39 3046    29 2851           5926
            40 2865    44 2865           5774
            41 3042    29 2851           5922
            43 2865    42 2854           5761
            44 3053    28 2851           5932
            46 2854    44 2865           5763
            47 3050    44 2865           5959
            48 2866    45 2865           5776
            50 3011    28 2851           5890
            54 2865    45 2865           5775
            55 3042    28 2851           5921
            56 2865    42 2854           5761
            57 3059    31 2851           5941
            58 2865    43 2865           5773
            59 3043    31 2851           5925
            62 2865    44 2865           5774
            63 3040    28 2836           5904