============================================================
METADATA (2Nd token of each sequence)
============================================================
Model: flame-moe-290m
Run ID: 31066
Epoch: 5473
Layer: 9
Token Position: 1 (2nd)
Shards processed: 0-0.pt, 0-1.pt
Total sequences: 64
Sequence length: 512
============================================================

----------------samples-----------------
torch.Size([64])
tensor([ 3206,   690,   390,   309,  2285,  2506,   187,  6424,  3305,    15,
          187,  1664,   275,   253,    41,    13,     8,  3808,  7123, 37502,
          670,  6122,   812, 50274,  4632,    15,  4588,   253,   253,   625,
          575,   690,   564,  1833,    15, 20365, 37616,   368,  4483,   897,
           15,  4668,    15,   342,   763, 11678, 16541,    28, 24320,   476,
          564,  1676,   584,  1386,  1659,  1335,  1244,  7675,   479,   253,
        22096,  9556,  4062,   281])

-----------------scores-----------------
torch.Size([64, 6])
tensor([[0.1048, 0.0885, 0.0504, 0.0463, 0.0408, 0.0391],
        [0.1952, 0.1692, 0.0999, 0.0422, 0.0418, 0.0315],
        [0.3430, 0.0734, 0.0433, 0.0370, 0.0357, 0.0354],
        [0.1496, 0.0907, 0.0810, 0.0589, 0.0515, 0.0458],
        [0.1390, 0.1079, 0.0719, 0.0522, 0.0430, 0.0371],
        [0.1537, 0.1226, 0.1177, 0.0537, 0.0492, 0.0463],
        [0.1670, 0.1508, 0.1255, 0.0842, 0.0502, 0.0324],
        [0.1664, 0.1353, 0.0896, 0.0837, 0.0812, 0.0681],
        [0.1918, 0.1705, 0.1240, 0.0569, 0.0457, 0.0379],
        [0.1059, 0.0924, 0.0773, 0.0628, 0.0593, 0.0451],
        [0.2150, 0.1197, 0.0876, 0.0759, 0.0564, 0.0497],
        [0.1914, 0.1238, 0.1218, 0.0689, 0.0401, 0.0399],
        [0.0966, 0.0946, 0.0727, 0.0701, 0.0602, 0.0518],
        [0.1362, 0.0997, 0.0749, 0.0680, 0.0630, 0.0469],
        [0.2600, 0.2121, 0.1172, 0.0342, 0.0332, 0.0222],
        [0.1405, 0.1060, 0.0718, 0.0712, 0.0580, 0.0531],
        [0.1292, 0.1159, 0.1124, 0.0607, 0.0466, 0.0417],
        [0.1145, 0.0961, 0.0958, 0.0819, 0.0323, 0.0312],
        [0.1265, 0.0848, 0.0638, 0.0513, 0.0457, 0.0344],
        [0.1972, 0.1022, 0.0954, 0.0538, 0.0538, 0.0529],
        [0.1325, 0.1153, 0.0855, 0.0736, 0.0449, 0.0432],
        [0.1409, 0.1387, 0.1276, 0.0855, 0.0798, 0.0374],
        [0.2779, 0.2172, 0.0996, 0.0507, 0.0485, 0.0264],
        [0.1308, 0.1047, 0.0987, 0.0876, 0.0572, 0.0504],
        [0.1813, 0.0713, 0.0653, 0.0619, 0.0469, 0.0407],
        [0.2599, 0.2113, 0.1499, 0.0432, 0.0370, 0.0186],
        [0.1198, 0.1122, 0.1107, 0.0614, 0.0486, 0.0484],
        [0.6723, 0.1072, 0.0422, 0.0387, 0.0132, 0.0089],
        [0.1058, 0.1052, 0.0942, 0.0691, 0.0614, 0.0358],
        [0.1601, 0.0673, 0.0515, 0.0496, 0.0454, 0.0340],
        [0.1436, 0.1224, 0.0907, 0.0886, 0.0562, 0.0364],
        [0.1141, 0.0626, 0.0603, 0.0501, 0.0455, 0.0437],
        [0.1910, 0.1140, 0.0557, 0.0440, 0.0434, 0.0410],
        [0.8389, 0.0255, 0.0211, 0.0165, 0.0095, 0.0095],
        [0.0876, 0.0838, 0.0810, 0.0440, 0.0405, 0.0399],
        [0.2380, 0.1249, 0.0545, 0.0538, 0.0296, 0.0286],
        [0.3681, 0.1501, 0.0933, 0.0438, 0.0349, 0.0334],
        [0.1426, 0.1198, 0.0519, 0.0481, 0.0458, 0.0441],
        [0.2603, 0.1347, 0.0674, 0.0622, 0.0618, 0.0571],
        [0.1913, 0.1369, 0.1282, 0.0878, 0.0725, 0.0403],
        [0.1705, 0.1604, 0.0559, 0.0453, 0.0390, 0.0373],
        [0.1800, 0.1214, 0.1085, 0.0580, 0.0561, 0.0433],
        [0.3128, 0.0660, 0.0576, 0.0429, 0.0402, 0.0386],
        [0.1029, 0.0724, 0.0605, 0.0596, 0.0489, 0.0431],
        [0.1760, 0.1488, 0.1364, 0.0908, 0.0637, 0.0460],
        [0.1880, 0.0988, 0.0427, 0.0404, 0.0363, 0.0310],
        [0.1809, 0.0996, 0.0861, 0.0603, 0.0406, 0.0310],
        [0.0843, 0.0823, 0.0742, 0.0730, 0.0624, 0.0491],
        [0.2048, 0.1354, 0.0889, 0.0745, 0.0308, 0.0243],
        [0.1316, 0.1203, 0.0553, 0.0514, 0.0510, 0.0357],
        [0.3337, 0.1151, 0.0732, 0.0612, 0.0528, 0.0427],
        [0.0972, 0.0906, 0.0628, 0.0626, 0.0570, 0.0469],
        [0.2474, 0.0821, 0.0715, 0.0566, 0.0533, 0.0439],
        [0.2114, 0.1536, 0.1309, 0.0781, 0.0745, 0.0634],
        [0.2121, 0.1323, 0.1155, 0.0656, 0.0261, 0.0229],
        [0.2057, 0.1083, 0.0699, 0.0636, 0.0596, 0.0376],
        [0.1523, 0.0957, 0.0572, 0.0553, 0.0343, 0.0297],
        [0.2618, 0.1997, 0.1521, 0.1057, 0.0216, 0.0202],
        [0.2283, 0.1501, 0.1164, 0.0534, 0.0494, 0.0382],
        [0.1889, 0.1098, 0.0630, 0.0578, 0.0496, 0.0489],
        [0.2268, 0.1452, 0.1041, 0.0505, 0.0401, 0.0312],
        [0.2126, 0.1458, 0.0654, 0.0621, 0.0497, 0.0396],
        [0.1172, 0.1093, 0.0777, 0.0653, 0.0646, 0.0590],
        [0.3083, 0.1914, 0.0784, 0.0747, 0.0716, 0.0680]])

----------------indices-----------------
torch.Size([64, 6])
tensor([[52, 48, 32, 33, 54, 43],
        [38, 49,  4,  5, 15, 11],
        [60, 42, 14, 57, 39, 45],
        [60, 39, 42, 32, 63, 23],
        [42, 39, 57,  6, 41, 10],
        [38, 49,  4, 15, 51,  5],
        [56, 12, 21, 36, 48, 59],
        [12, 29, 21, 62, 39, 56],
        [56, 32, 21, 12, 48, 29],
        [14,  1, 34, 61, 26, 10],
        [20,  2, 62,  8, 50, 27],
        [29, 12, 21,  7, 62, 30],
        [45, 11,  1, 31, 43, 53],
        [60, 39, 42, 32, 23, 63],
        [16, 20,  5, 50, 31,  4],
        [ 2, 41, 42,  6, 39, 36],
        [38,  4, 49, 15,  5, 10],
        [39, 42, 61, 60, 24, 63],
        [34, 19, 10, 47, 20, 33],
        [20,  8,  2, 50, 62, 27],
        [31, 45, 11, 15, 22, 53],
        [57, 41, 30, 46, 58, 39],
        [29, 12, 21, 62,  2, 36],
        [49, 38,  4, 15, 10,  5],
        [17, 54, 13, 27, 52, 40],
        [29, 21, 12, 62, 56,  2],
        [49, 38,  4, 15,  5, 10],
        [39, 62, 18, 15, 37, 33],
        [39, 41, 42,  2,  6, 15],
        [34, 14, 20, 23, 19, 33],
        [12, 29, 17, 21, 36,  2],
        [45, 62,  1, 60, 11, 29],
        [63, 35, 24, 23, 41,  7],
        [20, 51, 50, 37,  8,  0],
        [52, 28, 16, 13, 46, 54],
        [28, 27, 43, 23, 36, 52],
        [36,  2, 25, 32, 21, 56],
        [16, 52, 38, 54, 27, 17],
        [44,  0,  8, 30, 49, 51],
        [12,  2, 21, 35, 47, 29],
        [ 4, 42, 32, 28, 39, 60],
        [32, 56, 48, 28, 54, 21],
        [ 5,  8, 50, 28,  9, 20],
        [42, 60, 39,  4, 32, 28],
        [23,  7, 52, 54, 47, 16],
        [32, 42, 56, 39, 21, 57],
        [34, 14, 45,  3, 11, 40],
        [57, 42, 33, 10, 14,  4],
        [32, 56, 48, 54, 21,  8],
        [40, 23, 17, 27, 54, 35],
        [44,  0,  8, 51, 30,  4],
        [22, 45, 11, 14, 34, 44],
        [48, 31, 28, 19, 53, 15],
        [ 2, 36, 25, 29, 35, 12],
        [60, 23, 25, 32, 13, 34],
        [13, 28, 19, 20, 52, 38],
        [40, 25,  6,  2, 28, 58],
        [36,  2, 25, 35, 29, 20],
        [ 7, 47, 12,  5, 30, 16],
        [ 1, 34, 53, 18, 22, 48],
        [33,  3, 34, 45, 26, 10],
        [12, 21, 29, 56, 31, 61],
        [48, 53, 43, 31, 22, 54],
        [44,  0, 51,  5, 55, 30]])
