============================================================
METADATA (4Th token of each sequence)
============================================================
Model: flame-moe-290m
Run ID: 31066
Epoch: 5473
Layer: 22
Token Position: 3 (4th)
Shards processed: 0-0.pt, 0-1.pt
Total sequences: 64
Sequence length: 512
============================================================

----------------samples-----------------
torch.Size([64])
tensor([  824,   342,  1974,  9059,   344,  1646,    56,    15,  2896,   588,
          805, 50276,    91,  4720,  2573,  4834,   449,   923, 14815,  7186,
         2872, 24504,   247,   253, 20336,  3522,   275,   326,   285,  1953,
        31914,  7122,   281,  7063, 44152,  3462, 14002,    69,   281,   247,
          187,   697,   187,  6729,    15,  5181,  4787,   954,   285,  6685,
           32, 43728,   352,    15,  9166,   323,    13,    15,   352,   763,
        49619,   323,   253,  7520])

-----------------scores-----------------
torch.Size([64, 6])
tensor([[0.0916, 0.0551, 0.0508, 0.0493, 0.0447, 0.0433],
        [0.1404, 0.1224, 0.0787, 0.0526, 0.0460, 0.0303],
        [0.1718, 0.0761, 0.0475, 0.0384, 0.0363, 0.0344],
        [0.0934, 0.0781, 0.0610, 0.0521, 0.0480, 0.0448],
        [0.0717, 0.0717, 0.0625, 0.0493, 0.0449, 0.0441],
        [0.1917, 0.0764, 0.0347, 0.0339, 0.0319, 0.0301],
        [0.1703, 0.1143, 0.0545, 0.0291, 0.0247, 0.0217],
        [0.1455, 0.1303, 0.1121, 0.0475, 0.0426, 0.0357],
        [0.1465, 0.1245, 0.0823, 0.0542, 0.0331, 0.0327],
        [0.1443, 0.0860, 0.0657, 0.0630, 0.0618, 0.0485],
        [0.1176, 0.0921, 0.0629, 0.0526, 0.0396, 0.0378],
        [0.0870, 0.0851, 0.0539, 0.0504, 0.0498, 0.0451],
        [0.1230, 0.0988, 0.0958, 0.0714, 0.0337, 0.0265],
        [0.1142, 0.1137, 0.0536, 0.0463, 0.0379, 0.0344],
        [0.1226, 0.0897, 0.0643, 0.0611, 0.0372, 0.0358],
        [0.2754, 0.0968, 0.0910, 0.0454, 0.0362, 0.0319],
        [0.1163, 0.0747, 0.0734, 0.0575, 0.0485, 0.0480],
        [0.4236, 0.0610, 0.0545, 0.0305, 0.0225, 0.0211],
        [0.2261, 0.1038, 0.0480, 0.0374, 0.0291, 0.0261],
        [0.1525, 0.1280, 0.1023, 0.0723, 0.0492, 0.0470],
        [0.2034, 0.1666, 0.0981, 0.0632, 0.0486, 0.0374],
        [0.0844, 0.0827, 0.0819, 0.0697, 0.0531, 0.0525],
        [0.1210, 0.0882, 0.0788, 0.0751, 0.0604, 0.0432],
        [0.1435, 0.0698, 0.0480, 0.0399, 0.0351, 0.0323],
        [0.0934, 0.0486, 0.0479, 0.0452, 0.0437, 0.0392],
        [0.1581, 0.1285, 0.1134, 0.0949, 0.0355, 0.0291],
        [0.0823, 0.0498, 0.0497, 0.0444, 0.0426, 0.0387],
        [0.3647, 0.0502, 0.0373, 0.0360, 0.0291, 0.0219],
        [0.0895, 0.0586, 0.0551, 0.0526, 0.0389, 0.0362],
        [0.1326, 0.0895, 0.0700, 0.0584, 0.0432, 0.0388],
        [0.1761, 0.1041, 0.0869, 0.0541, 0.0538, 0.0382],
        [0.1914, 0.0981, 0.0591, 0.0504, 0.0339, 0.0291],
        [0.1380, 0.0779, 0.0573, 0.0413, 0.0379, 0.0358],
        [0.1272, 0.0751, 0.0619, 0.0579, 0.0322, 0.0291],
        [0.1836, 0.0770, 0.0703, 0.0681, 0.0431, 0.0417],
        [0.2290, 0.0854, 0.0682, 0.0338, 0.0334, 0.0272],
        [0.2052, 0.1118, 0.0718, 0.0506, 0.0363, 0.0348],
        [0.1221, 0.0827, 0.0671, 0.0654, 0.0423, 0.0357],
        [0.1692, 0.0870, 0.0498, 0.0466, 0.0450, 0.0405],
        [0.1709, 0.1167, 0.0974, 0.0723, 0.0452, 0.0341],
        [0.2975, 0.0758, 0.0744, 0.0571, 0.0419, 0.0316],
        [0.1408, 0.0705, 0.0512, 0.0473, 0.0436, 0.0416],
        [0.2497, 0.0794, 0.0650, 0.0520, 0.0285, 0.0264],
        [0.2331, 0.1443, 0.0734, 0.0730, 0.0315, 0.0241],
        [0.1330, 0.0789, 0.0616, 0.0591, 0.0399, 0.0360],
        [0.1391, 0.0887, 0.0867, 0.0484, 0.0399, 0.0355],
        [0.1323, 0.1198, 0.0494, 0.0417, 0.0406, 0.0397],
        [0.1319, 0.0589, 0.0410, 0.0410, 0.0360, 0.0340],
        [0.2753, 0.1911, 0.0752, 0.0226, 0.0224, 0.0204],
        [0.1173, 0.1148, 0.0955, 0.0663, 0.0341, 0.0286],
        [0.1200, 0.0846, 0.0456, 0.0329, 0.0322, 0.0311],
        [0.1428, 0.0752, 0.0745, 0.0556, 0.0538, 0.0478],
        [0.1491, 0.1091, 0.0802, 0.0516, 0.0451, 0.0411],
        [0.1459, 0.0601, 0.0573, 0.0417, 0.0404, 0.0380],
        [0.1107, 0.0674, 0.0508, 0.0508, 0.0490, 0.0467],
        [0.0901, 0.0652, 0.0615, 0.0483, 0.0449, 0.0364],
        [0.1626, 0.1442, 0.1158, 0.0510, 0.0264, 0.0183],
        [0.1293, 0.1004, 0.0523, 0.0471, 0.0456, 0.0450],
        [0.1474, 0.1065, 0.0705, 0.0509, 0.0476, 0.0469],
        [0.2026, 0.1177, 0.1151, 0.0511, 0.0492, 0.0455],
        [0.2865, 0.1591, 0.0975, 0.0604, 0.0343, 0.0272],
        [0.1944, 0.1103, 0.0979, 0.0716, 0.0467, 0.0208],
        [0.1660, 0.1418, 0.0723, 0.0470, 0.0387, 0.0276],
        [0.1799, 0.0829, 0.0694, 0.0413, 0.0385, 0.0348]])

----------------indices-----------------
torch.Size([64, 6])
tensor([[ 7, 45, 15, 43, 22,  2],
        [63,  5, 10, 51, 56, 36],
        [33, 34,  8, 45, 46, 48],
        [53, 25, 55, 56, 30,  2],
        [ 8, 42, 22, 37, 46, 14],
        [40, 19, 52, 39, 59, 14],
        [44, 12, 47, 41,  7,  4],
        [ 6, 34, 33, 31,  4, 11],
        [ 6,  5,  9, 60, 26, 18],
        [53, 40, 13, 37, 43, 52],
        [47,  5, 11,  0, 60, 19],
        [ 7, 22, 43, 58, 53, 25],
        [58, 22,  7, 47, 57, 63],
        [22, 46,  3, 41, 44, 17],
        [45, 18,  4, 27,  6, 33],
        [28, 16,  9, 27, 51, 13],
        [48, 25, 49,  2, 35, 55],
        [31, 34, 44, 39, 62, 59],
        [12, 37, 47, 45, 29, 31],
        [50, 13, 36, 20, 59, 21],
        [27, 57, 52,  4, 40, 38],
        [47,  7, 44, 25, 42, 41],
        [24, 38, 40, 42, 27, 41],
        [42, 40, 57, 38, 43, 56],
        [42, 24, 40,  5, 25, 56],
        [28, 60, 16,  9,  3, 35],
        [59, 27, 32, 14,  8, 10],
        [23, 21,  8, 50, 60,  2],
        [56, 32, 24, 53, 57, 58],
        [ 3, 22, 46, 33, 27, 42],
        [ 5,  0, 41, 60, 14, 28],
        [21, 30, 45, 15, 61, 56],
        [ 7,  2, 30, 43, 22, 45],
        [59, 50, 10, 14, 35, 19],
        [30,  7, 55, 53, 54, 11],
        [ 8, 21, 23, 45, 27, 30],
        [37,  7, 18, 24, 15, 57],
        [33,  4, 54, 27,  6,  3],
        [46, 11, 49,  9, 34, 20],
        [26, 36, 50, 10, 63, 60],
        [24, 42, 40, 25, 43, 39],
        [57, 42, 43, 38, 61, 44],
        [12, 54, 33, 31, 20, 49],
        [14,  5, 60, 31, 16,  0],
        [40, 51, 24, 19, 54,  4],
        [63, 25, 56, 53, 20, 57],
        [24, 25, 63, 32, 56,  2],
        [22, 33, 44, 41, 27, 46],
        [56, 45, 43,  2, 22,  7],
        [27, 42, 56, 38, 45, 40],
        [54, 31, 36,  4, 59, 48],
        [22, 33,  3, 15, 46, 12],
        [40, 22, 42, 61, 52, 43],
        [42, 40, 24, 22, 38, 43],
        [42, 15, 45, 27, 43, 38],
        [29, 58, 44,  3, 62, 33],
        [27, 40, 51, 52, 42, 13],
        [43, 32, 40, 52, 38, 53],
        [13, 59, 12, 51, 28, 35],
        [35, 26, 28, 22, 54, 46],
        [ 0,  5, 58, 60, 28,  9],
        [36, 10, 50, 26, 60, 20],
        [10, 44, 59, 50, 12, 37],
        [ 1, 10, 63, 51, 36, 18]])
