PIM Expert Operations - Total Cycles
Decoder-BS64/3rd/pim/3
Note: 2 activation movements (fc1 and fc2)
BS16 - Activation divider: 128

--- Activation Movements ---
layer0.ffn.activation_movement_1: 1124 cycles
layer0.ffn.activation_movement_2: 1118 cycles
Total activation movement cycles: 2242
----------------------------

================================================================================
 Expert Number  fc1  gelu  fc2  total compute
             1 2865    28 2851           5744
             3 2865    42 2854           5761
             4 2865    29 2851           5745
             5 2865    44 2865           5774
             9 2898    28 2851           5777
            11 2865    42 2854           5761
            12 3056    30 2851           5937
            13 2865    43 2854           5762
            14 3052    29 2851           5932
            15 2865    42 2865           5772
            16 3048    30 2851           5929
            17 2865    42 2865           5772
            19 3045    28 2851           5924
            20 2850    42 2854           5746
            21 3071    29 2851           5951
            23 2865    45 2865           5775
            24 3042    29 2851           5922
            25 2865    44 2865           5774
            26 3042    28 2851           5921
            27 2865    43 2854           5762
            28 3049    28 2851           5928
            29 2836    43 2865           5744
            30 3054    28 2836           5918
            31 2865    45 2865           5775
            32 3075    31 2852           5958
            33 2865    43 2865           5773
            34 3046    28 2851           5925
            35 2865    42 2865           5772
            36 3032    30 2851           5913
            38 2865    44 2865           5774
            40 3054    28 2851           5933
            43 2865    42 2865           5772
            45 3046    28 2852           5926
            46 2865    42 2850           5757
            48 3057    29 2851           5937
            50 5681   299 5681          11661
            51 2865    44 2865           5774
            52 5896    47 5667          11610
            53 2865    28 2851           5744
            54 2865    43 2854           5762
            55 2851    43 2865           5759
            56 2865    42 2865           5772
            57 2835    43 2865           5743
            59 2865    42 2865           5772
            60 2851    44 2865           5760
            61 2866    50 2866           5782
            62 2851    42 2854           5747
            63 2865   215 2865           5945