============================================================
METADATA (2Nd token of each sequence)
============================================================
Model: flame-moe-290m
Run ID: 31066
Epoch: 5473
Layer: 14
Token Position: 1 (2nd)
Shards processed: 0-0.pt, 0-1.pt
Total sequences: 64
Sequence length: 512
============================================================

----------------samples-----------------
torch.Size([64])
tensor([ 3206,   690,   390,   309,  2285,  2506,   187,  6424,  3305,    15,
          187,  1664,   275,   253,    41,    13,     8,  3808,  7123, 37502,
          670,  6122,   812, 50274,  4632,    15,  4588,   253,   253,   625,
          575,   690,   564,  1833,    15, 20365, 37616,   368,  4483,   897,
           15,  4668,    15,   342,   763, 11678, 16541,    28, 24320,   476,
          564,  1676,   584,  1386,  1659,  1335,  1244,  7675,   479,   253,
        22096,  9556,  4062,   281])

-----------------scores-----------------
torch.Size([64, 6])
tensor([[0.0892, 0.0616, 0.0521, 0.0490, 0.0386, 0.0311],
        [0.1831, 0.1222, 0.0837, 0.0753, 0.0589, 0.0362],
        [0.3242, 0.0871, 0.0557, 0.0495, 0.0465, 0.0444],
        [0.1331, 0.1116, 0.0701, 0.0642, 0.0498, 0.0479],
        [0.1919, 0.0876, 0.0684, 0.0502, 0.0499, 0.0451],
        [0.1366, 0.1015, 0.0875, 0.0805, 0.0425, 0.0330],
        [0.1444, 0.0994, 0.0930, 0.0520, 0.0462, 0.0357],
        [0.1385, 0.0882, 0.0875, 0.0779, 0.0535, 0.0409],
        [0.1882, 0.1621, 0.0906, 0.0557, 0.0434, 0.0411],
        [0.1075, 0.0729, 0.0704, 0.0467, 0.0436, 0.0433],
        [0.1249, 0.1076, 0.0512, 0.0501, 0.0501, 0.0471],
        [0.1050, 0.0927, 0.0719, 0.0494, 0.0406, 0.0343],
        [0.1291, 0.1004, 0.0876, 0.0802, 0.0532, 0.0331],
        [0.1225, 0.1108, 0.0644, 0.0613, 0.0594, 0.0383],
        [0.1206, 0.1071, 0.0854, 0.0735, 0.0612, 0.0316],
        [0.1934, 0.1163, 0.0780, 0.0597, 0.0581, 0.0459],
        [0.1019, 0.0948, 0.0906, 0.0577, 0.0559, 0.0486],
        [0.1640, 0.1126, 0.0511, 0.0466, 0.0342, 0.0325],
        [0.1808, 0.0699, 0.0410, 0.0405, 0.0323, 0.0320],
        [0.1412, 0.0767, 0.0734, 0.0502, 0.0420, 0.0398],
        [0.1143, 0.1074, 0.0575, 0.0516, 0.0480, 0.0459],
        [0.1543, 0.1191, 0.1119, 0.0627, 0.0572, 0.0375],
        [0.2815, 0.0438, 0.0333, 0.0330, 0.0330, 0.0326],
        [0.1621, 0.0925, 0.0633, 0.0613, 0.0366, 0.0314],
        [0.0767, 0.0736, 0.0471, 0.0356, 0.0347, 0.0316],
        [0.1041, 0.0907, 0.0779, 0.0649, 0.0431, 0.0372],
        [0.1128, 0.0971, 0.0907, 0.0783, 0.0422, 0.0303],
        [0.1680, 0.1615, 0.0606, 0.0594, 0.0472, 0.0359],
        [0.3331, 0.1817, 0.0467, 0.0448, 0.0390, 0.0318],
        [0.1639, 0.1500, 0.0663, 0.0483, 0.0433, 0.0387],
        [0.1816, 0.0947, 0.0539, 0.0486, 0.0338, 0.0311],
        [0.1445, 0.1053, 0.0990, 0.0813, 0.0444, 0.0443],
        [0.1492, 0.0469, 0.0351, 0.0341, 0.0276, 0.0250],
        [0.1611, 0.0960, 0.0685, 0.0674, 0.0519, 0.0394],
        [0.0969, 0.0810, 0.0801, 0.0525, 0.0488, 0.0353],
        [0.1355, 0.0519, 0.0444, 0.0392, 0.0376, 0.0373],
        [0.0821, 0.0818, 0.0785, 0.0449, 0.0393, 0.0378],
        [0.1276, 0.1029, 0.0862, 0.0625, 0.0607, 0.0444],
        [0.1578, 0.1365, 0.0878, 0.0665, 0.0422, 0.0318],
        [0.1648, 0.0918, 0.0406, 0.0372, 0.0346, 0.0341],
        [0.1084, 0.0867, 0.0736, 0.0521, 0.0472, 0.0430],
        [0.0957, 0.0908, 0.0856, 0.0839, 0.0829, 0.0430],
        [0.0837, 0.0544, 0.0409, 0.0388, 0.0368, 0.0320],
        [0.1345, 0.0753, 0.0478, 0.0439, 0.0381, 0.0349],
        [0.1082, 0.1040, 0.0426, 0.0426, 0.0407, 0.0329],
        [0.1804, 0.1011, 0.0642, 0.0552, 0.0550, 0.0444],
        [0.2102, 0.0607, 0.0590, 0.0525, 0.0464, 0.0371],
        [0.1995, 0.0667, 0.0634, 0.0429, 0.0402, 0.0325],
        [0.1408, 0.1112, 0.1015, 0.0963, 0.0623, 0.0303],
        [0.1492, 0.0639, 0.0507, 0.0470, 0.0422, 0.0414],
        [0.1917, 0.0843, 0.0787, 0.0708, 0.0484, 0.0379],
        [0.1212, 0.0618, 0.0595, 0.0494, 0.0469, 0.0417],
        [0.1358, 0.0913, 0.0727, 0.0634, 0.0568, 0.0499],
        [0.0800, 0.0796, 0.0570, 0.0514, 0.0449, 0.0434],
        [0.0883, 0.0872, 0.0745, 0.0709, 0.0415, 0.0396],
        [0.2856, 0.0904, 0.0902, 0.0351, 0.0297, 0.0279],
        [0.0965, 0.0849, 0.0752, 0.0464, 0.0419, 0.0292],
        [0.1446, 0.0655, 0.0519, 0.0392, 0.0302, 0.0302],
        [0.1702, 0.1375, 0.0793, 0.0539, 0.0312, 0.0236],
        [0.1247, 0.0766, 0.0556, 0.0518, 0.0513, 0.0468],
        [0.1449, 0.1147, 0.0405, 0.0362, 0.0334, 0.0330],
        [0.0993, 0.0691, 0.0619, 0.0456, 0.0412, 0.0360],
        [0.1093, 0.0897, 0.0759, 0.0656, 0.0605, 0.0374],
        [0.2404, 0.1567, 0.0835, 0.0756, 0.0379, 0.0299]])

----------------indices-----------------
torch.Size([64, 6])
tensor([[27,  5,  7, 45, 47, 43],
        [36, 50,  1, 10,  4, 26],
        [ 3, 13, 44, 58, 16, 51],
        [63,  6, 51,  3, 32,  4],
        [41, 28,  9, 29, 60, 46],
        [36, 26, 50, 10, 63, 51],
        [40, 24, 42, 52, 43, 38],
        [30,  7, 54, 48, 37, 43],
        [38, 27, 52, 61, 23,  4],
        [ 8, 33, 44, 61, 58, 17],
        [55, 20, 18, 30, 56, 32],
        [18, 52, 54, 11,  4, 20],
        [30, 25, 40, 43, 37,  0],
        [51,  6, 23, 29, 63, 62],
        [30, 51, 32, 56, 53, 55],
        [ 9,  1, 16, 19, 28, 11],
        [36, 63,  0, 50, 26, 60],
        [ 4,  6, 23, 26, 16,  9],
        [38, 47, 42, 39, 40,  5],
        [20, 25, 55, 18, 32, 56],
        [37, 57,  7, 61, 40, 30],
        [60,  9, 28, 16, 18, 13],
        [30, 43, 15, 25, 20, 48],
        [36, 50, 10,  1, 13,  4],
        [40, 14, 55, 52, 59, 62],
        [48, 25, 30, 54, 55, 39],
        [26, 36, 50, 63, 10,  1],
        [54, 30, 48, 55, 53, 56],
        [ 9,  1, 16, 28, 11, 54],
        [47,  4, 63, 44, 15, 61],
        [52, 38,  4, 32, 56, 18],
        [30, 48, 54, 25,  7, 55],
        [ 5, 45,  7,  2, 17, 63],
        [ 2, 35,  0, 48, 30, 49],
        [59, 50, 52,  0, 10, 32],
        [47, 19,  9, 49, 61, 31],
        [11,  6, 17, 34, 35, 38],
        [59, 35, 52, 62, 31, 39],
        [17,  8, 63, 21, 50,  0],
        [19, 62, 54, 39, 55, 31],
        [23, 27, 62, 26, 29, 18],
        [27, 52, 18, 10,  1, 61],
        [25, 56, 20, 21,  2, 59],
        [46,  0, 62, 19, 23, 26],
        [37, 47, 36, 32, 34, 12],
        [29, 52, 23, 27, 39, 46],
        [44, 12, 47, 15,  7, 46],
        [27, 33, 61, 41, 17,  6],
        [52, 18, 27,  1, 10, 32],
        [47, 58, 15, 12, 33, 44],
        [17,  8, 63, 21, 50, 25],
        [53,  5, 51, 37, 27, 43],
        [42, 57, 22, 43, 61, 53],
        [ 6, 31, 60, 17, 32, 35],
        [18, 27, 45, 61,  6, 47],
        [61, 27, 32, 47, 15, 57],
        [49, 11, 46, 33, 57, 19],
        [54,  6, 11, 31, 35, 59],
        [38, 11,  6, 54, 18, 23],
        [42, 56, 24, 43, 40, 15],
        [44, 33, 15, 46, 61, 16],
        [39, 37, 40, 33, 43, 48],
        [43, 25, 40, 42, 30, 27],
        [50, 13, 36, 20, 21, 63]])
