PIM Expert Operations - Total Cycles
Decoder-BS64/5th/pim/6
Note: 2 activation movements (fc1 and fc2)
BS16 - Activation divider: 128

--- Activation Movements ---
layer0.ffn.activation_movement_1: 1124 cycles
layer0.ffn.activation_movement_2: 1118 cycles
Total activation movement cycles: 2242
----------------------------

================================================================================
 Expert Number  fc1  gelu  fc2  total compute
             1 2865    28 2851           5744
             3 2865    43 2865           5773
             4 2865    29 2836           5730
             6 2865    43 2854           5762
             7 2914    31 2865           5810
             8 2865    43 2866           5774
             9 3025    29 2851           5905
            11 2865    42 2854           5761
            12 3054    30 2852           5936
            13 2865    44 2865           5774
            15 3044    30 2851           5925
            16 2865    42 2865           5772
            17 3045    29 2852           5926
            18 2865    42 2865           5772
            19 2994    29 2851           5874
            20 2846    43 2865           5754
            22 3112    29 2851           5992
            24 2865    43 2854           5762
            25 3054    28 2851           5933
            26 2866    42 2854           5762
            27 3050    43 2865           5958
            28 2866    42 2865           5773
            29 3014    28 2836           5878
            30 2865    43 2865           5773
            31 3058    12 2836           5906
            32 5682    46 5924          11652
            33 2865    42 2865           5772
            34 3127    28 2836           5991
            35 2865    42 2865           5772
            39 3021    29 2852           5902
            40 2865    42 2865           5772
            41 3078    28 2852           5958
            42 2865    42 2865           5772
            43 3049    30 2851           5930
            44 2842    44 2865           5751
            45 3062    29 2836           5927
            46 2866    43 2865           5774
            47 3059    29 2851           5939
            48 2865    42 2865           5772
            49 3045    30 2851           5926
            50 2865    44 2865           5774
            52 3039    30 2851           5920
            53 5681   298 5681          11660
            54 2865    42 2865           5772
            55 3082    28 2836           5946
            58 2865    42 2865           5772
            59 3041    31 2851           5923
            61 2865    44 2865           5774