============================================================
METADATA (6Th token of each sequence)
============================================================
Model: flame-moe-290m
Run ID: 31066
Epoch: 5473
Layer: 2
Token Position: 5 (6th)
Shards processed: 0-0.pt, 0-1.pt
Total sequences: 64
Sequence length: 512
============================================================

----------------samples-----------------
torch.Size([64])
tensor([ 5311, 29661,  9319,   253,   253,   320,  5092,   187,  1781,  4266,
         4033,    15,    32,   617, 20953,   323, 33680,  9058,   626,   187,
          665,   323,  2554,    13, 14065,   309,  3085,   512,   512,   752,
          253,   320,    13,    13,  2167,   309,    13,   281,   562,   403,
        10280,   342,   685,  2866,   187,   634,   187,   619,   570,    13,
         1294,  6662,   359,    13, 23899,  1698,   509,   457,   626,   273,
         2064,  5312,   285,    13])

-----------------scores-----------------
torch.Size([64, 6])
tensor([[0.0567, 0.0396, 0.0277, 0.0264, 0.0254, 0.0243],
        [0.0254, 0.0223, 0.0222, 0.0218, 0.0214, 0.0213],
        [0.0228, 0.0205, 0.0196, 0.0189, 0.0182, 0.0178],
        [0.0210, 0.0202, 0.0194, 0.0193, 0.0193, 0.0187],
        [0.0227, 0.0221, 0.0219, 0.0214, 0.0212, 0.0207],
        [0.0371, 0.0323, 0.0315, 0.0265, 0.0264, 0.0250],
        [0.0266, 0.0259, 0.0253, 0.0245, 0.0237, 0.0236],
        [0.0404, 0.0263, 0.0201, 0.0196, 0.0192, 0.0190],
        [0.0289, 0.0246, 0.0237, 0.0230, 0.0229, 0.0227],
        [0.0225, 0.0212, 0.0202, 0.0201, 0.0196, 0.0193],
        [0.0219, 0.0210, 0.0198, 0.0197, 0.0197, 0.0196],
        [0.0268, 0.0219, 0.0208, 0.0205, 0.0205, 0.0195],
        [0.0215, 0.0214, 0.0212, 0.0210, 0.0206, 0.0199],
        [0.0220, 0.0210, 0.0208, 0.0207, 0.0205, 0.0204],
        [0.0184, 0.0183, 0.0183, 0.0181, 0.0181, 0.0180],
        [0.0497, 0.0315, 0.0246, 0.0240, 0.0228, 0.0204],
        [0.0221, 0.0214, 0.0205, 0.0203, 0.0203, 0.0200],
        [0.0321, 0.0259, 0.0245, 0.0234, 0.0230, 0.0228],
        [0.0273, 0.0212, 0.0202, 0.0199, 0.0188, 0.0187],
        [0.0282, 0.0231, 0.0221, 0.0210, 0.0203, 0.0203],
        [0.0321, 0.0282, 0.0275, 0.0229, 0.0226, 0.0219],
        [0.0757, 0.0319, 0.0318, 0.0307, 0.0265, 0.0255],
        [0.0583, 0.0565, 0.0409, 0.0350, 0.0329, 0.0268],
        [0.0613, 0.0373, 0.0357, 0.0279, 0.0243, 0.0237],
        [0.0595, 0.0240, 0.0236, 0.0236, 0.0235, 0.0195],
        [0.0435, 0.0234, 0.0219, 0.0207, 0.0204, 0.0197],
        [0.0193, 0.0178, 0.0176, 0.0176, 0.0175, 0.0175],
        [0.0248, 0.0226, 0.0208, 0.0194, 0.0193, 0.0193],
        [0.0293, 0.0259, 0.0228, 0.0221, 0.0217, 0.0213],
        [0.0305, 0.0303, 0.0253, 0.0235, 0.0219, 0.0213],
        [0.0183, 0.0178, 0.0176, 0.0175, 0.0175, 0.0174],
        [0.0468, 0.0397, 0.0353, 0.0264, 0.0263, 0.0250],
        [0.1055, 0.0659, 0.0514, 0.0494, 0.0355, 0.0344],
        [0.0247, 0.0231, 0.0219, 0.0217, 0.0215, 0.0214],
        [0.0298, 0.0245, 0.0220, 0.0217, 0.0215, 0.0213],
        [0.0313, 0.0252, 0.0245, 0.0233, 0.0217, 0.0215],
        [0.0253, 0.0216, 0.0196, 0.0193, 0.0192, 0.0190],
        [0.0229, 0.0210, 0.0206, 0.0200, 0.0200, 0.0198],
        [0.0352, 0.0227, 0.0220, 0.0215, 0.0208, 0.0205],
        [0.0362, 0.0313, 0.0237, 0.0224, 0.0219, 0.0219],
        [0.0324, 0.0322, 0.0262, 0.0239, 0.0238, 0.0232],
        [0.0296, 0.0263, 0.0251, 0.0238, 0.0235, 0.0208],
        [0.0239, 0.0207, 0.0200, 0.0192, 0.0190, 0.0185],
        [0.0226, 0.0225, 0.0220, 0.0214, 0.0205, 0.0205],
        [0.0251, 0.0242, 0.0212, 0.0210, 0.0200, 0.0200],
        [0.0764, 0.0370, 0.0369, 0.0249, 0.0225, 0.0217],
        [0.0360, 0.0315, 0.0257, 0.0234, 0.0219, 0.0217],
        [0.0226, 0.0217, 0.0211, 0.0205, 0.0203, 0.0203],
        [0.0452, 0.0309, 0.0244, 0.0223, 0.0217, 0.0215],
        [0.0328, 0.0229, 0.0225, 0.0222, 0.0220, 0.0219],
        [0.0282, 0.0216, 0.0200, 0.0197, 0.0196, 0.0195],
        [0.0218, 0.0203, 0.0203, 0.0203, 0.0196, 0.0196],
        [0.0424, 0.0418, 0.0231, 0.0223, 0.0215, 0.0203],
        [0.0310, 0.0280, 0.0278, 0.0278, 0.0250, 0.0249],
        [0.0348, 0.0329, 0.0283, 0.0252, 0.0251, 0.0227],
        [0.0385, 0.0360, 0.0307, 0.0291, 0.0290, 0.0219],
        [0.0252, 0.0238, 0.0227, 0.0208, 0.0207, 0.0202],
        [0.0283, 0.0255, 0.0236, 0.0234, 0.0233, 0.0231],
        [0.0244, 0.0226, 0.0224, 0.0217, 0.0217, 0.0212],
        [0.0492, 0.0321, 0.0266, 0.0217, 0.0212, 0.0209],
        [0.0199, 0.0188, 0.0178, 0.0177, 0.0174, 0.0174],
        [0.0209, 0.0205, 0.0203, 0.0203, 0.0200, 0.0199],
        [0.0797, 0.0216, 0.0180, 0.0179, 0.0178, 0.0176],
        [0.0250, 0.0238, 0.0230, 0.0220, 0.0209, 0.0209]])

----------------indices-----------------
torch.Size([64, 6])
tensor([[28, 21,  3,  9, 34,  8],
        [47,  2,  4,  0, 30, 24],
        [38,  1,  5, 19, 51, 59],
        [45, 53, 46,  3, 32, 22],
        [24,  5, 18, 11, 26, 37],
        [57,  8, 27, 17, 19, 31],
        [45, 12, 30, 43, 35, 16],
        [45, 51, 44, 37, 41, 61],
        [25,  4, 36, 20, 19, 49],
        [37, 42,  2, 19, 35, 39],
        [59, 23, 48, 40, 42, 35],
        [61, 27,  2, 11, 59, 28],
        [50, 27,  7, 37, 51, 61],
        [15, 38, 37, 36, 52,  5],
        [45, 23, 14, 34, 40, 46],
        [42, 44,  2, 13, 58, 25],
        [15, 52, 36, 37, 50, 59],
        [14,  3, 21, 10,  7, 20],
        [ 6, 58, 22, 52, 43, 33],
        [ 3, 44, 49, 25, 27, 10],
        [26, 29, 57, 33, 36, 50],
        [47, 28,  4, 55, 38, 43],
        [ 9, 32, 23, 16, 17, 59],
        [ 9, 63, 17, 42, 22,  5],
        [32, 36, 37, 44,  7, 23],
        [30, 18, 35, 20, 45, 32],
        [31, 50, 33,  3,  0, 11],
        [45, 51, 44, 37, 15,  5],
        [14, 24, 54, 13, 46, 34],
        [10, 26,  0, 59, 36, 54],
        [ 7, 50, 25, 49, 11, 53],
        [21, 12, 47, 57, 19, 42],
        [34,  8, 28,  9, 14, 55],
        [46, 28, 34, 40,  4, 35],
        [37, 23, 57, 22, 41, 35],
        [19, 52, 16,  7, 55, 62],
        [55, 34, 15, 63, 46, 36],
        [42, 52, 61, 27, 18, 24],
        [43, 55, 47, 26,  0, 25],
        [20, 35, 21, 51,  6, 47],
        [25, 42, 56, 47, 12, 63],
        [ 6, 42, 52, 20, 22, 54],
        [38,  5, 62,  4, 46, 63],
        [62, 16, 11,  7, 43, 24],
        [52, 58, 25,  3, 27, 48],
        [20,  6, 52,  7, 32, 58],
        [19, 11, 26, 17, 16,  6],
        [52, 41, 36, 34,  7, 53],
        [49, 28,  4, 20, 46, 45],
        [31, 13,  0, 55, 27,  3],
        [32, 52, 42, 36, 34, 22],
        [32, 28, 48, 51,  4, 34],
        [23, 40, 32, 19, 59, 54],
        [60, 21, 44, 13, 45, 42],
        [ 0, 55, 60, 47, 56, 19],
        [13, 56, 55, 47, 16, 37],
        [40, 23, 32, 26, 15, 54],
        [52, 38, 12, 45, 35,  5],
        [13, 55, 18, 37, 46, 54],
        [43, 12, 52, 13, 39, 18],
        [ 1, 48, 41, 63,  5, 33],
        [ 8, 49, 25, 38, 33,  3],
        [26, 49,  1, 59,  5, 22],
        [44, 39,  2, 18, 25, 45]])
