============================================================
METADATA (8Th token of each sequence)
============================================================
Model: flame-moe-290m
Run ID: 31066
Epoch: 5473
Layer: 26
Token Position: 7 (8th)
Shards processed: 0-0.pt, 0-1.pt
Total sequences: 64
Sequence length: 512
============================================================

----------------samples-----------------
torch.Size([64])
tensor([ 7826,     3,    13,  1445,   347,   533, 35954,   310,   253,   275,
           70,   249,   310,   342,   452,   187,    15,  4633,  3513, 44853,
          347,  1897,   253,  1249,    84,  1908,   521,  5810,  7108,   368,
          273,   187,   395,    40,   326,  2455,   253,  1052,  9894,  7479,
          476,  4668,     6,   352,   715,   261,  6995,  1495,   390,   310,
        43728,   475,   250,    13,   309,   533,   569, 33804,   253,  4957,
         5402,    13,   288,  1361])

-----------------scores-----------------
torch.Size([64, 6])
tensor([[0.0730, 0.0452, 0.0381, 0.0251, 0.0245, 0.0238],
        [0.0259, 0.0238, 0.0233, 0.0227, 0.0207, 0.0198],
        [0.0667, 0.0307, 0.0276, 0.0271, 0.0228, 0.0228],
        [0.0239, 0.0199, 0.0196, 0.0188, 0.0186, 0.0180],
        [0.0195, 0.0193, 0.0185, 0.0182, 0.0180, 0.0178],
        [0.0211, 0.0211, 0.0207, 0.0195, 0.0193, 0.0193],
        [0.0324, 0.0245, 0.0242, 0.0220, 0.0214, 0.0208],
        [0.0219, 0.0216, 0.0200, 0.0194, 0.0193, 0.0192],
        [0.0220, 0.0186, 0.0178, 0.0178, 0.0175, 0.0174],
        [0.0285, 0.0281, 0.0280, 0.0228, 0.0224, 0.0220],
        [0.0265, 0.0214, 0.0210, 0.0207, 0.0195, 0.0191],
        [0.0315, 0.0247, 0.0245, 0.0229, 0.0206, 0.0195],
        [0.0268, 0.0267, 0.0265, 0.0264, 0.0262, 0.0240],
        [0.0336, 0.0297, 0.0293, 0.0281, 0.0263, 0.0239],
        [0.0243, 0.0215, 0.0205, 0.0200, 0.0197, 0.0195],
        [0.0208, 0.0186, 0.0181, 0.0181, 0.0178, 0.0177],
        [0.0339, 0.0256, 0.0233, 0.0228, 0.0228, 0.0218],
        [0.0498, 0.0270, 0.0243, 0.0236, 0.0216, 0.0213],
        [0.0630, 0.0251, 0.0238, 0.0236, 0.0235, 0.0233],
        [0.0428, 0.0409, 0.0315, 0.0247, 0.0241, 0.0240],
        [0.0214, 0.0199, 0.0196, 0.0194, 0.0194, 0.0192],
        [0.0379, 0.0257, 0.0243, 0.0226, 0.0218, 0.0218],
        [0.0781, 0.0340, 0.0278, 0.0245, 0.0227, 0.0220],
        [0.0244, 0.0242, 0.0219, 0.0219, 0.0217, 0.0214],
        [0.0217, 0.0214, 0.0210, 0.0207, 0.0205, 0.0202],
        [0.0373, 0.0311, 0.0278, 0.0266, 0.0259, 0.0255],
        [0.0232, 0.0205, 0.0193, 0.0191, 0.0189, 0.0186],
        [0.0190, 0.0181, 0.0180, 0.0178, 0.0177, 0.0173],
        [0.0284, 0.0264, 0.0222, 0.0219, 0.0211, 0.0208],
        [0.0252, 0.0185, 0.0182, 0.0178, 0.0177, 0.0176],
        [0.0951, 0.0325, 0.0308, 0.0267, 0.0234, 0.0232],
        [0.0223, 0.0220, 0.0216, 0.0199, 0.0197, 0.0194],
        [0.0820, 0.0278, 0.0253, 0.0231, 0.0210, 0.0193],
        [0.0307, 0.0256, 0.0252, 0.0249, 0.0233, 0.0214],
        [0.0260, 0.0240, 0.0232, 0.0209, 0.0209, 0.0206],
        [0.0239, 0.0197, 0.0194, 0.0192, 0.0190, 0.0188],
        [0.0412, 0.0291, 0.0281, 0.0239, 0.0235, 0.0206],
        [0.0233, 0.0215, 0.0212, 0.0209, 0.0208, 0.0206],
        [0.0412, 0.0312, 0.0269, 0.0233, 0.0232, 0.0222],
        [0.0580, 0.0438, 0.0275, 0.0258, 0.0255, 0.0254],
        [0.0239, 0.0183, 0.0181, 0.0178, 0.0177, 0.0176],
        [0.0288, 0.0221, 0.0211, 0.0206, 0.0197, 0.0196],
        [0.0318, 0.0250, 0.0227, 0.0218, 0.0217, 0.0214],
        [0.0183, 0.0179, 0.0178, 0.0178, 0.0177, 0.0177],
        [0.0322, 0.0299, 0.0264, 0.0248, 0.0216, 0.0210],
        [0.0577, 0.0401, 0.0332, 0.0308, 0.0302, 0.0298],
        [0.0423, 0.0385, 0.0383, 0.0375, 0.0336, 0.0329],
        [0.0488, 0.0466, 0.0401, 0.0303, 0.0296, 0.0249],
        [0.0193, 0.0186, 0.0185, 0.0185, 0.0181, 0.0181],
        [0.0226, 0.0221, 0.0212, 0.0194, 0.0194, 0.0193],
        [0.0193, 0.0193, 0.0183, 0.0183, 0.0182, 0.0181],
        [0.0368, 0.0261, 0.0250, 0.0230, 0.0228, 0.0221],
        [0.0598, 0.0287, 0.0273, 0.0253, 0.0245, 0.0241],
        [0.0601, 0.0299, 0.0276, 0.0264, 0.0251, 0.0250],
        [0.0242, 0.0237, 0.0208, 0.0207, 0.0200, 0.0194],
        [0.0220, 0.0186, 0.0182, 0.0179, 0.0177, 0.0177],
        [0.0245, 0.0225, 0.0219, 0.0208, 0.0206, 0.0202],
        [0.0226, 0.0213, 0.0212, 0.0209, 0.0202, 0.0190],
        [0.0554, 0.0248, 0.0243, 0.0228, 0.0227, 0.0220],
        [0.0238, 0.0213, 0.0209, 0.0208, 0.0206, 0.0206],
        [0.0187, 0.0184, 0.0181, 0.0180, 0.0180, 0.0177],
        [0.0452, 0.0360, 0.0347, 0.0324, 0.0262, 0.0252],
        [0.0470, 0.0287, 0.0274, 0.0249, 0.0236, 0.0224],
        [0.0281, 0.0266, 0.0251, 0.0233, 0.0225, 0.0223]])

----------------indices-----------------
torch.Size([64, 6])
tensor([[34, 21, 28, 20,  4, 17],
        [ 5, 53, 14, 38, 49, 33],
        [63, 60, 21, 48,  9, 20],
        [23, 59, 31, 17, 11, 53],
        [ 1, 34, 14, 38, 43, 48],
        [16, 28, 38, 49, 11,  0],
        [19, 29, 24, 10, 11, 13],
        [ 7, 18, 35, 44, 19, 60],
        [ 1,  9, 14, 59, 42, 40],
        [49, 14, 36, 21, 35, 28],
        [45, 41, 54, 14, 51, 18],
        [ 6, 58, 52, 22, 33, 53],
        [24, 13, 10,  3, 31, 19],
        [ 0, 48, 14, 17,  4,  3],
        [62, 46, 54,  1, 37, 52],
        [38, 19,  1, 29, 24, 51],
        [57, 58, 25, 37,  0, 51],
        [40, 19, 45, 32, 37, 11],
        [21,  1,  0, 11, 46, 33],
        [ 4, 21, 13, 33,  3, 25],
        [36, 49, 53,  1, 24, 55],
        [13, 55, 35, 58, 28, 24],
        [16, 38, 61,  3, 27, 29],
        [36, 30,  0, 62, 33, 50],
        [11, 37, 54,  0, 30, 51],
        [53, 12, 31, 52, 16, 51],
        [18,  7, 35, 50, 11, 60],
        [31, 17, 33, 11,  8,  3],
        [ 4,  6, 53, 12, 10, 27],
        [31, 58, 33,  3,  2, 23],
        [29, 26, 39, 15, 31, 16],
        [32, 28, 27, 10,  4, 40],
        [28, 20, 29,  8, 18,  3],
        [31, 16, 51,  7, 19, 20],
        [46, 20, 41, 35, 36, 48],
        [48, 40, 29, 54, 35, 60],
        [31,  7, 29, 62, 11, 45],
        [29, 39, 34, 36, 24, 10],
        [16, 47, 21, 41,  0, 49],
        [34, 12, 43, 53, 41, 14],
        [ 1, 48,  9, 34, 45, 46],
        [18,  7, 60, 63, 45, 19],
        [21, 57, 54, 11,  3, 39],
        [31, 52, 11, 17, 54, 48],
        [17,  4,  0, 22, 37, 46],
        [63, 55,  8, 46,  5, 14],
        [ 1, 60, 14,  8, 42, 34],
        [47, 17, 25,  5, 60,  4],
        [ 1, 46, 51, 44, 57, 54],
        [18,  7, 63, 19, 50, 44],
        [45, 52, 62, 44, 49, 15],
        [12, 24, 45, 26, 51, 32],
        [47, 49, 57, 43,  1, 24],
        [47, 55, 17, 35,  4, 41],
        [40, 45, 19, 50, 51, 62],
        [ 1,  9, 48, 42, 63, 34],
        [47, 50, 25, 57, 59, 30],
        [19, 60, 50,  5, 37, 15],
        [33,  8, 63, 21, 45, 58],
        [45, 15, 27, 57, 51, 44],
        [23, 14, 63, 48, 34, 52],
        [17, 13,  8, 56,  4, 60],
        [56, 14,  4, 13, 44, 40],
        [13, 45,  0, 50, 27, 58]])
