PIM Expert Operations - Total Cycles
Decoder-BS64/10th/pim/2
Note: 2 activation movements (fc1 and fc2)
BS16 - Activation divider: 128

--- Activation Movements ---
layer0.ffn.activation_movement_2: 1118 cycles
layer0.ffn.activation_movement_1: 1124 cycles
Total activation movement cycles: 2242
----------------------------

================================================================================
 Expert Number  fc1  gelu  fc2  total compute
             0 2865    29 2851           5745
             1 2866    42 2865           5773
             2 2865    28 2851           5744
             3 2865    43 2865           5773
             4 2887    28 2836           5751
             5 2865    42 2865           5772
             6 3061    31 2851           5943
             7 2865    43 2854           5762
             8 3050    30 2851           5931
             9 2865    42 2854           5761
            10 3058    29 2851           5938
            11 2865    43 2865           5773
            14 3045    30 2851           5926
            15 2865    42 2865           5772
            16 3042    28 2836           5906
            17 2865    42 2865           5772
            18 3062    30 2851           5943
            20 5662   354 5681          11697
            21 2865    43 2865           5773
            22 3042    30 2851           5923
            23 2865    42 2866           5773
            26 3040    30 2851           5921
            27 2865    42 2854           5761
            28 3057    29 2851           5937
            29 2865    45 2866           5776
            30 3040    28 2836           5904
            31 2866    42 2865           5773
            32 3057    28 2836           5921
            33 2842    45 2865           5752
            34 3082    43 2865           5990
            35 2865    43 2865           5773
            36 3009    29 2836           5874
            37 2865    42 2865           5772
            38 3058    28 2836           5922
            39 2865    42 2865           5772
            40 3064    28 2836           5928
            41 2866    12 2850           5728
            43 3106    28 2836           5970
            44 2865    42 2854           5761
            46 3072    29 2836           5937
            48 2865    43 2865           5773
            49 3033    29 2851           5913
            50 2865    42 2865           5772
            52 3069    44 2851           5964
            53 2865    42 2855           5762
            54 3034    30 2852           5916
            58 2865    43 2866           5774
            61 5854    46 5681          11581
            62 2935    29 2836           5800
            63 2865    42 2865           5772