PIM Expert Operations - Total Cycles
Decoder-BS64/7th/pim/6
Note: 2 activation movements (fc1 and fc2)
BS16 - Activation divider: 128

--- Activation Movements ---
layer0.ffn.activation_movement_1: 1124 cycles
layer0.ffn.activation_movement_2: 1118 cycles
Total activation movement cycles: 2242
----------------------------

================================================================================
 Expert Number  fc1  gelu  fc2  total compute
             1 2865    29 2851           5745
             2 2866    43 2865           5774
             4 2866    30 2851           5747
             5 2866    44 2866           5776
             6 2880    42 2854           5776
             7 2865    45 2865           5775
             8 3025    30 2851           5906
             9 2865    43 2865           5773
            11 3042    28 2851           5921
            13 2865    42 2865           5772
            14 3001    28 2836           5865
            15 2866    43 2865           5774
            16 3107    28 2851           5986
            17 2865    12 2854           5731
            18 3085    29 2835           5949
            21 2865    43 2865           5773
            24 3042    30 2851           5923
            25 2865    45 2865           5775
            26 3059    28 2836           5923
            27 2866    43 2865           5774
            29 3056    42 2865           5963
            30 5662   310 5667          11639
            31 2865    42 2854           5761
            32 3088    29 2851           5968
            35 2865    42 2865           5772
            36 3045    28 2851           5924
            37 2865    42 2866           5773
            38 3042    29 2851           5922
            40 2865    44 2866           5775
            41 3043    42 2865           5950
            42 2866    43 2866           5775
            43 3008    30 2851           5889
            45 2865    42 2865           5772
            46 3046    28 2836           5910
            47 2865    44 2865           5774
            48 3059    31 2851           5941
            49 2865    44 2865           5774
            50 3041    28 2851           5920
            52 2866    43 2865           5774
            53 3043    29 2851           5923
            54 2865    43 2866           5774
            55 3041    30 2851           5922
            56 2865    42 2854           5761
            58 3056    29 2851           5936
            59 2865    43 2865           5773
            60 3041    42 2851           5934
            61 2865    43 2854           5762
            63 3037    28 2851           5916