Expert Operations - Total Cycles
================================================================================
 Expert Number  param_load  fc1  gelu  fc2  total compute
             0      353536 2474   215 2474           5163
             1      353600 2665   231 2666           5562
             2      353536 2617   224 2618           5459
             3      353536 2810   243 2810           5863
             4      353536 2281   199 2280           4760
             5      353600 2186   191 2185           4562
             6      353600 2137   187 2138           4462
             7      353536 2761   236 2762           5759
             8      353600 1658   145 1658           3461
             9      353536 2042   179 2042           4263
            10      353536 2474   213 2474           5161
            11      353536 2713   232 2714           5659
            12      353536 2089   180 2090           4359
            13      353536 2041   176 2040           4257
            14      353536 2521   219 2522           5262
            15      353536 3193   275 3193           6661
            16      353536 1465   131 1466           3062
            17      353536 2521   217 2521           5259
            18      353536 2953   255 2954           6162
            19      353536 2569   223 2570           5362
            20      353536 1514   135 1513           3162
            21      353536 2761   239 2762           5762
            22      353536 2329   202 2329           4860
            23      353536 2329   203 2329           4861
            24      353536 2377   204 2378           4959
            25      353536 2425   210 2426           5061
            26      353536 2329   200 2330           4859
            27      353536 2617   226 2618           5461
            28      353536 2233   195 2234           4662
            29      353536 1657   145 1658           3460
            30      353536 1945   171 1946           4062
            31      353600 2137   187 2137           4461
            32      353600 2762   237 2762           5761
            33      353536 2377   206 2377           4960
            34      353536 1946   168 1946           4060
            35      353536 1465   129 1466           3060
            36      353536 1225   108 1226           2559
            37      353536 2666   230 2666           5562
            38      353536 2329   202 2330           4861
            39      353600 2665   231 2666           5562
            40      353536 2570   223 2570           5363
            41      353536 2809   243 2810           5862
            42      353536 2090   180 2090           4360
            43      353536 2233   195 2234           4662
            44      353536 2568   223 2570           5361
            45      353536 2138   186 2138           4462
            46      353536 2666   230 2665           5561
            47      353536 1897   164 1898           3959
            48      353536 2185   189 2185           4559
            49      353536 2137   187 2138           4462
            50      353536 2953   252 2954           6159
            51      353536 2665   230 2666           5561
            52      353536 2473   213 2474           5160
            53      353536 2521   216 2521           5258
            54      353536 2329   200 2330           4859
            55      353536 1753   153 1754           3660
            56      353536 2666   228 2665           5559
            57      353536 2329   200 2330           4859
            58      353536 2185   189 2186           4560
            59      353536 2473   212 2473           5158
            60      353536 2713   234 2714           5661
            61      353536 2186   189 2185           4560
            62      353536 2665   231 2666           5562
            63      353536 2618   226 2617           5461