PIM Expert Operations - Total Cycles
Decoder-BS64/9th/pim/5
Note: 2 activation movements (fc1 and fc2)
BS16 - Activation divider: 128

--- Activation Movements ---
layer0.ffn.activation_movement_2: 1118 cycles
layer0.ffn.activation_movement_1: 1124 cycles
Total activation movement cycles: 2242
----------------------------

================================================================================
 Expert Number  fc1  gelu  fc2  total compute
             0 2865    31 2851           5747
             1 2865    42 2865           5772
             3 2865    29 2836           5730
             4 2865    42 2865           5772
             6 2901    28 2854           5783
             7 2865    43 2865           5773
             8 3041    28 2851           5920
             9 2865    42 2865           5772
            10 3050    29 2851           5930
            11 2865    12 2854           5731
            12 3083    28 2835           5946
            13 5681   355 5667          11703
            14 2865    44 2865           5774
            16 3051    28 2851           5930
            17 2865    43 2854           5762
            18 3054    29 2836           5919
            22 2865    42 2865           5772
            23 3044    28 2836           5908
            24 2865    43 2865           5773
            25 3080    29 2851           5960
            26 2842    45 2866           5753
            28 3061    29 2851           5941
            29 2865    45 2865           5775
            30 3045    29 2851           5925
            31 2865    42 2865           5772
            32 3043    45 2851           5939
            34 2865    42 2865           5772
            35 3026    29 2851           5906
            36 2865    42 2854           5761
            37 3028    43 2865           5936
            39 2842    43 2866           5751
            40 3060    28 2836           5924
            42 2865    42 2865           5772
            43 3059    29 2851           5939
            44 2865    43 2866           5774
            45 3019    28 2851           5898
            46 2865    42 2866           5773
            47 3073    30 2851           5954
            48 2865    43 2865           5773
            50 3043    29 2836           5908
            52 2865    44 2865           5774
            54 3055    28 2836           5919
            55 2865    43 2865           5773
            56 3061    28 2851           5940
            57 2835    42 2865           5742
            58 3069    30 2865           5964
            59 2865    43 2865           5773
            60 3028    28 2851           5907
            61 2865    44 2865           5774
            63 3042    29 2851           5922