PIM Expert Operations - Total Cycles
Decoder-BS64/6th/pim/5
Note: 2 activation movements (fc1 and fc2)
BS16 - Activation divider: 128

--- Activation Movements ---
layer0.ffn.activation_movement_2: 1118 cycles
layer0.ffn.activation_movement_1: 1124 cycles
Total activation movement cycles: 2242
----------------------------

================================================================================
 Expert Number  fc1  gelu  fc2  total compute
             0 2865    29 2851           5745
             2 5682    47 5668          11397
             4 2865    42 2865           5772
             7 3013    28 2836           5877
             8 2865    42 2865           5772
             9 3035    28 2836           5899
            10 2865    43 2865           5773
            11 3085    29 2851           5965
            12 2846    43 2865           5754
            14 3064    30 2851           5945
            15 2866    43 2865           5774
            17 3041    44 2851           5936
            18 2865    42 2865           5772
            19 3023    44 2865           5932
            20 2865    44 2865           5774
            21 3013    29 2851           5893
            22 2865    42 2865           5772
            23 3043    28 2851           5922
            24 2836    43 2865           5744
            25 3079    28 2836           5943
            27 2865    42 2865           5772
            28 3058    12 2836           5906
            29 2865    43 2865           5773
            30 3078    31 2852           5961
            31 2865    45 2865           5775
            32 3038    30 2851           5919
            34 2865    42 2854           5761
            35 3052    28 2851           5931
            36 2865    42 2854           5761
            37 3052    43 2865           5960
            40 2865    43 2866           5774
            41 2999    28 2836           5863
            42 2846    42 2865           5753
            44 3093    30 2851           5974
            45 2865    42 2865           5772
            46 3020    28 2851           5899
            47 2850    45 2866           5761
            48 3085    29 2851           5965
            49 2865    42 2865           5772
            50 3045    28 2851           5924
            51 2865    42 2865           5772
            52 3043    29 2851           5923
            55 2865    43 2865           5773
            56 3026    42 2836           5904
            57 2842    43 2865           5750
            58 3081    30 2865           5976
            59 2865    42 2866           5773
            60 3028    28 2836           5892
            61 2865    43 2865           5773
            62 3011    29 2851           5891
            63 2842    43 2865           5750