============================================================
METADATA (1St token of each sequence)
============================================================
Model: flame-moe-290m
Run ID: 31066
Epoch: 5473
Layer: 9
Token Position: 0 (1st)
Shards processed: 0-0.pt, 0-1.pt
Total sequences: 64
Sequence length: 512
============================================================

----------------samples-----------------
torch.Size([64])
tensor([ 1512,  2509,  1306,   958,   436,  8813,    15,   617, 15368, 32973,
        36319,  1456,  2613,   285,    14, 41868, 38399,    15,  1097,   392,
          310,   744,   344,   535,    10, 17288,   273, 14436,   285,   253,
         1634,   840,   597,   597, 24600,  1046,   285,  1333,   831,  1056,
         3727,   253,  6684,  3430, 44887, 44901, 22156,   352,  6119, 25497,
          368,  6166,  1220,  5004,  5815,   476,    15,  2438,   323,   342,
          187,   253,   285,   644])

-----------------scores-----------------
torch.Size([64, 6])
tensor([[0.3692, 0.1563, 0.0958, 0.0395, 0.0287, 0.0273],
        [0.2161, 0.1471, 0.1234, 0.0799, 0.0411, 0.0387],
        [0.1617, 0.1114, 0.1007, 0.0826, 0.0675, 0.0457],
        [0.6309, 0.0435, 0.0329, 0.0315, 0.0302, 0.0213],
        [0.1501, 0.1315, 0.1308, 0.0659, 0.0577, 0.0340],
        [0.2059, 0.0858, 0.0716, 0.0546, 0.0532, 0.0353],
        [0.1589, 0.1097, 0.0709, 0.0635, 0.0590, 0.0322],
        [0.0847, 0.0751, 0.0729, 0.0623, 0.0518, 0.0515],
        [0.2366, 0.1907, 0.0590, 0.0448, 0.0392, 0.0283],
        [0.1840, 0.1696, 0.1002, 0.0903, 0.0765, 0.0529],
        [0.1183, 0.0907, 0.0904, 0.0574, 0.0363, 0.0346],
        [0.3077, 0.2655, 0.1360, 0.1197, 0.0230, 0.0169],
        [0.1589, 0.1258, 0.0613, 0.0451, 0.0424, 0.0383],
        [0.2038, 0.0794, 0.0665, 0.0495, 0.0335, 0.0332],
        [0.0966, 0.0720, 0.0698, 0.0494, 0.0433, 0.0402],
        [0.1618, 0.0813, 0.0729, 0.0476, 0.0401, 0.0388],
        [0.0960, 0.0582, 0.0433, 0.0405, 0.0370, 0.0362],
        [0.2668, 0.2108, 0.0661, 0.0599, 0.0445, 0.0349],
        [0.8032, 0.0266, 0.0135, 0.0114, 0.0108, 0.0089],
        [0.1471, 0.1004, 0.0953, 0.0723, 0.0616, 0.0460],
        [0.1427, 0.1410, 0.0724, 0.0600, 0.0569, 0.0357],
        [0.4717, 0.0891, 0.0630, 0.0352, 0.0296, 0.0228],
        [0.1904, 0.1027, 0.0852, 0.0846, 0.0446, 0.0389],
        [0.1604, 0.0517, 0.0516, 0.0509, 0.0469, 0.0395],
        [0.1248, 0.1035, 0.0558, 0.0508, 0.0493, 0.0403],
        [0.2422, 0.2060, 0.1645, 0.0619, 0.0375, 0.0263],
        [0.2261, 0.1310, 0.0631, 0.0558, 0.0531, 0.0529],
        [0.1096, 0.0950, 0.0859, 0.0822, 0.0400, 0.0333],
        [0.3479, 0.1420, 0.0978, 0.0719, 0.0506, 0.0478],
        [0.1161, 0.0772, 0.0676, 0.0621, 0.0585, 0.0512],
        [0.2505, 0.1689, 0.1544, 0.0425, 0.0275, 0.0268],
        [0.1205, 0.1107, 0.1072, 0.0592, 0.0550, 0.0309],
        [0.2391, 0.2384, 0.0660, 0.0363, 0.0311, 0.0291],
        [0.1175, 0.0939, 0.0712, 0.0610, 0.0580, 0.0574],
        [0.2701, 0.1768, 0.0941, 0.0935, 0.0885, 0.0342],
        [0.1178, 0.0865, 0.0842, 0.0676, 0.0621, 0.0413],
        [0.1775, 0.1107, 0.1089, 0.0595, 0.0552, 0.0209],
        [0.1582, 0.0839, 0.0785, 0.0529, 0.0449, 0.0347],
        [0.1066, 0.0736, 0.0674, 0.0507, 0.0456, 0.0407],
        [0.1373, 0.1065, 0.0700, 0.0598, 0.0511, 0.0458],
        [0.1603, 0.1546, 0.0768, 0.0683, 0.0609, 0.0355],
        [0.1708, 0.0850, 0.0714, 0.0565, 0.0552, 0.0504],
        [0.1659, 0.1455, 0.0755, 0.0464, 0.0425, 0.0375],
        [0.2026, 0.0922, 0.0797, 0.0532, 0.0408, 0.0391],
        [0.2737, 0.1143, 0.1008, 0.0529, 0.0367, 0.0227],
        [0.3865, 0.1475, 0.0769, 0.0651, 0.0532, 0.0261],
        [0.2326, 0.1987, 0.0633, 0.0627, 0.0614, 0.0548],
        [0.1540, 0.1380, 0.0736, 0.0458, 0.0382, 0.0367],
        [0.1198, 0.0927, 0.0716, 0.0709, 0.0561, 0.0281],
        [0.2166, 0.1507, 0.1263, 0.1255, 0.0307, 0.0199],
        [0.0963, 0.0706, 0.0585, 0.0582, 0.0477, 0.0363],
        [0.0831, 0.0714, 0.0643, 0.0557, 0.0556, 0.0418],
        [0.0939, 0.0924, 0.0614, 0.0560, 0.0385, 0.0345],
        [0.2308, 0.1836, 0.1293, 0.0374, 0.0364, 0.0198],
        [0.2193, 0.1079, 0.0948, 0.0508, 0.0333, 0.0299],
        [0.1625, 0.1471, 0.1452, 0.0931, 0.0561, 0.0453],
        [0.1297, 0.0947, 0.0897, 0.0745, 0.0584, 0.0537],
        [0.1566, 0.1380, 0.1042, 0.0481, 0.0475, 0.0423],
        [0.1320, 0.0897, 0.0700, 0.0570, 0.0496, 0.0319],
        [0.3084, 0.1349, 0.0524, 0.0338, 0.0334, 0.0330],
        [0.1621, 0.1536, 0.1112, 0.0654, 0.0322, 0.0247],
        [0.1652, 0.1464, 0.1016, 0.0993, 0.0677, 0.0381],
        [0.2647, 0.1552, 0.0962, 0.0359, 0.0319, 0.0235],
        [0.2495, 0.1916, 0.0905, 0.0409, 0.0312, 0.0226]])

----------------indices-----------------
torch.Size([64, 6])
tensor([[33, 23,  3, 47, 26, 25],
        [12, 21, 29,  2, 47,  7],
        [52, 13, 16, 17, 24, 54],
        [20, 17, 40, 34, 19, 43],
        [57, 41,  2, 40,  6, 39],
        [54, 17, 25, 52, 43, 27],
        [59, 61, 22,  1, 12, 26],
        [40, 10,  6, 25, 23, 33],
        [ 2, 25, 61,  3, 40, 36],
        [ 3, 24, 35, 63, 61, 26],
        [42, 57, 32, 60,  6, 40],
        [ 2, 36, 25, 35, 61, 12],
        [17, 16, 40, 34, 43, 54],
        [ 6,  3, 26, 23, 33, 59],
        [42, 57, 25, 10, 60,  3],
        [40,  6, 42, 35, 23, 17],
        [53, 48, 15, 34, 60, 45],
        [26,  3, 61, 22, 59, 47],
        [55, 44, 15,  0,  4, 49],
        [13, 17, 36, 52, 16, 25],
        [ 1, 14, 45, 22, 34, 11],
        [16, 20,  5, 50, 44, 13],
        [39, 13, 19, 62, 15, 18],
        [23, 47, 13, 40, 17, 59],
        [32, 60, 63, 42, 23, 35],
        [21, 12,  2, 29, 35, 47],
        [41, 57, 46, 58, 13, 39],
        [45, 43, 14, 11,  5,  1],
        [21, 36, 12, 47,  2, 32],
        [37, 42,  6, 39, 63, 41],
        [30, 51,  0, 54, 49, 13],
        [34, 45, 11, 14, 18, 15],
        [12, 21, 36, 29,  7,  2],
        [ 5, 31, 18, 62, 53, 43],
        [37, 63, 17, 35, 41, 58],
        [53, 31,  1, 45, 11, 15],
        [58, 34, 19, 17, 14, 33],
        [32, 42, 60, 39, 63, 23],
        [23, 42, 14, 25, 32, 10],
        [62, 29,  9, 15, 18, 49],
        [29, 12, 21,  7,  2, 36],
        [ 0, 44, 51, 30, 49, 50],
        [50, 61,  3, 57, 25, 26],
        [23, 15, 21, 29, 12,  2],
        [49, 38,  4, 37,  7, 63],
        [51, 44,  0,  5, 30,  8],
        [20, 18, 19, 31, 62, 13],
        [12, 21,  2, 29, 35, 36],
        [34, 45, 19, 11, 14, 43],
        [ 2, 25, 35, 36, 29, 55],
        [21, 22, 32, 45, 11, 56],
        [31, 45, 60, 13, 43, 22],
        [42, 39, 41,  6, 63, 57],
        [49,  4, 38,  7, 37, 55],
        [49, 38,  4, 37,  9,  5],
        [62, 50, 15, 18,  8, 39],
        [43, 13, 23, 54, 28, 52],
        [57, 58, 41, 39,  6, 38],
        [23, 60, 25,  4, 50, 32],
        [19, 27, 58, 17, 13, 20],
        [49,  4, 38, 37,  5, 15],
        [ 7, 38,  5, 52, 43, 54],
        [49,  4, 38, 37,  7, 63],
        [49,  4, 38, 37,  7, 63]])
