PIM Expert Operations - Total Cycles
Decoder-BS64/4th/pim/8
Note: 2 activation movements (fc1 and fc2)
BS16 - Activation divider: 128

--- Activation Movements ---
layer0.ffn.activation_movement_1: 1124 cycles
layer0.ffn.activation_movement_2: 1118 cycles
Total activation movement cycles: 2242
----------------------------

================================================================================
 Expert Number  fc1  gelu  fc2  total compute
             0 2865    29 2851           5745
             1 2866    42 2865           5773
             4 2865    29 2836           5730
             5 2865    43 2854           5762
             7 2913    31 2865           5809
             8 2865    43 2866           5774
             9 3025    28 2852           5905
            11 2865    42 2865           5772
            12 3032    29 2851           5912
            13 2865    44 2865           5774
            14 3057    29 2851           5937
            15 2865    42 2854           5761
            16 3058    29 2851           5938
            17 2865    42 2865           5772
            23 3042    30 2851           5923
            24 5681   300 5668          11649
            25 2865    42 2865           5772
            26 3091    28 2836           5955
            27 2865    42 2865           5772
            28 3051    30 2851           5932
            29 2846    45 2865           5756
            30 3068    29 2852           5949
            34 2865    42 2865           5772
            35 3045    30 2851           5926
            36 2865    42 2865           5772
            37 3044    31 2851           5926
            39 2865    43 2854           5762
            40 3051    29 2851           5931
            43 2865    44 2865           5774
            44 3043    28 2851           5922
            45 2865    43 2865           5773
            46 3038    42 2865           5945
            47 2866    43 2866           5775
            48 3014    31 2852           5897
            49 2865    43 2865           5773
            50 3039    29 2852           5920
            51 2865    43 2854           5762
            54 3059    29 2851           5939
            55 2865    43 2865           5773
            56 3043    28 2851           5922
            58 2865    43 2854           5762
            60 3053    28 2851           5932
            61 2865    43 2865           5773
            62 3028    29 2851           5908
            63 2865    43 2866           5774