============================================================
METADATA (1St token of each sequence)
============================================================
Model: flame-moe-290m
Run ID: 31066
Epoch: 5473
Layer: 22
Token Position: 0 (1st)
Shards processed: 0-0.pt, 0-1.pt
Total sequences: 64
Sequence length: 512
============================================================

----------------samples-----------------
torch.Size([64])
tensor([ 1512,  2509,  1306,   958,   436,  8813,    15,   617, 15368, 32973,
        36319,  1456,  2613,   285,    14, 41868, 38399,    15,  1097,   392,
          310,   744,   344,   535,    10, 17288,   273, 14436,   285,   253,
         1634,   840,   597,   597, 24600,  1046,   285,  1333,   831,  1056,
         3727,   253,  6684,  3430, 44887, 44901, 22156,   352,  6119, 25497,
          368,  6166,  1220,  5004,  5815,   476,    15,  2438,   323,   342,
          187,   253,   285,   644])

-----------------scores-----------------
torch.Size([64, 6])
tensor([[0.0533, 0.0499, 0.0442, 0.0397, 0.0376, 0.0362],
        [0.1547, 0.1263, 0.0939, 0.0476, 0.0434, 0.0418],
        [0.1286, 0.0824, 0.0779, 0.0692, 0.0325, 0.0308],
        [0.1155, 0.1132, 0.0904, 0.0808, 0.0394, 0.0323],
        [0.0926, 0.0891, 0.0860, 0.0789, 0.0725, 0.0602],
        [0.1320, 0.0768, 0.0576, 0.0491, 0.0460, 0.0421],
        [0.1348, 0.1230, 0.1090, 0.0476, 0.0373, 0.0355],
        [0.1104, 0.1083, 0.0633, 0.0502, 0.0499, 0.0493],
        [0.1147, 0.0784, 0.0769, 0.0397, 0.0361, 0.0326],
        [0.1362, 0.1220, 0.0658, 0.0639, 0.0482, 0.0475],
        [0.1221, 0.1021, 0.0810, 0.0484, 0.0442, 0.0390],
        [0.3023, 0.0424, 0.0374, 0.0296, 0.0265, 0.0253],
        [0.2959, 0.1505, 0.0664, 0.0547, 0.0486, 0.0287],
        [0.1956, 0.1568, 0.1126, 0.0538, 0.0386, 0.0338],
        [0.1426, 0.1072, 0.0822, 0.0660, 0.0491, 0.0452],
        [0.1382, 0.1099, 0.0534, 0.0523, 0.0408, 0.0366],
        [0.1064, 0.0817, 0.0753, 0.0554, 0.0385, 0.0334],
        [0.3030, 0.0360, 0.0356, 0.0269, 0.0268, 0.0257],
        [0.1285, 0.0771, 0.0519, 0.0471, 0.0387, 0.0372],
        [0.1443, 0.0759, 0.0623, 0.0583, 0.0377, 0.0340],
        [0.0751, 0.0674, 0.0540, 0.0539, 0.0400, 0.0390],
        [0.0879, 0.0844, 0.0657, 0.0600, 0.0437, 0.0416],
        [0.1027, 0.0933, 0.0801, 0.0784, 0.0515, 0.0409],
        [0.2329, 0.1354, 0.0835, 0.0737, 0.0453, 0.0421],
        [0.2243, 0.1766, 0.0989, 0.0394, 0.0328, 0.0308],
        [0.2241, 0.0603, 0.0539, 0.0451, 0.0363, 0.0328],
        [0.2480, 0.1438, 0.0984, 0.0668, 0.0572, 0.0337],
        [0.1416, 0.0907, 0.0670, 0.0668, 0.0585, 0.0539],
        [0.2632, 0.0480, 0.0429, 0.0403, 0.0286, 0.0257],
        [0.1758, 0.1109, 0.0946, 0.0854, 0.0845, 0.0423],
        [0.1696, 0.0525, 0.0459, 0.0419, 0.0372, 0.0320],
        [0.1723, 0.1109, 0.0882, 0.0569, 0.0431, 0.0414],
        [0.0770, 0.0407, 0.0356, 0.0336, 0.0292, 0.0281],
        [0.1726, 0.1094, 0.1066, 0.0545, 0.0446, 0.0437],
        [0.1106, 0.1039, 0.0944, 0.0741, 0.0680, 0.0508],
        [0.2114, 0.1058, 0.0963, 0.0528, 0.0470, 0.0417],
        [0.2973, 0.0739, 0.0506, 0.0439, 0.0375, 0.0341],
        [0.2106, 0.0646, 0.0430, 0.0410, 0.0381, 0.0371],
        [0.2259, 0.1319, 0.1319, 0.0628, 0.0518, 0.0490],
        [0.0795, 0.0737, 0.0473, 0.0436, 0.0389, 0.0383],
        [0.1103, 0.1081, 0.0864, 0.0655, 0.0418, 0.0349],
        [0.0951, 0.0662, 0.0653, 0.0633, 0.0472, 0.0365],
        [0.1046, 0.0860, 0.0667, 0.0550, 0.0512, 0.0488],
        [0.1434, 0.0405, 0.0377, 0.0353, 0.0343, 0.0336],
        [0.1393, 0.1180, 0.0850, 0.0379, 0.0334, 0.0292],
        [0.1817, 0.1529, 0.1183, 0.0824, 0.0296, 0.0259],
        [0.2663, 0.0908, 0.0775, 0.0578, 0.0376, 0.0340],
        [0.0693, 0.0556, 0.0511, 0.0467, 0.0452, 0.0441],
        [0.1872, 0.1307, 0.0736, 0.0559, 0.0298, 0.0254],
        [0.1908, 0.1011, 0.0973, 0.0744, 0.0688, 0.0443],
        [0.1335, 0.1327, 0.0922, 0.0729, 0.0633, 0.0442],
        [0.2004, 0.0979, 0.0943, 0.0825, 0.0370, 0.0324],
        [0.1107, 0.0683, 0.0671, 0.0662, 0.0590, 0.0423],
        [0.1645, 0.0840, 0.0772, 0.0533, 0.0305, 0.0297],
        [0.1998, 0.1268, 0.0751, 0.0296, 0.0285, 0.0270],
        [0.0799, 0.0647, 0.0576, 0.0556, 0.0492, 0.0467],
        [0.1116, 0.0699, 0.0602, 0.0340, 0.0328, 0.0326],
        [0.2687, 0.1706, 0.0706, 0.0493, 0.0470, 0.0308],
        [0.0662, 0.0623, 0.0448, 0.0418, 0.0394, 0.0386],
        [0.2772, 0.1839, 0.0484, 0.0438, 0.0225, 0.0220],
        [0.0725, 0.0627, 0.0554, 0.0486, 0.0429, 0.0379],
        [0.1391, 0.0850, 0.0568, 0.0444, 0.0392, 0.0386],
        [0.1462, 0.1203, 0.0750, 0.0435, 0.0368, 0.0305],
        [0.2112, 0.0946, 0.0772, 0.0344, 0.0319, 0.0305]])

----------------indices-----------------
torch.Size([64, 6])
tensor([[ 5, 45, 47,  2, 15, 27],
        [11, 49, 54,  9, 48, 52],
        [59, 14, 10,  8, 47, 27],
        [22, 41, 15,  7, 56, 32],
        [ 9, 19, 28, 35, 16, 11],
        [ 1, 38, 41, 27, 14, 47],
        [18, 54, 37, 46, 52, 32],
        [12, 33, 16, 22, 31, 46],
        [33, 31, 49, 62, 12, 16],
        [ 0,  5, 62, 58, 39, 60],
        [27,  9, 46, 29, 55, 49],
        [12, 54, 35, 20, 29, 39],
        [58, 22,  7,  3, 41, 15],
        [ 5, 56, 18, 52, 44, 49],
        [29, 41,  7, 58, 32, 44],
        [17, 46, 44, 41, 49, 22],
        [42, 18, 57, 38, 40, 27],
        [12, 20, 34, 31, 44,  6],
        [50, 20, 36,  1,  2, 21],
        [58, 27,  1, 14,  8, 41],
        [47, 27, 45,  9, 39, 40],
        [55, 20, 51, 53, 11,  2],
        [30, 32, 55, 24, 48, 58],
        [12, 47,  5, 15,  0, 31],
        [ 5, 18, 12,  6, 54, 26],
        [48, 39, 52, 54, 35, 49],
        [28,  9, 60, 16,  8, 29],
        [13,  4, 27, 21, 24, 53],
        [12, 54, 44, 48,  4, 21],
        [13, 16,  9, 26, 20, 34],
        [ 2, 41, 59, 51, 37, 38],
        [58,  7, 44, 22, 41, 57],
        [ 5,  7,  2, 45, 52, 48],
        [30, 15, 43, 20, 24, 61],
        [14, 48,  0, 28,  5, 60],
        [24,  7, 48,  3, 58, 40],
        [58, 24, 22,  7, 53, 15],
        [26,  9, 18, 29, 46, 60],
        [41, 62, 37, 39, 31, 29],
        [54, 55,  4, 30, 23, 25],
        [48, 52, 54, 11, 49,  6],
        [50, 23,  1, 21, 13, 36],
        [ 3, 49, 14, 33, 12, 31],
        [12, 54, 18, 48,  4, 29],
        [23, 17, 62, 55, 34,  1],
        [ 1, 21, 17,  8, 45, 19],
        [32, 61, 53, 24,  7, 30],
        [52, 48, 49,  9, 44, 54],
        [44, 41,  7, 58, 47, 21],
        [60, 57, 12, 35, 19,  9],
        [38, 57, 32, 23, 52, 37],
        [27, 40, 53, 37, 57, 52],
        [ 9, 16,  8, 46, 27, 28],
        [17, 23, 62,  1, 45, 51],
        [23, 62, 17, 55, 60, 29],
        [54, 25, 11,  3, 48,  7],
        [23, 52, 47, 46, 28, 12],
        [ 9, 16,  3, 13, 34, 28],
        [21, 23, 12, 62, 45,  4],
        [32, 24,  3, 61, 40, 58],
        [36,  1, 63, 51, 17,  4],
        [47, 13, 19, 32, 51,  1],
        [17, 23, 62,  1, 10, 51],
        [23, 62, 17, 51, 29, 31]])
