============================================================
METADATA (8Th token of each sequence)
============================================================
Model: flame-moe-290m
Run ID: 31066
Epoch: 5473
Layer: 25
Token Position: 7 (8th)
Shards processed: 0-0.pt, 0-1.pt
Total sequences: 64
Sequence length: 512
============================================================

----------------samples-----------------
torch.Size([64])
tensor([ 7826,     3,    13,  1445,   347,   533, 35954,   310,   253,   275,
           70,   249,   310,   342,   452,   187,    15,  4633,  3513, 44853,
          347,  1897,   253,  1249,    84,  1908,   521,  5810,  7108,   368,
          273,   187,   395,    40,   326,  2455,   253,  1052,  9894,  7479,
          476,  4668,     6,   352,   715,   261,  6995,  1495,   390,   310,
        43728,   475,   250,    13,   309,   533,   569, 33804,   253,  4957,
         5402,    13,   288,  1361])

-----------------scores-----------------
torch.Size([64, 6])
tensor([[0.1910, 0.1140, 0.0557, 0.0440, 0.0434, 0.0410],
        [0.2127, 0.1019, 0.0872, 0.0780, 0.0494, 0.0367],
        [0.2098, 0.1744, 0.0617, 0.0383, 0.0381, 0.0328],
        [0.1293, 0.1251, 0.1237, 0.1043, 0.0521, 0.0458],
        [0.1808, 0.0971, 0.0970, 0.0417, 0.0396, 0.0372],
        [0.2299, 0.1138, 0.0786, 0.0616, 0.0516, 0.0514],
        [0.2142, 0.1930, 0.0480, 0.0419, 0.0337, 0.0329],
        [0.2712, 0.1704, 0.0947, 0.0729, 0.0545, 0.0521],
        [0.1555, 0.1098, 0.1065, 0.0522, 0.0456, 0.0312],
        [0.2041, 0.1261, 0.0618, 0.0431, 0.0405, 0.0401],
        [0.2893, 0.0848, 0.0660, 0.0636, 0.0580, 0.0573],
        [0.1383, 0.0889, 0.0785, 0.0759, 0.0533, 0.0387],
        [0.2194, 0.0594, 0.0464, 0.0440, 0.0373, 0.0259],
        [0.3618, 0.1489, 0.1002, 0.0364, 0.0360, 0.0311],
        [0.1964, 0.0599, 0.0493, 0.0421, 0.0406, 0.0375],
        [0.2355, 0.1730, 0.1124, 0.1027, 0.0428, 0.0323],
        [0.1356, 0.1013, 0.0950, 0.0896, 0.0677, 0.0567],
        [0.2440, 0.1739, 0.0446, 0.0356, 0.0343, 0.0324],
        [0.1528, 0.0946, 0.0911, 0.0682, 0.0463, 0.0429],
        [0.1231, 0.1226, 0.0647, 0.0600, 0.0436, 0.0427],
        [0.1218, 0.1150, 0.1105, 0.0825, 0.0802, 0.0539],
        [0.1586, 0.1313, 0.0608, 0.0590, 0.0450, 0.0384],
        [0.1296, 0.1277, 0.1071, 0.0623, 0.0543, 0.0394],
        [0.2676, 0.1628, 0.1416, 0.0637, 0.0342, 0.0249],
        [0.1429, 0.0783, 0.0507, 0.0466, 0.0448, 0.0435],
        [0.1356, 0.0823, 0.0655, 0.0647, 0.0574, 0.0572],
        [0.2448, 0.2154, 0.0994, 0.0763, 0.0489, 0.0447],
        [0.2148, 0.2005, 0.1249, 0.0431, 0.0292, 0.0267],
        [0.3301, 0.1669, 0.0644, 0.0527, 0.0400, 0.0280],
        [0.1734, 0.1544, 0.0822, 0.0677, 0.0570, 0.0362],
        [0.1253, 0.1184, 0.0904, 0.0670, 0.0284, 0.0268],
        [0.3316, 0.0484, 0.0442, 0.0421, 0.0403, 0.0312],
        [0.2772, 0.1439, 0.1324, 0.0732, 0.0582, 0.0437],
        [0.2478, 0.1835, 0.1275, 0.1252, 0.0209, 0.0206],
        [0.2463, 0.1150, 0.1009, 0.0390, 0.0312, 0.0282],
        [0.2239, 0.1844, 0.0980, 0.0349, 0.0323, 0.0241],
        [0.1246, 0.0796, 0.0772, 0.0659, 0.0588, 0.0480],
        [0.1353, 0.1193, 0.1017, 0.0691, 0.0527, 0.0421],
        [0.1245, 0.1116, 0.0881, 0.0631, 0.0510, 0.0483],
        [0.2629, 0.2088, 0.0929, 0.0879, 0.0710, 0.0631],
        [0.2104, 0.1907, 0.1214, 0.0353, 0.0315, 0.0297],
        [0.1888, 0.1402, 0.1033, 0.0841, 0.0744, 0.0601],
        [0.1481, 0.0650, 0.0415, 0.0394, 0.0394, 0.0369],
        [0.1965, 0.1730, 0.1133, 0.0391, 0.0329, 0.0326],
        [0.3142, 0.1108, 0.1078, 0.0689, 0.0432, 0.0387],
        [0.1391, 0.0755, 0.0592, 0.0560, 0.0410, 0.0353],
        [0.3311, 0.3102, 0.0435, 0.0345, 0.0312, 0.0240],
        [0.1776, 0.1197, 0.1068, 0.0390, 0.0368, 0.0332],
        [0.2055, 0.1054, 0.0952, 0.0700, 0.0637, 0.0436],
        [0.1605, 0.1549, 0.1006, 0.0922, 0.0800, 0.0628],
        [0.1435, 0.1213, 0.0837, 0.0415, 0.0287, 0.0274],
        [0.1006, 0.0619, 0.0611, 0.0570, 0.0530, 0.0519],
        [0.1693, 0.0730, 0.0588, 0.0540, 0.0459, 0.0448],
        [0.1875, 0.1448, 0.0845, 0.0754, 0.0413, 0.0311],
        [0.1202, 0.0978, 0.0630, 0.0504, 0.0501, 0.0479],
        [0.1369, 0.1084, 0.0707, 0.0676, 0.0495, 0.0431],
        [0.2386, 0.1163, 0.0713, 0.0543, 0.0452, 0.0373],
        [0.2477, 0.2088, 0.1376, 0.0532, 0.0317, 0.0229],
        [0.1916, 0.1030, 0.0780, 0.0601, 0.0453, 0.0272],
        [0.1961, 0.1815, 0.1356, 0.0804, 0.0513, 0.0262],
        [0.1689, 0.1189, 0.1132, 0.0915, 0.0477, 0.0389],
        [0.1096, 0.0961, 0.0774, 0.0627, 0.0500, 0.0429],
        [0.1741, 0.1252, 0.1180, 0.1107, 0.0351, 0.0321],
        [0.1225, 0.0830, 0.0666, 0.0636, 0.0633, 0.0590]])

----------------indices-----------------
torch.Size([64, 6])
tensor([[63, 35, 24, 23, 41,  7],
        [17, 25, 47, 61, 40, 23],
        [ 4, 60, 32, 57, 10, 56],
        [49, 38,  4, 37, 41, 51],
        [63, 24, 41, 13, 29, 46],
        [ 7, 54, 16, 38, 52, 43],
        [25, 42, 46,  2, 39,  6],
        [44,  0, 51, 49, 30,  9],
        [13, 52, 16, 46, 54, 17],
        [32,  4, 56, 60, 25, 13],
        [49,  9, 38,  7,  4,  5],
        [63, 35, 26, 24, 61, 46],
        [59, 22, 48,  1, 42, 26],
        [15, 39, 31, 37, 18, 62],
        [17, 43, 16, 60, 52, 13],
        [60,  7, 52, 43,  3, 54],
        [12, 43, 21, 29, 56, 31],
        [ 2, 25,  6, 42, 36, 57],
        [43, 48, 17, 31, 53, 16],
        [43, 14, 60, 17, 16, 13],
        [54, 17, 27, 52, 40, 24],
        [40, 10,  6, 33, 57, 25],
        [45, 14, 34, 11, 22, 15],
        [61,  3, 26, 44, 17, 40],
        [60, 42, 32, 24, 35, 63],
        [33, 57, 11, 10, 40, 34],
        [44,  0, 51, 30,  8, 49],
        [49,  4, 38, 37, 55,  7],
        [28, 57, 58, 55, 41, 23],
        [ 4, 49, 37, 38, 24, 11],
        [14, 34, 25, 45, 22, 33],
        [ 6, 26, 23, 61,  3, 24],
        [ 0, 55, 44, 51, 30, 49],
        [56, 36, 12, 21,  1, 59],
        [25, 42, 40, 32, 57,  6],
        [49,  4, 38,  9, 37,  5],
        [61, 10, 45, 14, 22, 34],
        [22, 45, 61, 14,  3, 26],
        [17, 52, 40, 34, 54, 43],
        [ 8, 36, 50, 33, 27, 15],
        [13, 16, 52, 46, 40, 54],
        [44,  0, 55, 30, 51, 49],
        [10,  6, 34, 42, 57, 14],
        [ 4, 49, 38, 37, 44,  5],
        [29, 12, 62, 21, 18, 56],
        [31, 15, 13, 16, 53, 17],
        [50,  8, 20, 33, 18, 15],
        [19, 58, 53, 43, 13, 34],
        [24, 35, 63, 40, 17, 13],
        [44,  0, 51, 55, 30,  8],
        [13, 16, 52, 17, 38, 41],
        [10, 34, 14, 57, 40, 33],
        [14, 45, 34, 61, 47, 11],
        [12, 29, 21,  2, 36, 60],
        [28, 57,  2, 40,  6, 61],
        [52, 13, 16, 43, 54, 46],
        [22,  3, 26, 59, 35, 28],
        [ 2, 36, 35, 25, 41, 29],
        [ 7, 39, 29, 60, 42, 62],
        [61, 26, 47,  6, 24,  3],
        [56, 21, 32, 63, 24, 12],
        [31, 53, 48, 19,  1, 59],
        [48, 31, 53, 19, 13, 22],
        [ 1, 48, 53, 59, 45, 22]])
