PIM Expert Operations - Total Cycles
Decoder-BS64/1st/pim/7
Note: 2 activation movements (fc1 and fc2)
BS16 - Activation divider: 128

--- Activation Movements ---
layer0.ffn.activation_movement_1: 1124 cycles
layer0.ffn.activation_movement_2: 1118 cycles
Total activation movement cycles: 2242
----------------------------

================================================================================
 Expert Number  fc1  gelu  fc2  total compute
             0 2865    30 2852           5747
             2 2865    43 2854           5762
             3 2865    29 2836           5730
             6 2866    43 2865           5774
             7 2909    43 2865           5817
             8 2865    43 2866           5774
            10 3014    28 2852           5894
            12 2865    42 2865           5772
            13 3043    29 2851           5923
            14 2865    44 2865           5774
            15 3046    28 2851           5925
            16 2865    45 2865           5775
            17 3044    30 2851           5925
            18 2865    44 2865           5774
            19 3039    28 2836           5903
            20 2865    43 2865           5773
            21 3062    28 2851           5941
            23 2835    42 2865           5742
            25 3075    44 2851           5970
            26 2866    44 2866           5776
            27 3023    43 2852           5918
            28 2865    42 2865           5772
            30 3025    29 2851           5905
            31 2865    42 2854           5761
            32 3055    28 2851           5934
            33 2865    42 2854           5761
            34 3061    29 2851           5941
            35 2865    43 2865           5773
            36 3018    28 2836           5882
            37 2835    42 2865           5742
            38 3116    31 2851           5998
            39 2865    44 2865           5774
            40 3040    31 2851           5922
            42 2865    42 2865           5772
            43 3040    29 2851           5920
            45 2866    42 2854           5762
            47 3033    45 2851           5929
            48 2865    45 2865           5775
            49 3042    43 2865           5950
            50 2866    42 2865           5773
            51 3015    29 2836           5880
            53 2865    43 2854           5762
            54 3068    28 2851           5947
            57 2854    44 2865           5763
            58 3060    28 2851           5939
            60 2865    42 2865           5772
            61 3022    28 2852           5902
            62 2865    43 2865           5773