PIM Expert Operations - Total Cycles
Decoder-BS64/8th/pim/5
Note: 2 activation movements (fc1 and fc2)
BS16 - Activation divider: 128

--- Activation Movements ---
layer0.ffn.activation_movement_2: 1118 cycles
layer0.ffn.activation_movement_1: 1124 cycles
Total activation movement cycles: 2242
----------------------------

================================================================================
 Expert Number  fc1  gelu  fc2  total compute
             0 2865    28 2851           5744
             2 2865    42 2854           5761
             3 2865    29 2851           5745
             4 2865    45 2866           5776
             5 2896    28 2854           5778
             6 2865    42 2865           5772
             7 3042    29 2852           5923
             9 2846    43 2854           5743
            10 3044    28 2851           5923
            12 2846    43 2865           5754
            13 3094    29 2851           5974
            14 2865    43 2854           5762
            17 3056    28 2851           5935
            18 2865    43 2865           5773
            19 3043    28 2836           5907
            21 2865    42 2865           5772
            22 3062    31 2851           5944
            23 2865    42 2865           5772
            24 3036    42 2836           5914
            26 2865    42 2865           5772
            27 2955    28 2836           5819
            28 2865    42 2850           5757
            29 2854    42 2850           5746
            30 2865    43 2835           5743
            31 2836    43 2854           5733
            32 2835    44 2865           5744
            33 2851    43 2865           5759
            34 2865    42 2866           5773
            35 5668    46 5681          11395
            36 2866    43 2865           5774
            39 2865    29 2851           5745
            40 2865    43 2865           5773
            41 2865    29 2851           5745
            42 2865    45 2865           5775
            43 2865    29 2836           5730
            45 2865    43 2854           5762
            46 2866    44 2866           5776
            48 2865    42 2854           5761
            49 2900    31 2851           5782
            51 2865    42 2854           5761
            52 3053    30 2852           5935
            54 2865    44 2865           5774
            55 3043    28 2836           5907
            57 2866    45 2865           5776
            58 3058    29 2851           5938
            60 2866    42 2866           5774
            61 3042    29 2851           5922
            62 2865    42 2865           5772
            63 3043    30 2851           5924