============================================================
METADATA (3Rd token of each sequence)
============================================================
Model: flame-moe-290m
Run ID: 31066
Epoch: 5473
Layer: 22
Token Position: 2 (3rd)
Shards processed: 0-0.pt, 0-1.pt
Total sequences: 64
Sequence length: 512
============================================================

----------------samples-----------------
torch.Size([64])
tensor([  342,  1175, 23437,   651,   984,   626,   187, 19626,    15,   309,
        50276,   187, 30972,  5268,  1539,  1918, 12917,  4477,    32,  1294,
          247,    13,  1379, 11752,    35,  1916, 10756, 13742,  1669,  1774,
         1669,   643,   327,   320,   380,   255, 10571,   457,   368,   273,
          187,   310,   187,   253, 19887,   368,  3277,   323, 22165,   320,
         1735,  1780,   326,  1060,   369,  1973,   594,   566,   984,  8264,
        22078,  5323,   273,  1978])

-----------------scores-----------------
torch.Size([64, 6])
tensor([[0.0823, 0.0744, 0.0521, 0.0514, 0.0499, 0.0406],
        [0.1262, 0.0726, 0.0458, 0.0444, 0.0398, 0.0376],
        [0.0839, 0.0732, 0.0667, 0.0563, 0.0545, 0.0384],
        [0.2595, 0.1045, 0.0743, 0.0656, 0.0489, 0.0398],
        [0.1901, 0.1022, 0.0788, 0.0660, 0.0405, 0.0316],
        [0.1032, 0.0807, 0.0636, 0.0489, 0.0469, 0.0355],
        [0.0917, 0.0863, 0.0678, 0.0598, 0.0451, 0.0440],
        [0.1185, 0.0797, 0.0659, 0.0505, 0.0479, 0.0413],
        [0.0719, 0.0626, 0.0526, 0.0505, 0.0431, 0.0426],
        [0.1946, 0.1021, 0.0754, 0.0430, 0.0368, 0.0263],
        [0.1663, 0.0544, 0.0530, 0.0411, 0.0403, 0.0347],
        [0.0780, 0.0758, 0.0618, 0.0541, 0.0414, 0.0413],
        [0.1615, 0.0707, 0.0464, 0.0435, 0.0352, 0.0280],
        [0.0668, 0.0541, 0.0470, 0.0405, 0.0390, 0.0369],
        [0.1220, 0.0799, 0.0776, 0.0527, 0.0515, 0.0482],
        [0.1406, 0.0861, 0.0853, 0.0512, 0.0502, 0.0440],
        [0.2584, 0.0792, 0.0648, 0.0597, 0.0416, 0.0340],
        [0.1363, 0.0898, 0.0531, 0.0343, 0.0325, 0.0245],
        [0.0997, 0.0897, 0.0481, 0.0441, 0.0296, 0.0293],
        [0.0943, 0.0783, 0.0468, 0.0467, 0.0435, 0.0377],
        [0.1502, 0.1061, 0.0813, 0.0500, 0.0386, 0.0371],
        [0.0687, 0.0653, 0.0458, 0.0414, 0.0322, 0.0315],
        [0.1135, 0.0905, 0.0388, 0.0323, 0.0314, 0.0307],
        [0.1501, 0.0576, 0.0468, 0.0391, 0.0357, 0.0283],
        [0.1166, 0.0811, 0.0680, 0.0660, 0.0437, 0.0424],
        [0.3209, 0.0371, 0.0287, 0.0272, 0.0238, 0.0237],
        [0.1049, 0.0978, 0.0896, 0.0570, 0.0469, 0.0433],
        [0.1254, 0.0725, 0.0640, 0.0613, 0.0520, 0.0467],
        [0.2166, 0.1076, 0.0620, 0.0545, 0.0499, 0.0480],
        [0.1511, 0.1196, 0.1033, 0.0422, 0.0343, 0.0336],
        [0.1064, 0.0850, 0.0556, 0.0501, 0.0421, 0.0388],
        [0.1399, 0.1126, 0.0534, 0.0502, 0.0455, 0.0424],
        [0.1187, 0.0729, 0.0611, 0.0591, 0.0516, 0.0419],
        [0.0977, 0.0859, 0.0771, 0.0690, 0.0565, 0.0528],
        [0.1405, 0.1027, 0.0699, 0.0513, 0.0478, 0.0457],
        [0.3369, 0.1028, 0.0424, 0.0410, 0.0399, 0.0294],
        [0.1366, 0.1026, 0.0717, 0.0697, 0.0637, 0.0527],
        [0.0637, 0.0604, 0.0598, 0.0575, 0.0481, 0.0458],
        [0.2131, 0.1746, 0.0445, 0.0418, 0.0307, 0.0302],
        [0.0959, 0.0641, 0.0586, 0.0510, 0.0510, 0.0310],
        [0.1435, 0.0644, 0.0596, 0.0542, 0.0430, 0.0392],
        [0.2162, 0.1324, 0.0818, 0.0352, 0.0263, 0.0220],
        [0.1808, 0.0640, 0.0614, 0.0415, 0.0310, 0.0302],
        [0.1640, 0.0842, 0.0495, 0.0411, 0.0360, 0.0286],
        [0.1058, 0.0728, 0.0617, 0.0598, 0.0537, 0.0505],
        [0.1680, 0.1033, 0.0637, 0.0615, 0.0603, 0.0460],
        [0.1112, 0.0907, 0.0481, 0.0396, 0.0378, 0.0353],
        [0.1913, 0.1468, 0.0791, 0.0698, 0.0590, 0.0306],
        [0.1042, 0.0560, 0.0558, 0.0463, 0.0433, 0.0395],
        [0.1510, 0.1027, 0.0803, 0.0610, 0.0400, 0.0384],
        [0.1459, 0.0639, 0.0462, 0.0433, 0.0429, 0.0397],
        [0.2303, 0.0992, 0.0637, 0.0560, 0.0430, 0.0264],
        [0.1269, 0.0571, 0.0539, 0.0397, 0.0368, 0.0337],
        [0.1798, 0.1234, 0.0548, 0.0538, 0.0460, 0.0369],
        [0.1161, 0.1082, 0.0572, 0.0544, 0.0423, 0.0352],
        [0.1790, 0.1436, 0.0413, 0.0379, 0.0369, 0.0337],
        [0.1090, 0.0891, 0.0783, 0.0547, 0.0417, 0.0393],
        [0.1571, 0.0722, 0.0680, 0.0583, 0.0568, 0.0379],
        [0.1796, 0.0991, 0.0754, 0.0681, 0.0549, 0.0491],
        [0.1228, 0.0784, 0.0517, 0.0444, 0.0424, 0.0272],
        [0.1139, 0.1111, 0.0769, 0.0638, 0.0578, 0.0540],
        [0.1442, 0.1393, 0.0755, 0.0506, 0.0378, 0.0318],
        [0.1485, 0.1282, 0.0804, 0.0582, 0.0469, 0.0435],
        [0.1817, 0.1115, 0.0565, 0.0559, 0.0551, 0.0488]])

----------------indices-----------------
torch.Size([64, 6])
tensor([[22,  7, 45, 43, 15, 61],
        [27, 44, 28, 59, 12, 20],
        [41, 44,  8, 58, 15, 29],
        [50, 63, 20, 36,  8, 13],
        [44, 45,  4, 17, 18, 15],
        [52, 59, 10, 18, 50, 20],
        [ 2, 32, 57, 24, 51, 52],
        [36, 20, 50, 23, 21,  1],
        [24, 40, 52, 32, 13, 57],
        [40, 27, 51, 52, 13, 54],
        [41, 45, 17, 49, 22, 31],
        [ 7, 25, 58, 30, 41, 61],
        [57, 11, 20, 56, 30, 32],
        [ 0, 19, 36,  8, 17, 63],
        [27, 14, 24, 47, 58,  7],
        [35, 11,  2, 49, 48, 57],
        [30,  7, 48, 43, 54, 24],
        [ 0, 60, 23,  5, 36, 31],
        [60,  0, 23,  5, 36, 56],
        [19, 36, 23, 17, 63, 21],
        [ 2, 57, 41, 14, 56, 11],
        [36,  0, 19, 23, 21, 17],
        [60,  0, 23,  5, 17, 31],
        [20, 62,  2, 11, 30, 53],
        [48, 30, 57, 43, 40, 37],
        [23, 15, 59,  2,  4, 21],
        [56, 20, 57, 37, 11, 35],
        [20, 11, 56, 55, 35, 48],
        [57, 54, 30, 56,  7, 11],
        [60,  5,  0, 58, 28,  4],
        [ 4, 15, 61, 58, 45, 24],
        [63, 56,  5, 51, 14,  6],
        [22, 15, 45, 43, 42,  7],
        [17, 63,  0, 21,  8, 36],
        [36,  0, 60, 26, 10,  5],
        [41, 12, 16, 46, 19, 29],
        [56, 53,  7, 30, 43, 63],
        [12, 39, 37, 49, 31, 19],
        [ 6, 63, 51, 56, 27,  4],
        [59,  5,  0, 50, 14, 12],
        [59, 32, 35, 50, 56, 20],
        [38, 42, 51, 61, 41, 43],
        [52,  9, 48, 11, 19, 27],
        [27, 53,  7, 40, 13, 58],
        [56, 43, 42, 57,  7, 25],
        [44, 15, 58, 46, 12, 22],
        [50, 11, 47,  1, 19, 45],
        [36, 50, 10, 26, 60,  1],
        [46, 22, 33, 29, 42, 62],
        [19, 47, 12, 31, 18, 44],
        [37, 32, 40, 48, 53, 43],
        [14, 35, 62, 47, 39, 29],
        [27, 12, 41, 44, 21, 51],
        [17,  0, 19,  8, 36, 23],
        [ 1, 17, 50, 36, 19,  8],
        [32, 24, 51, 58, 40,  4],
        [44,  7, 62, 29, 41, 22],
        [38, 42, 15, 24, 61, 41],
        [46, 35, 26, 28, 54,  9],
        [34, 10, 36, 17,  6, 55],
        [18, 46,  5, 26, 54,  9],
        [21, 17,  0,  8, 19, 36],
        [19,  9, 28, 16, 46, 26],
        [23, 17, 62, 45,  1, 50]])
