PIM Expert Operations - Total Cycles
Decoder-BS64/6th/pim/6
Note: 2 activation movements (fc1 and fc2)
BS16 - Activation divider: 128

--- Activation Movements ---
layer0.ffn.activation_movement_2: 1118 cycles
layer0.ffn.activation_movement_1: 1124 cycles
Total activation movement cycles: 2242
----------------------------

================================================================================
 Expert Number  fc1  gelu  fc2  total compute
             2 2865    28 2851           5744
             4 2865    43 2865           5773
             5 2865    28 2851           5744
             6 2865    43 2865           5773
             7 2869    31 2865           5765
             8 2865    42 2854           5761
             9 3058    28 2851           5937
            10 2865    42 2865           5772
            14 2956    28 2852           5836
            15 2865    43 2865           5773
            16 3135    29 2851           6015
            18 2842    43 2865           5750
            22 3068    31 2852           5951
            23 2865    43 2865           5773
            24 3039    30 2851           5920
            26 2865    42 2866           5773
            27 3044    28 2851           5923
            28 2865    43 2865           5773
            29 3001    30 2851           5882
            30 2865    43 2865           5773
            31 3079    42 2854           5975
            33 2866    43 2865           5774
            34 3026    30 2851           5907
            37 2865    45 2865           5775
            39 3044    29 2851           5924
            40 2865    44 2865           5774
            41 5860    47 5667          11574
            42 2865    28 2851           5744
            43 2865    43 2865           5773
            44 2851    43 2865           5759
            45 2865    45 2865           5775
            46 2851    44 2865           5760
            47 2865    43 2865           5773
            48 2851    42 2854           5747
            49 5681    46 5681          11408
            51 2865    29 3118           6012
            53 2852    42 2866           5760
            54 2866   244 2865           5975
            55 2851    42 2865           5758
            56 2865   206 2865           5936
            57 2851    42 2865           5758
            58 2835   238 2850           5923
            62 5667    46 5681          11394
            63 2865    42 2854           5761