============================================================
METADATA (5Th token of each sequence)
============================================================
Model: flame-moe-290m
Run ID: 31066
Epoch: 5473
Layer: 3
Token Position: 4 (5th)
Shards processed: 0-0.pt, 0-1.pt
Total sequences: 64
Sequence length: 512
============================================================

----------------samples-----------------
torch.Size([64])
tensor([  247,   253,   275,   326, 11403,   281,   280,   187,   285, 10280,
           15,  3655,   864,  4439,  2825,  9214, 26940,   247,    79,   187,
         3416,    13,  8750,  4345,   659,    13,   253, 48717,   281,   310,
          387,   588,  1333,  1469,    13,   985,   562,   751,  9549, 10861,
          510,  2954,  7673,  5286,   187,    13,  2756,   273, 31910, 28190,
         3378, 10309,  4620, 47693, 34703,  4942,   521,   733,  2506,  1320,
        30254,   616, 13958, 35328])

-----------------scores-----------------
torch.Size([64, 6])
tensor([[0.1153, 0.0891, 0.0753, 0.0735, 0.0670, 0.0577],
        [0.0572, 0.0454, 0.0446, 0.0327, 0.0313, 0.0306],
        [0.0835, 0.0542, 0.0524, 0.0431, 0.0396, 0.0361],
        [0.0867, 0.0333, 0.0286, 0.0282, 0.0236, 0.0229],
        [0.0654, 0.0607, 0.0573, 0.0420, 0.0412, 0.0297],
        [0.0615, 0.0599, 0.0581, 0.0395, 0.0395, 0.0348],
        [0.0550, 0.0326, 0.0320, 0.0274, 0.0236, 0.0228],
        [0.0418, 0.0369, 0.0352, 0.0285, 0.0283, 0.0274],
        [0.0512, 0.0285, 0.0258, 0.0253, 0.0250, 0.0249],
        [0.4365, 0.0208, 0.0203, 0.0199, 0.0194, 0.0173],
        [0.0706, 0.0692, 0.0503, 0.0372, 0.0347, 0.0333],
        [0.1358, 0.1302, 0.0780, 0.0586, 0.0376, 0.0359],
        [0.1249, 0.1159, 0.0753, 0.0532, 0.0310, 0.0292],
        [0.0911, 0.0406, 0.0309, 0.0298, 0.0268, 0.0252],
        [0.0620, 0.0352, 0.0333, 0.0320, 0.0285, 0.0278],
        [0.0335, 0.0275, 0.0274, 0.0261, 0.0252, 0.0251],
        [0.0481, 0.0475, 0.0466, 0.0420, 0.0290, 0.0266],
        [0.1898, 0.0880, 0.0879, 0.0582, 0.0457, 0.0427],
        [0.1640, 0.1181, 0.0687, 0.0594, 0.0443, 0.0363],
        [0.0501, 0.0312, 0.0291, 0.0233, 0.0228, 0.0218],
        [0.0322, 0.0260, 0.0228, 0.0226, 0.0225, 0.0224],
        [0.0975, 0.0369, 0.0352, 0.0285, 0.0279, 0.0263],
        [0.2517, 0.2315, 0.0683, 0.0525, 0.0482, 0.0434],
        [0.0464, 0.0453, 0.0377, 0.0331, 0.0261, 0.0251],
        [0.1694, 0.1270, 0.0987, 0.0884, 0.0663, 0.0313],
        [0.0458, 0.0389, 0.0387, 0.0303, 0.0280, 0.0274],
        [0.1152, 0.1067, 0.0922, 0.0589, 0.0501, 0.0421],
        [0.0631, 0.0392, 0.0373, 0.0368, 0.0357, 0.0353],
        [0.1723, 0.1215, 0.0496, 0.0414, 0.0410, 0.0408],
        [0.0864, 0.0853, 0.0510, 0.0442, 0.0441, 0.0363],
        [0.0478, 0.0435, 0.0369, 0.0247, 0.0208, 0.0205],
        [0.0913, 0.0777, 0.0658, 0.0310, 0.0305, 0.0262],
        [0.1587, 0.1078, 0.0674, 0.0546, 0.0507, 0.0472],
        [0.0771, 0.0751, 0.0588, 0.0566, 0.0387, 0.0342],
        [0.1300, 0.0957, 0.0725, 0.0383, 0.0361, 0.0308],
        [0.1353, 0.0875, 0.0735, 0.0597, 0.0504, 0.0352],
        [0.1911, 0.1685, 0.0778, 0.0390, 0.0386, 0.0274],
        [0.0731, 0.0567, 0.0556, 0.0500, 0.0433, 0.0429],
        [0.1252, 0.0696, 0.0437, 0.0419, 0.0389, 0.0292],
        [0.0721, 0.0598, 0.0597, 0.0494, 0.0453, 0.0428],
        [0.1658, 0.1140, 0.0840, 0.0422, 0.0338, 0.0263],
        [0.2496, 0.1320, 0.0848, 0.0589, 0.0510, 0.0396],
        [0.0786, 0.0626, 0.0472, 0.0310, 0.0307, 0.0278],
        [0.0418, 0.0366, 0.0336, 0.0313, 0.0259, 0.0237],
        [0.1690, 0.0930, 0.0567, 0.0491, 0.0350, 0.0336],
        [0.2046, 0.0704, 0.0567, 0.0479, 0.0439, 0.0392],
        [0.1577, 0.0752, 0.0717, 0.0659, 0.0374, 0.0343],
        [0.1084, 0.0761, 0.0524, 0.0481, 0.0350, 0.0282],
        [0.0689, 0.0683, 0.0583, 0.0484, 0.0286, 0.0242],
        [0.0756, 0.0432, 0.0412, 0.0403, 0.0391, 0.0319],
        [0.0586, 0.0449, 0.0444, 0.0372, 0.0370, 0.0363],
        [0.0424, 0.0417, 0.0386, 0.0374, 0.0300, 0.0275],
        [0.1567, 0.0932, 0.0464, 0.0454, 0.0421, 0.0350],
        [0.0371, 0.0353, 0.0349, 0.0257, 0.0249, 0.0241],
        [0.0585, 0.0505, 0.0409, 0.0340, 0.0327, 0.0287],
        [0.0409, 0.0391, 0.0382, 0.0366, 0.0355, 0.0279],
        [0.1000, 0.0751, 0.0661, 0.0426, 0.0397, 0.0331],
        [0.1654, 0.1146, 0.0509, 0.0475, 0.0413, 0.0408],
        [0.0739, 0.0679, 0.0281, 0.0280, 0.0227, 0.0225],
        [0.0453, 0.0404, 0.0395, 0.0331, 0.0311, 0.0290],
        [0.0485, 0.0445, 0.0429, 0.0415, 0.0394, 0.0365],
        [0.0669, 0.0402, 0.0290, 0.0277, 0.0267, 0.0261],
        [0.0332, 0.0329, 0.0293, 0.0266, 0.0260, 0.0248],
        [0.1216, 0.0513, 0.0381, 0.0369, 0.0316, 0.0255]])

----------------indices-----------------
torch.Size([64, 6])
tensor([[22, 11, 20, 50,  1, 38],
        [23, 14, 54, 50, 21, 59],
        [49, 30, 17, 36, 10, 25],
        [39, 15, 57, 56,  6, 55],
        [ 4, 40, 39, 59, 15,  5],
        [ 0, 32, 27, 38, 36, 45],
        [46, 17, 53, 41, 43, 13],
        [19, 47, 41, 56, 14, 36],
        [55, 53, 33,  3, 37, 15],
        [58,  5, 31, 56, 21, 19],
        [51, 21, 27, 11, 31, 59],
        [ 2, 17,  1, 45, 22,  3],
        [22, 47,  1, 40, 34, 60],
        [15, 51, 52, 13, 63, 36],
        [19, 60, 14, 36, 26, 21],
        [23, 15,  8, 49, 43, 57],
        [ 2, 14, 51, 21, 13, 56],
        [ 6, 35, 28, 29, 24, 58],
        [ 7, 42, 17, 63, 50, 41],
        [53, 25, 17,  8, 44,  0],
        [60, 23, 32, 14,  6, 29],
        [26, 46, 13, 32, 15, 45],
        [44, 43,  8, 29,  6, 58],
        [ 8, 62, 24, 39, 30, 32],
        [49, 44,  8, 27, 45, 46],
        [60, 39, 46, 53,  6, 55],
        [20, 31, 63, 21,  4, 59],
        [57, 45, 25, 54, 50, 41],
        [30, 47, 42, 24, 12, 18],
        [54, 33,  0, 25, 57, 45],
        [61,  5, 25, 33, 23, 37],
        [58,  4, 19, 35, 28, 43],
        [38, 20, 50,  9, 25,  1],
        [15,  0, 58,  9, 24, 38],
        [ 9, 50, 20,  7, 59, 30],
        [ 9, 12, 20,  1, 22, 13],
        [58, 35, 22,  1, 11, 29],
        [27, 11, 50, 31, 34,  9],
        [ 1, 22, 13, 28, 20,  9],
        [62, 17, 63, 50, 45,  3],
        [ 9,  0, 20, 55, 18, 22],
        [35, 40, 58, 29,  4, 37],
        [39, 55, 12, 46, 51, 57],
        [10, 56, 55, 36, 19, 62],
        [ 9, 54, 22, 13,  1, 42],
        [31, 58, 15, 63,  7, 20],
        [63, 31, 28, 17, 50, 46],
        [58, 35,  5, 34,  8, 43],
        [35,  8, 58, 16, 49, 56],
        [62, 30, 36, 45, 15, 56],
        [38,  0, 61, 53, 27, 49],
        [39,  5, 52, 15, 50, 30],
        [12,  9, 20, 59, 54,  1],
        [61, 16, 52, 55, 53, 26],
        [57, 39, 62,  8, 36, 32],
        [32, 39, 57, 62, 52, 36],
        [35, 32, 34, 45, 10, 29],
        [ 1, 22, 20, 34, 29, 11],
        [19, 15, 21, 43, 36,  3],
        [27, 14, 19, 43, 50, 37],
        [38, 61,  0, 27, 49,  9],
        [15, 51, 52, 24, 36, 44],
        [ 5, 25, 52, 57, 37, 18],
        [39, 36, 55, 37, 57, 53]])
