============================================================
METADATA (6Th token of each sequence)
============================================================
Model: flame-moe-290m
Run ID: 31066
Epoch: 5473
Layer: 8
Token Position: 5 (6th)
Shards processed: 0-0.pt, 0-1.pt
Total sequences: 64
Sequence length: 512
============================================================

----------------samples-----------------
torch.Size([64])
tensor([ 5311, 29661,  9319,   253,   253,   320,  5092,   187,  1781,  4266,
         4033,    15,    32,   617, 20953,   323, 33680,  9058,   626,   187,
          665,   323,  2554,    13, 14065,   309,  3085,   512,   512,   752,
          253,   320,    13,    13,  2167,   309,    13,   281,   562,   403,
        10280,   342,   685,  2866,   187,   634,   187,   619,   570,    13,
         1294,  6662,   359,    13, 23899,  1698,   509,   457,   626,   273,
         2064,  5312,   285,    13])

-----------------scores-----------------
torch.Size([64, 6])
tensor([[0.0869, 0.0617, 0.0534, 0.0442, 0.0367, 0.0343],
        [0.1870, 0.1306, 0.1088, 0.1018, 0.0609, 0.0513],
        [0.1004, 0.0797, 0.0732, 0.0707, 0.0674, 0.0634],
        [0.1463, 0.1368, 0.0861, 0.0716, 0.0500, 0.0353],
        [0.4334, 0.1032, 0.0683, 0.0424, 0.0359, 0.0345],
        [0.1896, 0.1784, 0.1432, 0.0881, 0.0371, 0.0365],
        [0.1913, 0.0928, 0.0918, 0.0570, 0.0360, 0.0351],
        [0.1442, 0.1379, 0.1256, 0.0661, 0.0609, 0.0607],
        [0.1347, 0.1115, 0.0921, 0.0776, 0.0697, 0.0605],
        [0.1779, 0.1478, 0.0623, 0.0435, 0.0316, 0.0289],
        [0.1828, 0.1143, 0.0691, 0.0644, 0.0526, 0.0321],
        [0.2065, 0.1574, 0.1096, 0.0478, 0.0459, 0.0420],
        [0.1837, 0.0935, 0.0723, 0.0722, 0.0502, 0.0406],
        [0.3578, 0.0604, 0.0566, 0.0524, 0.0473, 0.0266],
        [0.1940, 0.0738, 0.0573, 0.0473, 0.0347, 0.0303],
        [0.2052, 0.0673, 0.0672, 0.0576, 0.0486, 0.0390],
        [0.1977, 0.1425, 0.0993, 0.0950, 0.0353, 0.0245],
        [0.1601, 0.0830, 0.0787, 0.0597, 0.0563, 0.0470],
        [0.2325, 0.1678, 0.1155, 0.0657, 0.0447, 0.0312],
        [0.3259, 0.1622, 0.1261, 0.0768, 0.0220, 0.0196],
        [0.2478, 0.0903, 0.0729, 0.0714, 0.0560, 0.0459],
        [0.2277, 0.1649, 0.1089, 0.0694, 0.0583, 0.0417],
        [0.2031, 0.1741, 0.0854, 0.0851, 0.0794, 0.0429],
        [0.3703, 0.0890, 0.0591, 0.0576, 0.0478, 0.0450],
        [0.2061, 0.1470, 0.1094, 0.0961, 0.0839, 0.0385],
        [0.2303, 0.1015, 0.0912, 0.0686, 0.0360, 0.0288],
        [0.1808, 0.1485, 0.1287, 0.0790, 0.0732, 0.0322],
        [0.2137, 0.1748, 0.0991, 0.0422, 0.0289, 0.0262],
        [0.0967, 0.0759, 0.0698, 0.0637, 0.0570, 0.0463],
        [0.1281, 0.0864, 0.0467, 0.0371, 0.0367, 0.0356],
        [0.1450, 0.1203, 0.0961, 0.0943, 0.0552, 0.0295],
        [0.2559, 0.0441, 0.0405, 0.0393, 0.0329, 0.0317],
        [0.1189, 0.1124, 0.0678, 0.0650, 0.0608, 0.0497],
        [0.1362, 0.0725, 0.0453, 0.0447, 0.0429, 0.0426],
        [0.1211, 0.0701, 0.0602, 0.0595, 0.0553, 0.0441],
        [0.1150, 0.0883, 0.0873, 0.0680, 0.0446, 0.0430],
        [0.1606, 0.1261, 0.1056, 0.0679, 0.0446, 0.0303],
        [0.3618, 0.1925, 0.0623, 0.0453, 0.0233, 0.0195],
        [0.2484, 0.0855, 0.0791, 0.0579, 0.0577, 0.0559],
        [0.1238, 0.1222, 0.0843, 0.0753, 0.0413, 0.0399],
        [0.1925, 0.1588, 0.0864, 0.0630, 0.0370, 0.0343],
        [0.1473, 0.1030, 0.0807, 0.0771, 0.0536, 0.0375],
        [0.1307, 0.1153, 0.0788, 0.0590, 0.0382, 0.0291],
        [0.5833, 0.0484, 0.0286, 0.0195, 0.0168, 0.0141],
        [0.1818, 0.1406, 0.0685, 0.0667, 0.0495, 0.0407],
        [0.1911, 0.1688, 0.0719, 0.0628, 0.0497, 0.0366],
        [0.1552, 0.1092, 0.0665, 0.0528, 0.0512, 0.0473],
        [0.1474, 0.0722, 0.0631, 0.0630, 0.0452, 0.0344],
        [0.2329, 0.0591, 0.0493, 0.0461, 0.0420, 0.0342],
        [0.1652, 0.0792, 0.0521, 0.0429, 0.0389, 0.0385],
        [0.2623, 0.1213, 0.0888, 0.0859, 0.0661, 0.0370],
        [0.1487, 0.0930, 0.0749, 0.0712, 0.0623, 0.0410],
        [0.2213, 0.1053, 0.0815, 0.0677, 0.0587, 0.0579],
        [0.2205, 0.0816, 0.0515, 0.0460, 0.0426, 0.0348],
        [0.1494, 0.1202, 0.0928, 0.0479, 0.0315, 0.0296],
        [0.1597, 0.0944, 0.0905, 0.0716, 0.0532, 0.0384],
        [0.1599, 0.1074, 0.0732, 0.0643, 0.0545, 0.0456],
        [0.2566, 0.0910, 0.0827, 0.0537, 0.0535, 0.0519],
        [0.1393, 0.0981, 0.0850, 0.0522, 0.0327, 0.0289],
        [0.3618, 0.1084, 0.0615, 0.0371, 0.0353, 0.0285],
        [0.1640, 0.1005, 0.0995, 0.0828, 0.0477, 0.0412],
        [0.0962, 0.0918, 0.0862, 0.0788, 0.0539, 0.0400],
        [0.1021, 0.0860, 0.0799, 0.0778, 0.0524, 0.0434],
        [0.1173, 0.1067, 0.0838, 0.0747, 0.0524, 0.0392]])

----------------indices-----------------
torch.Size([64, 6])
tensor([[59, 47, 29,  6,  1, 21],
        [59, 23, 54,  6, 40, 39],
        [26, 31, 57, 41, 20, 21],
        [37, 49, 51, 13,  2, 58],
        [57, 25, 14, 53, 18, 44],
        [55, 58, 13,  9, 63,  5],
        [33, 56, 57, 44, 38, 30],
        [59, 23, 27,  6, 54, 47],
        [57, 31,  9, 14, 44, 41],
        [58, 48, 37, 52, 13, 35],
        [24,  1, 39, 36, 50, 26],
        [22, 62, 36, 51, 32, 45],
        [25, 14, 30, 34,  4, 39],
        [25, 48, 35, 39, 23, 54],
        [ 1, 39, 57, 21, 24, 42],
        [48, 58, 54, 28, 37, 59],
        [48, 39, 25, 23,  7, 35],
        [57, 41, 14, 52,  2, 33],
        [37, 51, 33, 28, 49, 13],
        [47, 21, 59, 39, 48,  6],
        [53,  9, 56, 60, 44, 33],
        [60, 16, 33,  2, 57, 38],
        [ 4, 25, 60, 16, 40, 18],
        [25, 18, 34, 14, 23, 35],
        [16, 62, 34, 15,  4, 22],
        [31, 20, 25, 10, 57, 59],
        [50, 22, 62, 25, 18, 32],
        [27,  9, 63,  6, 45, 56],
        [ 8, 14, 27, 63, 53,  9],
        [28, 54, 49, 21, 51, 47],
        [62, 18, 50, 22, 25, 15],
        [33, 58, 20, 13, 57, 38],
        [43,  5, 61, 29, 12, 34],
        [51,  9, 23,  6, 54,  7],
        [ 1, 21, 58, 24,  6, 39],
        [11, 56, 53,  9,  5,  7],
        [10, 39, 21, 17, 43,  7],
        [34, 12,  4, 27, 25, 16],
        [ 2, 57, 33, 53, 44, 41],
        [24,  6, 29, 26,  2, 51],
        [41, 53, 57, 44,  0, 56],
        [24,  1, 36, 47, 39, 59],
        [24, 26, 27,  2, 42, 55],
        [ 7, 40, 48, 44,  4, 23],
        [ 6, 28,  1, 59, 56, 47],
        [28, 24, 55, 13, 56, 37],
        [40, 60, 18, 16, 56,  4],
        [14, 11, 56, 44,  7,  9],
        [41, 51, 42,  7, 38, 57],
        [14, 27, 11, 63,  6, 52],
        [43, 52, 48, 39, 61, 21],
        [51, 42,  2, 52, 38, 53],
        [59, 48, 23, 54, 28, 21],
        [27, 17, 14, 11, 63, 36],
        [17,  7, 11, 18, 39, 14],
        [17, 11,  7,  9, 53, 33],
        [48, 54, 52, 28, 23, 58],
        [41, 38,  2, 52, 20, 42],
        [ 9, 27, 56,  8, 11, 17],
        [44, 33,  2, 52, 43, 56],
        [20, 31, 10,  2, 41, 26],
        [15, 16,  4, 22, 46, 62],
        [21, 26,  2, 20, 31,  0],
        [41, 20, 38,  2, 31, 52]])
