PIM Expert Operations - Total Cycles
Decoder-BS64/1st/pim/2
Note: 2 activation movements (fc1 and fc2)
BS16 - Activation divider: 128

--- Activation Movements ---
layer0.ffn.activation_movement_2: 1118 cycles
layer0.ffn.activation_movement_1: 1124 cycles
Total activation movement cycles: 2242
----------------------------

================================================================================
 Expert Number  fc1  gelu  fc2  total compute
             0 2865    28 2851           5744
             1 2865    44 2865           5774
             3 2866    31 2852           5749
             4 2865    43 2865           5773
             5 2882    44 2865           5791
             6 2865    43 2865           5773
             7 3014    29 2851           5894
             8 2865    42 2854           5761
             9 3055    29 2851           5935
            12 2865    43 2865           5773
            13 5862    46 5681          11589
            14 3179    29 2851           6059
            15 2865    44 2865           5774
            17 3019    28 2851           5898
            18 2865    42 2866           5773
            19 3040    29 2851           5920
            20 2835    42 2854           5731
            21 3085    30 2851           5966
            24 2865    42 2865           5772
            26 3048    29 2851           5928
            28 2865    42 2854           5761
            29 3053    28 2851           5932
            31 2865    42 2854           5761
            32 3059    28 2835           5922
            33 2865    43 2854           5762
            34 3071    31 2851           5953
            35 2865    42 2865           5772
            36 3040    29 2852           5921
            37 2865    42 2865           5772
            38 3016    45 2866           5927
            39 2865    44 2865           5774
            40 3034    30 2851           5915
            41 2865    42 2865           5772
            42 3043    28 2836           5907
            43 2865    43 2865           5773
            44 3039    29 2851           5919
            45 2842    43 2865           5750
            46 3091    29 2851           5971
            47 2865    42 2854           5761
            48 3055    29 2851           5935
            50 2865    42 2865           5772
            51 3043    28 2851           5922
            53 2865    44 2865           5774
            55 3045    28 2851           5924
            57 2846    42 2854           5742
            58 3054    43 2865           5962
            59 2865    43 2865           5773
            60 3011    29 2851           5891
            61 2865    42 2854           5761
            62 3073    28 2851           5952
            63 2865    42 2865           5772