PIM Expert Operations - Total Cycles
Decoder-BS64/2nd/pim/7
Note: 2 activation movements (fc1 and fc2)
BS16 - Activation divider: 128

--- Activation Movements ---
layer0.ffn.activation_movement_2: 1118 cycles
layer0.ffn.activation_movement_1: 1124 cycles
Total activation movement cycles: 2242
----------------------------

================================================================================
 Expert Number  fc1  gelu  fc2  total compute
             0 2865    30 2852           5747
             2 2865    42 2865           5772
             3 2866    30 2851           5747
             5 2866    43 2865           5774
             6 2882    43 2865           5790
             9 2865    44 2866           5775
            10 3013    29 2851           5893
            12 2865    42 2865           5772
            13 3043    28 2836           5907
            14 2836    42 2865           5743
            16 5909    46 5681          11636
            17 3179    28 2851           6058
            18 2865    43 2865           5773
            19 3017    44 2865           5926
            20 2865    42 2865           5772
            21 3015    29 2836           5880
            23 2865    44 2865           5774
            25 3056    29 2851           5936
            27 2865    44 2865           5774
            28 3048    30 2851           5929
            29 2865    45 2865           5775
            30 3039    29 2851           5919
            31 5681   299 5681          11661
            34 2865    43 2865           5773
            35 3076    44 2865           5985
            37 2865    42 2866           5773
            39 3017    28 2851           5896
            40 2865    44 2865           5774
            41 3039    28 2851           5918
            42 2846    42 2854           5742
            43 3081    29 2851           5961
            44 2850    42 2866           5758
            45 3058    28 2851           5937
            46 2865    43 2865           5773
            47 3043    12 2836           5891
            48 2865    43 2865           5773
            49 3054    28 2851           5933
            50 2865    42 2865           5772
            51 3051    42 2836           5929
            52 2865    12 2835           5712
            53 3120    29 2851           6000
            54 2865    42 2865           5772
            55 3041    28 2851           5920
            56 2865    42 2854           5761
            57 3061    29 2851           5941
            58 2865    43 2865           5773
            59 3020    28 2851           5899
            60 2846    42 2865           5753
            62 3086    29 2851           5966