Expert Operations - Total Cycles
================================================================================
 Expert Number  param_load  fc1  gelu  fc2  total compute
             0      353536 1562   137 1562           3261
             1      353600 2426   211 2426           5063
             2      353536 1802   156 1802           3760
             3      353536 2089   180 2090           4359
             4      353536 2377   205 2378           4960
             5      353600 2234   193 2233           4660
             6      353600 2858   247 2858           5963
             7      353536 2713   232 2714           5659
             8      353600 2904   251 2906           6061
             9      353536 2761   239 2762           5762
            10      353536 2329   201 2329           4859
            11      353536 1754   155 1754           3663
            12      353536 2473   214 2474           5161
            13      353536 2137   185 2137           4459
            14      353536 1897   165 1898           3960
            15      353536 2042   176 2042           4260
            16      353536 2041   177 2042           4260
            17      353536 2377   205 2378           4960
            18      353536 2041   178 2042           4261
            19      353536 1801   157 1802           3760
            20      353536 2521   216 2521           5258
            21      353536 2041   177 2041           4259
            22      353536 2761   238 2761           5760
            23      353536 2185   188 2185           4558
            24      353536 2330   203 2329           4862
            25      353536 1705   151 1706           3562
            26      353536 2570   222 2569           5361
            27      353536 2905   250 2906           6061
            28      353536 2569   220 2570           5359
            29      353536 2761   236 2762           5759
            30      353536 2570   221 2570           5361
            31      353600 1849   162 1850           3861
            32      353600 1993   174 1994           4161
            33      353536 2618   225 2617           5460
            34      353536 1946   169 1946           4061
            35      353536 2377   204 2378           4959
            36      353536 2426   208 2426           5060
            37      353536 3242   276 3242           6760
            38      353536 2857   247 2858           5962
            39      353600 1993   172 1994           4159
            40      353536 2426   209 2426           5061
            41      353536 2954   253 2954           6161
            42      353536 2185   190 2186           4561
            43      353536 2714   234 2714           5662
            44      353536 2858   247 2858           5963
            45      353536 1945   169 1946           4060
            46      353536 1801   158 1802           3761
            47      353536 2522   218 2522           5262
            48      353536 2906   248 2906           6060
            49      353536 2426   208 2426           5060
            50      353536 2905   249 2905           6059
            51      353536 2185   191 2186           4562
            52      353536 2617   224 2618           5459
            53      353536 2474   214 2474           5162
            54      353536 3193   273 3192           6658
            55      353536 3241   278 3241           6760
            56      353536 1706   151 1706           3563
            57      353536 2425   210 2426           5061
            58      353536 2089   183 2089           4361
            59      353536 1945   169 1946           4060
            60      353536 2041   176 2042           4259
            61      353536 1802   156 1802           3760
            62      353536 1945   168 1946           4059
            63      353536 2234   193 2234           4661