============================================================
METADATA (8Th token of each sequence)
============================================================
Model: flame-moe-290m
Run ID: 31066
Epoch: 5473
Layer: 12
Token Position: 7 (8th)
Shards processed: 0-0.pt, 0-1.pt
Total sequences: 64
Sequence length: 512
============================================================

----------------samples-----------------
torch.Size([64])
tensor([ 7826,     3,    13,  1445,   347,   533, 35954,   310,   253,   275,
           70,   249,   310,   342,   452,   187,    15,  4633,  3513, 44853,
          347,  1897,   253,  1249,    84,  1908,   521,  5810,  7108,   368,
          273,   187,   395,    40,   326,  2455,   253,  1052,  9894,  7479,
          476,  4668,     6,   352,   715,   261,  6995,  1495,   390,   310,
        43728,   475,   250,    13,   309,   533,   569, 33804,   253,  4957,
         5402,    13,   288,  1361])

-----------------scores-----------------
torch.Size([64, 6])
tensor([[0.1454, 0.0817, 0.0798, 0.0364, 0.0295, 0.0288],
        [0.2366, 0.0775, 0.0507, 0.0425, 0.0397, 0.0302],
        [0.2981, 0.0792, 0.0736, 0.0527, 0.0384, 0.0297],
        [0.0812, 0.0482, 0.0451, 0.0374, 0.0369, 0.0296],
        [0.0844, 0.0710, 0.0499, 0.0334, 0.0286, 0.0275],
        [0.1056, 0.0597, 0.0436, 0.0373, 0.0324, 0.0289],
        [0.0882, 0.0733, 0.0383, 0.0383, 0.0338, 0.0328],
        [0.0796, 0.0486, 0.0398, 0.0346, 0.0333, 0.0325],
        [0.0558, 0.0497, 0.0487, 0.0367, 0.0342, 0.0340],
        [0.1049, 0.0939, 0.0402, 0.0399, 0.0386, 0.0347],
        [0.1018, 0.0958, 0.0526, 0.0419, 0.0320, 0.0303],
        [0.1156, 0.0734, 0.0416, 0.0414, 0.0303, 0.0293],
        [0.1846, 0.1185, 0.0722, 0.0676, 0.0498, 0.0442],
        [0.0952, 0.0889, 0.0648, 0.0582, 0.0442, 0.0383],
        [0.0720, 0.0669, 0.0615, 0.0452, 0.0401, 0.0323],
        [0.0801, 0.0762, 0.0682, 0.0363, 0.0252, 0.0251],
        [0.1525, 0.1105, 0.1097, 0.0896, 0.0525, 0.0356],
        [0.0783, 0.0462, 0.0291, 0.0253, 0.0243, 0.0242],
        [0.1700, 0.1027, 0.0848, 0.0612, 0.0434, 0.0368],
        [0.1656, 0.0892, 0.0887, 0.0561, 0.0461, 0.0392],
        [0.1130, 0.0747, 0.0632, 0.0464, 0.0397, 0.0333],
        [0.0580, 0.0574, 0.0570, 0.0552, 0.0538, 0.0496],
        [0.1403, 0.1289, 0.1136, 0.0585, 0.0431, 0.0351],
        [0.0804, 0.0668, 0.0385, 0.0313, 0.0277, 0.0253],
        [0.0591, 0.0580, 0.0548, 0.0419, 0.0318, 0.0315],
        [0.1609, 0.1017, 0.0724, 0.0571, 0.0499, 0.0416],
        [0.0957, 0.0484, 0.0343, 0.0325, 0.0313, 0.0311],
        [0.0805, 0.0557, 0.0494, 0.0384, 0.0342, 0.0339],
        [0.0801, 0.0635, 0.0451, 0.0446, 0.0414, 0.0378],
        [0.0989, 0.0459, 0.0334, 0.0311, 0.0290, 0.0270],
        [0.0919, 0.0663, 0.0625, 0.0480, 0.0322, 0.0275],
        [0.0778, 0.0468, 0.0435, 0.0383, 0.0342, 0.0269],
        [0.4238, 0.1166, 0.0692, 0.0311, 0.0203, 0.0170],
        [0.1532, 0.0889, 0.0751, 0.0497, 0.0397, 0.0335],
        [0.0920, 0.0780, 0.0353, 0.0330, 0.0310, 0.0270],
        [0.1501, 0.0582, 0.0385, 0.0377, 0.0267, 0.0263],
        [0.1557, 0.1007, 0.0834, 0.0393, 0.0298, 0.0271],
        [0.1592, 0.0569, 0.0492, 0.0450, 0.0391, 0.0362],
        [0.1204, 0.0939, 0.0923, 0.0780, 0.0500, 0.0466],
        [0.2084, 0.1105, 0.0438, 0.0433, 0.0402, 0.0340],
        [0.0441, 0.0335, 0.0332, 0.0297, 0.0287, 0.0273],
        [0.0640, 0.0632, 0.0611, 0.0518, 0.0370, 0.0345],
        [0.0993, 0.0973, 0.0943, 0.0617, 0.0600, 0.0385],
        [0.0995, 0.0557, 0.0355, 0.0318, 0.0286, 0.0277],
        [0.2321, 0.1222, 0.0829, 0.0445, 0.0409, 0.0302],
        [0.1200, 0.0912, 0.0800, 0.0699, 0.0530, 0.0503],
        [0.1034, 0.1005, 0.0737, 0.0382, 0.0364, 0.0323],
        [0.1002, 0.0753, 0.0665, 0.0510, 0.0473, 0.0399],
        [0.1131, 0.0699, 0.0456, 0.0401, 0.0323, 0.0287],
        [0.0692, 0.0674, 0.0442, 0.0413, 0.0336, 0.0317],
        [0.0486, 0.0462, 0.0370, 0.0360, 0.0320, 0.0308],
        [0.1673, 0.1127, 0.0737, 0.0665, 0.0395, 0.0391],
        [0.1150, 0.0870, 0.0836, 0.0509, 0.0376, 0.0375],
        [0.1549, 0.0821, 0.0746, 0.0481, 0.0357, 0.0355],
        [0.0679, 0.0487, 0.0440, 0.0387, 0.0333, 0.0318],
        [0.0433, 0.0385, 0.0363, 0.0324, 0.0323, 0.0307],
        [0.0761, 0.0508, 0.0396, 0.0394, 0.0337, 0.0281],
        [0.0861, 0.0403, 0.0399, 0.0356, 0.0331, 0.0309],
        [0.2130, 0.0589, 0.0445, 0.0389, 0.0203, 0.0191],
        [0.0691, 0.0580, 0.0574, 0.0572, 0.0496, 0.0386],
        [0.0779, 0.0628, 0.0613, 0.0400, 0.0365, 0.0287],
        [0.1947, 0.1334, 0.0754, 0.0720, 0.0624, 0.0366],
        [0.1014, 0.1006, 0.0724, 0.0469, 0.0393, 0.0368],
        [0.1458, 0.0695, 0.0689, 0.0488, 0.0391, 0.0388]])

----------------indices-----------------
torch.Size([64, 6])
tensor([[58, 55, 52, 14, 33, 38],
        [60,  0, 40, 43, 50, 39],
        [58, 38, 14, 15, 63,  3],
        [23, 60, 37, 48, 16, 39],
        [ 6, 33, 30, 11, 22, 48],
        [58, 15, 55, 14, 27, 50],
        [51, 11,  4, 40, 60, 22],
        [41, 15, 37,  6, 23, 44],
        [28, 54, 58, 55, 46, 13],
        [58, 14, 33, 50, 15, 41],
        [16, 32, 57, 11, 34, 50],
        [ 6, 30, 11, 33, 32, 56],
        [ 2,  9,  3, 17, 44, 42],
        [ 1, 47, 18, 19, 10,  3],
        [40,  3, 36, 17, 45, 53],
        [53, 45, 46, 32, 25, 52],
        [ 9, 54, 39, 13, 26,  0],
        [11, 51, 62, 22, 27, 14],
        [17, 35, 56, 42,  1, 36],
        [56, 42,  5, 53, 17, 59],
        [ 0, 50, 23, 32,  8,  7],
        [62, 59,  1, 63, 51,  5],
        [ 1, 46, 56, 17, 45, 42],
        [55, 25, 51, 62, 18, 28],
        [ 6, 63,  7, 57, 60, 51],
        [44,  1, 46, 62, 59, 22],
        [41, 15,  1, 23, 49,  6],
        [23, 37, 16, 51, 22, 26],
        [24, 22, 57, 11,  4, 30],
        [23, 32, 16,  9,  6, 30],
        [53,  2, 62, 22, 18, 59],
        [29, 50, 13, 14,  5, 28],
        [ 2, 15, 58,  3, 49, 52],
        [ 2,  9,  3, 61, 27, 43],
        [14, 58, 21, 39, 27, 49],
        [23, 27, 21, 16, 25, 24],
        [11, 60,  1, 39, 12, 22],
        [51,  6, 62, 11, 57, 48],
        [56, 42, 53, 60, 17, 46],
        [55, 10, 63, 59,  1, 47],
        [55, 27, 50, 32, 53, 52],
        [37, 38, 41, 10, 31, 49],
        [18, 25, 62, 59, 34, 44],
        [23, 37, 10,  6, 51, 16],
        [54, 26, 52, 19, 28, 39],
        [52, 12,  5, 19, 29, 47],
        [55, 10, 58, 18, 15,  4],
        [63,  1, 47, 56, 26, 52],
        [ 6, 30, 33, 35, 13, 56],
        [37, 41, 38, 10, 44, 49],
        [58, 14, 55, 15, 52, 56],
        [44, 22, 59, 46, 20, 17],
        [ 1, 36, 45, 42, 18, 35],
        [ 9, 35, 61, 40,  2, 19],
        [37, 55, 32, 34, 30, 44],
        [48, 56, 53, 27,  8, 52],
        [62, 51, 18, 45, 21, 25],
        [60, 37, 30, 63, 25,  4],
        [15, 10, 51, 16, 27, 49],
        [62, 51, 25, 39, 44, 11],
        [ 6, 30, 33, 59,  7, 25],
        [54, 31, 12, 13, 36,  9],
        [17, 18,  3,  2, 61, 63],
        [ 2,  9, 17, 61, 19,  3]])
