PIM Expert Operations - Total Cycles
Decoder-BS64/9th/pim/4
Note: 2 activation movements (fc1 and fc2)
BS16 - Activation divider: 128

--- Activation Movements ---
layer0.ffn.activation_movement_2: 1118 cycles
layer0.ffn.activation_movement_1: 1124 cycles
Total activation movement cycles: 2242
----------------------------

================================================================================
 Expert Number  fc1  gelu  fc2  total compute
             0 2865    28 2851           5744
             1 2865    44 2865           5774
             2 2866    29 2851           5746
             3 2865    44 2865           5774
             5 2884    43 2865           5792
             6 2865    43 2866           5774
             7 3014    28 2852           5894
             8 2865    44 2865           5774
             9 3041    28 2836           5905
            10 2865    43 2865           5773
            11 3063    29 2851           5943
            12 2865    43 2865           5773
            13 3045    28 2836           5909
            14 2865    42 2865           5772
            16 3059    28 2836           5923
            17 2865    43 2865           5773
            18 3061    31 2852           5944
            20 2865    43 2865           5773
            21 3040    28 2851           5919
            22 2865    43 2865           5773
            23 3038    42 2854           5934
            24 2866    43 2865           5774
            25 3003    30 2851           5884
            27 2865    42 2865           5772
            28 3070    28 2852           5950
            29 2865    42 2865           5772
            30 3045    30 2851           5926
            31 2850    42 2865           5757
            32 3037    28 2851           5916
            33 2842    42 2865           5749
            34 3090    28 2835           5953
            36 2865    45 2865           5775
            37 3058    30 2851           5939
            38 2865    42 2866           5773
            39 3040    28 2851           5919
            40 2865    44 2865           5774
            41 3039    30 2851           5920
            42 2865    42 2865           5772
            43 3043    30 2851           5924
            44 2865    43 2865           5773
            45 3041    28 2851           5920
            46 2865    42 2865           5772
            47 3026    29 2851           5906
            48 2865    42 2854           5761
            50 3080    28 2851           5959
            51 2865    44 2865           5774
            53 3044    28 2851           5923
            54 2835    42 2865           5742
            56 3050    28 2836           5914
            57 2865    42 2850           5757
            58 3094    42 2836           5972
            59 2865    42 2835           5742
            60 3078    29 2835           5942
            61 2836    42 2866           5744
            62 3050    29 2851           5930