PIM Expert Operations - Total Cycles
Decoder-BS64/5th/pim/3
Note: 2 activation movements (fc1 and fc2)
BS16 - Activation divider: 128

--- Activation Movements ---
layer0.ffn.activation_movement_2: 1118 cycles
layer0.ffn.activation_movement_1: 1124 cycles
Total activation movement cycles: 2242
----------------------------

================================================================================
 Expert Number  fc1  gelu  fc2  total compute
             1 2865    29 2851           5745
             2 2866    44 2865           5775
             4 2865    29 2836           5730
             5 2865    42 2865           5772
             6 2900    43 2865           5808
             7 2865    42 2866           5773
             8 3015    29 2836           5880
             9 2865    42 2865           5772
            11 3011    28 2836           5875
            12 2865    42 2865           5772
            14 3111    28 2836           5975
            15 2865    43 2865           5773
            16 3061    28 2835           5924
            17 2865    44 2865           5774
            18 3058    29 2851           5938
            19 2865    42 2854           5761
            20 3057    28 2851           5936
            21 2835    42 2865           5742
            22 3075    43 2865           5983
            24 2865    45 2865           5775
            26 3007    29 2836           5872
            27 2865    43 2854           5762
            28 3069    29 2851           5949
            29 2865    42 2865           5772
            30 3047    31 2851           5929
            31 2865    44 2865           5774
            33 3042    28 2836           5906
            34 2865    43 2865           5773
            35 3057    30 2851           5938
            37 2865    42 2865           5772
            38 3046    29 2851           5926
            40 2865    42 2854           5761
            41 3024    31 2851           5906
            42 2865    43 2865           5773
            43 3070    28 2836           5934
            44 2866    43 2865           5774
            46 3054    44 2865           5963
            47 2865    42 2866           5773
            48 3014    28 2836           5878
            49 2865    44 2865           5774
            50 3057    30 2851           5938
            51 2865    42 2854           5761
            52 3058    29 2851           5938
            54 2865    44 2865           5774
            57 3044    29 2836           5909
            58 2866    43 2865           5774
            59 3057    29 2851           5937
            61 2866    43 2865           5774
            63 3041    30 2851           5922