PIM Expert Operations - Total Cycles
Decoder-BS64/10th/pim/7
Note: 2 activation movements (fc1 and fc2)
BS16 - Activation divider: 128

--- Activation Movements ---
layer0.ffn.activation_movement_2: 1118 cycles
layer0.ffn.activation_movement_1: 1124 cycles
Total activation movement cycles: 2242
----------------------------

================================================================================
 Expert Number  fc1  gelu  fc2  total compute
             0 2865    28 2851           5744
             1 2865    42 2854           5761
             2 2865    31 2851           5747
             3 2865    44 2865           5774
             4 2896    43 2865           5804
             5 2865    42 2866           5773
             6 3015    29 2836           5880
             9 2865    44 2865           5774
            10 3056    29 2851           5936
            12 2865    43 2854           5762
            14 3058    28 2851           5937
            15 2865    43 2865           5773
            16 3046    30 2851           5927
            17 2865    42 2865           5772
            18 3042    29 2836           5907
            19 2865    43 2865           5773
            20 5876    46 5682          11604
            21 3173    30 2851           6054
            22 2865    42 2865           5772
            23 3023    29 2851           5903
            24 2865    44 2865           5774
            25 3041    30 2851           5922
            26 2865    43 2854           5762
            27 3055    29 2851           5935
            29 2865    42 2865           5772
            30 3044    28 2836           5908
            31 2865    44 2865           5774
            32 3056    29 2851           5936
            34 2865    42 2865           5772
            36 3040    28 2836           5904
            37 2865    43 2865           5773
            38 5875    46 5681          11602
            39 2935    28 2852           5815
            40 2865    44 2865           5774
            42 2851    45 2865           5761
            43 2865    42 2865           5772
            44 2851    42 2854           5747
            48 2866    43 2865           5774
            49 2836    42 2865           5743
            50 2865    42 2855           5762
            52 2851    42 2865           5758
            53 2865   143 2842           5850
            54 2851    42 2854           5747
            55 2865   243 2865           5973
            56 2851    42 2865           5758
            57 2865   207 2854           5926
            58 2851    44 2865           5760
            60 2865   216 2865           5946
            63 2836    43 2865           5744