============================================================
METADATA (1St token of each sequence)
============================================================
Model: flame-moe-290m
Run ID: 31066
Epoch: 5473
Layer: 12
Token Position: 0 (1st)
Shards processed: 0-0.pt, 0-1.pt
Total sequences: 64
Sequence length: 512
============================================================

----------------samples-----------------
torch.Size([64])
tensor([ 1512,  2509,  1306,   958,   436,  8813,    15,   617, 15368, 32973,
        36319,  1456,  2613,   285,    14, 41868, 38399,    15,  1097,   392,
          310,   744,   344,   535,    10, 17288,   273, 14436,   285,   253,
         1634,   840,   597,   597, 24600,  1046,   285,  1333,   831,  1056,
         3727,   253,  6684,  3430, 44887, 44901, 22156,   352,  6119, 25497,
          368,  6166,  1220,  5004,  5815,   476,    15,  2438,   323,   342,
          187,   253,   285,   644])

-----------------scores-----------------
torch.Size([64, 6])
tensor([[0.1607, 0.0961, 0.0607, 0.0504, 0.0409, 0.0309],
        [0.1278, 0.0665, 0.0469, 0.0301, 0.0279, 0.0263],
        [0.0483, 0.0473, 0.0465, 0.0375, 0.0330, 0.0317],
        [0.0810, 0.0546, 0.0508, 0.0405, 0.0378, 0.0355],
        [0.0945, 0.0493, 0.0455, 0.0442, 0.0380, 0.0311],
        [0.0917, 0.0616, 0.0481, 0.0350, 0.0334, 0.0331],
        [0.1065, 0.0944, 0.0678, 0.0594, 0.0349, 0.0284],
        [0.1031, 0.0767, 0.0746, 0.0640, 0.0618, 0.0583],
        [0.2288, 0.0478, 0.0387, 0.0350, 0.0300, 0.0234],
        [0.1376, 0.0695, 0.0346, 0.0302, 0.0290, 0.0287],
        [0.0655, 0.0567, 0.0427, 0.0313, 0.0297, 0.0238],
        [0.0594, 0.0576, 0.0460, 0.0445, 0.0443, 0.0305],
        [0.1685, 0.1338, 0.1237, 0.0642, 0.0605, 0.0454],
        [0.1081, 0.0975, 0.0389, 0.0320, 0.0254, 0.0247],
        [0.1427, 0.1294, 0.0770, 0.0702, 0.0471, 0.0396],
        [0.1017, 0.0585, 0.0425, 0.0381, 0.0367, 0.0348],
        [0.1301, 0.0979, 0.0615, 0.0564, 0.0483, 0.0459],
        [0.0705, 0.0633, 0.0545, 0.0267, 0.0266, 0.0255],
        [0.0651, 0.0549, 0.0528, 0.0437, 0.0392, 0.0386],
        [0.1995, 0.0683, 0.0393, 0.0350, 0.0289, 0.0283],
        [0.1316, 0.0972, 0.0665, 0.0373, 0.0345, 0.0327],
        [0.0967, 0.0528, 0.0499, 0.0407, 0.0365, 0.0327],
        [0.1008, 0.0845, 0.0815, 0.0539, 0.0434, 0.0404],
        [0.0731, 0.0708, 0.0677, 0.0503, 0.0447, 0.0383],
        [0.1144, 0.0792, 0.0691, 0.0547, 0.0477, 0.0440],
        [0.0997, 0.0613, 0.0560, 0.0434, 0.0384, 0.0311],
        [0.0768, 0.0560, 0.0443, 0.0406, 0.0386, 0.0334],
        [0.2992, 0.1785, 0.0818, 0.0333, 0.0252, 0.0252],
        [0.0569, 0.0532, 0.0525, 0.0461, 0.0439, 0.0255],
        [0.0785, 0.0568, 0.0413, 0.0364, 0.0354, 0.0323],
        [0.0647, 0.0556, 0.0431, 0.0374, 0.0343, 0.0299],
        [0.1667, 0.0731, 0.0519, 0.0465, 0.0409, 0.0380],
        [0.1761, 0.1378, 0.0762, 0.0283, 0.0279, 0.0261],
        [0.1429, 0.1057, 0.0656, 0.0494, 0.0440, 0.0406],
        [0.1185, 0.0868, 0.0600, 0.0454, 0.0408, 0.0385],
        [0.4234, 0.1196, 0.0782, 0.0482, 0.0268, 0.0267],
        [0.2614, 0.1281, 0.1047, 0.0655, 0.0550, 0.0432],
        [0.1050, 0.0717, 0.0634, 0.0512, 0.0480, 0.0307],
        [0.1499, 0.0645, 0.0536, 0.0419, 0.0387, 0.0323],
        [0.1103, 0.0512, 0.0436, 0.0420, 0.0320, 0.0305],
        [0.1095, 0.0472, 0.0365, 0.0359, 0.0311, 0.0308],
        [0.2696, 0.0617, 0.0327, 0.0238, 0.0214, 0.0209],
        [0.1097, 0.0773, 0.0670, 0.0661, 0.0388, 0.0329],
        [0.0788, 0.0526, 0.0466, 0.0437, 0.0417, 0.0405],
        [0.1405, 0.0707, 0.0401, 0.0297, 0.0282, 0.0263],
        [0.0874, 0.0690, 0.0619, 0.0488, 0.0412, 0.0389],
        [0.2482, 0.0388, 0.0326, 0.0288, 0.0271, 0.0254],
        [0.1131, 0.0749, 0.0463, 0.0417, 0.0390, 0.0325],
        [0.1982, 0.0765, 0.0730, 0.0729, 0.0388, 0.0368],
        [0.1115, 0.0462, 0.0380, 0.0375, 0.0280, 0.0257],
        [0.1629, 0.0878, 0.0685, 0.0351, 0.0347, 0.0338],
        [0.2937, 0.0686, 0.0649, 0.0494, 0.0375, 0.0305],
        [0.1312, 0.1283, 0.0595, 0.0379, 0.0304, 0.0294],
        [0.0964, 0.0824, 0.0567, 0.0398, 0.0320, 0.0292],
        [0.1361, 0.0787, 0.0325, 0.0316, 0.0263, 0.0262],
        [0.2937, 0.1412, 0.1135, 0.0414, 0.0335, 0.0210],
        [0.0883, 0.0428, 0.0382, 0.0333, 0.0328, 0.0317],
        [0.0735, 0.0634, 0.0402, 0.0391, 0.0326, 0.0317],
        [0.0724, 0.0681, 0.0668, 0.0601, 0.0527, 0.0349],
        [0.2507, 0.1493, 0.0489, 0.0467, 0.0256, 0.0203],
        [0.1157, 0.1152, 0.0575, 0.0307, 0.0300, 0.0275],
        [0.0448, 0.0400, 0.0343, 0.0321, 0.0319, 0.0308],
        [0.1236, 0.0741, 0.0613, 0.0361, 0.0320, 0.0263],
        [0.1176, 0.1095, 0.0339, 0.0294, 0.0278, 0.0268]])

----------------indices-----------------
torch.Size([64, 6])
tensor([[62, 58, 14, 52, 59, 45],
        [ 0, 24, 52, 10,  8, 54],
        [34,  5, 27, 53, 13, 48],
        [ 1, 63, 47, 53, 46, 42],
        [37,  4, 22, 30, 63, 44],
        [45, 42, 24, 17, 56,  3],
        [ 2,  9, 18,  3, 35,  0],
        [11, 62, 59, 22, 34, 44],
        [11,  7, 24, 44, 62, 63],
        [33,  6, 40,  5, 55, 30],
        [41, 27, 33, 44, 20, 59],
        [51, 21,  7, 60, 63, 44],
        [46, 54, 44, 17, 59, 20],
        [29, 50, 14,  5, 62, 43],
        [46,  1,  3, 47, 63, 42],
        [44, 46,  1,  9, 42, 14],
        [54, 56, 17, 46, 31,  4],
        [21,  7, 50, 62, 55, 49],
        [15, 58, 41, 23, 37, 49],
        [ 7, 40, 30, 16, 21, 52],
        [62, 45,  7, 25, 57, 63],
        [21,  8, 54, 29, 49, 31],
        [52, 53, 47, 46, 63, 27],
        [ 5, 50, 53,  1, 17, 59],
        [50, 49, 38,  7, 63, 45],
        [60,  4, 39, 43, 31,  0],
        [43, 41, 32,  8, 37, 40],
        [40, 43,  9, 38,  5, 52],
        [50,  5, 62, 22,  7, 21],
        [24, 11, 12, 32,  8, 37],
        [ 8, 15,  3, 48, 23, 31],
        [56, 46, 36,  5, 57, 63],
        [58,  0, 52, 55, 62, 50],
        [43, 12, 16, 32,  2, 34],
        [39, 11,  4, 60,  6, 33],
        [54, 28, 46, 12, 26, 31],
        [46, 13, 42, 12, 36, 28],
        [14, 58, 29, 15, 41, 49],
        [11, 59, 39, 38, 12, 41],
        [52, 27, 10,  0, 58,  8],
        [ 0, 13, 24, 49, 23, 14],
        [41,  6, 37, 25, 49, 22],
        [ 7, 18, 62, 63, 59, 50],
        [50, 29, 58, 15, 62, 14],
        [32, 45, 46, 15, 28, 23],
        [34, 43, 15, 48, 51,  6],
        [ 3, 36, 10,  9, 38, 49],
        [ 0, 32, 24, 49, 41, 45],
        [46, 56,  1, 17, 45, 42],
        [37, 22, 30, 55, 11,  4],
        [17, 40,  3,  0, 32,  2],
        [ 3, 61,  2, 18, 63, 47],
        [40, 41, 37, 34, 20, 43],
        [32, 45, 39, 15, 56, 59],
        [32, 45, 46, 15, 16, 11],
        [54, 39, 28, 46, 44, 31],
        [50, 41, 14,  5, 40, 32],
        [ 4, 22, 37, 30, 26, 32],
        [58, 41, 46, 14, 49, 48],
        [ 3, 42, 53, 36,  8, 17],
        [32, 16, 23, 15, 18, 33],
        [54,  8, 29, 31, 24, 27],
        [45, 32, 39, 15, 60, 56],
        [32, 45, 46, 15, 16, 33]])
