Expert Operations - Total Cycles
================================================================================
 Expert Number  param_load  fc1  gelu  fc2  total compute
             0      353536 1898   166 1897           3961
             1      353600 2089   180 2089           4358
             2      353536 2233   193 2233           4659
             3      353536 1417   124 1417           2958
             4      353536 2858   245 2858           5961
             5      353600 2377   207 2377           4961
             6      353600 1994   174 1994           4162
             7      353536 2473   215 2473           5161
             8      353600 2281   198 2282           4761
             9      353536 2953   252 2953           6158
            10      353536 2186   189 2186           4561
            11      353536 2617   226 2618           5461
            12      353536 2233   193 2234           4660
            13      353536 1945   168 1946           4059
            14      353536 1897   165 1896           3958
            15      353536 2521   217 2521           5259
            16      353536 2041   179 2041           4261
            17      353536 2905   249 2905           6059
            18      353536 2569   220 2570           5359
            19      353536 2281   198 2282           4761
            20      353536 1704   150 1706           3560
            21      353536 2522   216 2522           5260
            22      353536 2665   230 2666           5561
            23      353536 2281   196 2282           4759
            24      353536 2329   202 2330           4861
            25      353536 2569   222 2570           5361
            26      353536 2378   207 2378           4963
            27      353536 2089   182 2088           4359
            28      353536 1609   142 1609           3360
            29      353536 2617   224 2617           5458
            30      353536 1897   165 1898           3960
            31      353600 2282   197 2281           4760
            32      353600 2616   225 2618           5459
            33      353536 2425   208 2425           5058
            34      353536 1706   151 1706           3563
            35      353536 1849   160 1850           3859
            36      353536 2425   210 2425           5060
            37      353536 2185   188 2186           4559
            38      353536 2761   238 2762           5761
            39      353600 2281   199 2282           4762
            40      353536 2810   242 2810           5862
            41      353536 2426   209 2426           5061
            42      353536 2618   226 2617           5461
            43      353536 2762   239 2762           5763
            44      353536 2665   229 2666           5560
            45      353536 2186   191 2186           4563
            46      353536 2233   193 2234           4660
            47      353536 2521   217 2521           5259
            48      353536 1801   158 1802           3761
            49      353536 1418   126 1418           2962
            50      353536 2425   210 2425           5060
            51      353536 2329   200 2330           4859
            52      353536 1896   165 1898           3959
            53      353536 2281   199 2282           4762
            54      353536 2953   252 2954           6159
            55      353536 2857   244 2858           5959
            56      353536 2330   201 2330           4861
            57      353536 3866   330 3866           8062
            58      353536 2426   208 2426           5060
            59      353536 2185   191 2186           4562
            60      353536 3288   281 3290           6859
            61      353536 2521   219 2522           5262
            62      353536 1705   149 1705           3559
            63      353536 2809   243 2810           5862