============================================================
METADATA (1St token of each sequence)
============================================================
Model: flame-moe-290m
Run ID: 31066
Epoch: 5473
Layer: 5
Token Position: 0 (1st)
Shards processed: 0-0.pt, 0-1.pt
Total sequences: 64
Sequence length: 512
============================================================

----------------samples-----------------
torch.Size([64])
tensor([ 1512,  2509,  1306,   958,   436,  8813,    15,   617, 15368, 32973,
        36319,  1456,  2613,   285,    14, 41868, 38399,    15,  1097,   392,
          310,   744,   344,   535,    10, 17288,   273, 14436,   285,   253,
         1634,   840,   597,   597, 24600,  1046,   285,  1333,   831,  1056,
         3727,   253,  6684,  3430, 44887, 44901, 22156,   352,  6119, 25497,
          368,  6166,  1220,  5004,  5815,   476,    15,  2438,   323,   342,
          187,   253,   285,   644])

-----------------scores-----------------
torch.Size([64, 6])
tensor([[0.0651, 0.0454, 0.0402, 0.0370, 0.0327, 0.0317],
        [0.2065, 0.0623, 0.0507, 0.0295, 0.0269, 0.0255],
        [0.0902, 0.0604, 0.0570, 0.0495, 0.0405, 0.0391],
        [0.1794, 0.1160, 0.0761, 0.0601, 0.0265, 0.0262],
        [0.1333, 0.1246, 0.0632, 0.0494, 0.0450, 0.0421],
        [0.2470, 0.1448, 0.0815, 0.0464, 0.0368, 0.0339],
        [0.2224, 0.1147, 0.0739, 0.0621, 0.0350, 0.0315],
        [0.1287, 0.1079, 0.1071, 0.1047, 0.0511, 0.0335],
        [0.1724, 0.1230, 0.0502, 0.0454, 0.0415, 0.0298],
        [0.2141, 0.0558, 0.0335, 0.0333, 0.0312, 0.0291],
        [0.1558, 0.1528, 0.0980, 0.0315, 0.0265, 0.0233],
        [0.0905, 0.0737, 0.0712, 0.0628, 0.0627, 0.0421],
        [0.1562, 0.1063, 0.0965, 0.0576, 0.0574, 0.0378],
        [0.0774, 0.0721, 0.0640, 0.0567, 0.0561, 0.0452],
        [0.2515, 0.0907, 0.0571, 0.0558, 0.0456, 0.0259],
        [0.1559, 0.0884, 0.0690, 0.0558, 0.0363, 0.0308],
        [0.1653, 0.0667, 0.0586, 0.0545, 0.0399, 0.0387],
        [0.1058, 0.1010, 0.0699, 0.0693, 0.0427, 0.0322],
        [0.1318, 0.0685, 0.0594, 0.0443, 0.0416, 0.0402],
        [0.1127, 0.0960, 0.0739, 0.0701, 0.0492, 0.0488],
        [0.0688, 0.0525, 0.0395, 0.0387, 0.0383, 0.0352],
        [0.1019, 0.0690, 0.0573, 0.0569, 0.0418, 0.0368],
        [0.1267, 0.1065, 0.0692, 0.0613, 0.0440, 0.0394],
        [0.1718, 0.0618, 0.0607, 0.0450, 0.0439, 0.0350],
        [0.3134, 0.1032, 0.0996, 0.0282, 0.0236, 0.0232],
        [0.2870, 0.0437, 0.0259, 0.0252, 0.0245, 0.0227],
        [0.1156, 0.0936, 0.0748, 0.0442, 0.0359, 0.0333],
        [0.3275, 0.1283, 0.1232, 0.1001, 0.0403, 0.0299],
        [0.2723, 0.1063, 0.0272, 0.0271, 0.0229, 0.0195],
        [0.1163, 0.0839, 0.0793, 0.0740, 0.0522, 0.0418],
        [0.1209, 0.1109, 0.0654, 0.0496, 0.0461, 0.0393],
        [0.1250, 0.0704, 0.0687, 0.0615, 0.0548, 0.0522],
        [0.0603, 0.0571, 0.0334, 0.0326, 0.0320, 0.0299],
        [0.2130, 0.2114, 0.0703, 0.0395, 0.0386, 0.0282],
        [0.1313, 0.1145, 0.0975, 0.0551, 0.0348, 0.0331],
        [0.1292, 0.1233, 0.1078, 0.0895, 0.0730, 0.0697],
        [0.1808, 0.1701, 0.0927, 0.0517, 0.0412, 0.0338],
        [0.1624, 0.1341, 0.1212, 0.0585, 0.0397, 0.0323],
        [0.1985, 0.0801, 0.0637, 0.0364, 0.0353, 0.0289],
        [0.1381, 0.0825, 0.0624, 0.0490, 0.0391, 0.0317],
        [0.1569, 0.0761, 0.0517, 0.0443, 0.0426, 0.0297],
        [0.2184, 0.1039, 0.0307, 0.0284, 0.0282, 0.0281],
        [0.1851, 0.0679, 0.0519, 0.0506, 0.0501, 0.0354],
        [0.0980, 0.0783, 0.0519, 0.0490, 0.0478, 0.0467],
        [0.0927, 0.0763, 0.0578, 0.0531, 0.0423, 0.0381],
        [0.2935, 0.0804, 0.0567, 0.0387, 0.0284, 0.0283],
        [0.2585, 0.1687, 0.0986, 0.0585, 0.0471, 0.0302],
        [0.1884, 0.0999, 0.0503, 0.0431, 0.0254, 0.0229],
        [0.1351, 0.1140, 0.1087, 0.0904, 0.0349, 0.0298],
        [0.1744, 0.0940, 0.0843, 0.0595, 0.0460, 0.0343],
        [0.1338, 0.1206, 0.1188, 0.0360, 0.0340, 0.0323],
        [0.1608, 0.1453, 0.1239, 0.1091, 0.0641, 0.0550],
        [0.1027, 0.0926, 0.0550, 0.0496, 0.0483, 0.0426],
        [0.0787, 0.0651, 0.0582, 0.0510, 0.0478, 0.0397],
        [0.0758, 0.0652, 0.0517, 0.0439, 0.0402, 0.0389],
        [0.1710, 0.0858, 0.0826, 0.0755, 0.0698, 0.0439],
        [0.2115, 0.1109, 0.0557, 0.0428, 0.0389, 0.0381],
        [0.1492, 0.1346, 0.1115, 0.0603, 0.0311, 0.0292],
        [0.2548, 0.0960, 0.0602, 0.0539, 0.0443, 0.0298],
        [0.0635, 0.0501, 0.0487, 0.0467, 0.0462, 0.0405],
        [0.1165, 0.0832, 0.0655, 0.0513, 0.0483, 0.0347],
        [0.0759, 0.0641, 0.0525, 0.0510, 0.0457, 0.0356],
        [0.0672, 0.0635, 0.0617, 0.0548, 0.0421, 0.0370],
        [0.0779, 0.0695, 0.0480, 0.0406, 0.0383, 0.0332]])

----------------indices-----------------
torch.Size([64, 6])
tensor([[58,  0, 48,  9, 31, 19],
        [34, 59, 55, 31, 60,  5],
        [38, 45, 33, 37, 32, 56],
        [22, 52, 43, 14,  5,  8],
        [36,  3,  2, 57, 60, 29],
        [22, 29, 34,  9, 13, 14],
        [63, 62, 59, 40, 44, 34],
        [ 2, 58, 32, 30, 47, 57],
        [47, 32, 30, 58, 35, 57],
        [51, 37, 28, 55, 24, 22],
        [54, 49, 46, 34, 36, 55],
        [57, 61,  0, 53,  2,  1],
        [58, 47, 50, 14, 30,  8],
        [14, 19,  7,  9, 63, 53],
        [55, 43,  9, 35, 14, 22],
        [30, 13,  2, 58, 24, 12],
        [ 4, 28, 26, 42, 20, 62],
        [32, 61, 53,  0, 57, 12],
        [54, 21,  7, 25, 18, 27],
        [29, 14, 60, 22, 40, 15],
        [ 0,  2, 49, 15,  3, 29],
        [41, 18, 56, 60, 21, 50],
        [48, 23, 40, 10, 25, 43],
        [13, 14,  9, 19,  8, 52],
        [19, 46, 16, 31, 41, 59],
        [55, 34, 21, 35, 28, 18],
        [36, 33, 35,  3, 41, 11],
        [41, 22, 15, 40, 29, 44],
        [53,  0, 63, 19,  9,  3],
        [36, 11, 25, 16, 17, 63],
        [23, 40, 10, 63, 27, 14],
        [ 3, 38, 43, 14, 50, 58],
        [48, 58, 28, 20, 34, 55],
        [42, 10, 44, 27, 26, 38],
        [51, 37,  9, 11, 22, 25],
        [42, 44, 57,  8, 62, 18],
        [50, 43, 58,  3, 47, 14],
        [46, 19, 31, 59, 33, 24],
        [ 2,  9, 15, 35, 13,  1],
        [20, 48, 59, 56, 18,  6],
        [59, 34, 13,  5, 16, 18],
        [ 7, 54, 39, 23,  5, 25],
        [47,  0,  2, 12, 57, 58],
        [ 0, 19, 53,  6, 31, 59],
        [51,  2, 12,  6, 39, 46],
        [53, 25, 31, 12,  9, 21],
        [40, 48, 41, 44, 37, 25],
        [34, 59, 60,  7,  8, 41],
        [ 9, 22, 13, 14, 63, 43],
        [ 2, 55, 36, 34,  3,  9],
        [53, 10,  4, 42, 16, 40],
        [44, 41, 29, 40, 63,  4],
        [36, 54, 31, 35,  6, 60],
        [51,  6, 46,  9,  2, 39],
        [51,  2, 39, 12,  6, 46],
        [ 5,  1, 50, 48, 18,  9],
        [14,  7, 53, 31,  9, 37],
        [36, 24, 49,  3, 57, 33],
        [ 9, 24, 59, 19, 15,  6],
        [40, 41, 33, 49, 23, 37],
        [46, 45,  9, 51, 23, 26],
        [14, 15, 43, 39, 41, 56],
        [46,  6, 51,  2, 39, 54],
        [51,  2, 46,  6, 39, 12]])
