PIM Expert Operations - Total Cycles
Decoder-BS64/3rd/pim/8
Note: 2 activation movements (fc1 and fc2)
BS16 - Activation divider: 128

--- Activation Movements ---
layer0.ffn.activation_movement_2: 1118 cycles
layer0.ffn.activation_movement_1: 1124 cycles
Total activation movement cycles: 2242
----------------------------

================================================================================
 Expert Number  fc1  gelu  fc2  total compute
             0 2865    28 2851           5744
             1 2865    44 2865           5774
             2 2866    31 2852           5749
             4 2865    42 2854           5761
             6 2894    42 2865           5801
             7 2865    44 2865           5774
            10 3015    29 2851           5895
            11 2865    43 2865           5773
            12 3042    29 2851           5922
            13 2865    42 2865           5772
            17 3048    28 2851           5927
            18 2865    43 2854           5762
            19 3057    28 2851           5936
            20 2865    43 2865           5773
            21 3024    30 2851           5905
            22 2865    43 2865           5773
            23 3063    30 2851           5944
            24 2865    43 2865           5773
            26 3042    30 2851           5923
            27 2865    42 2865           5772
            28 3037    43 2865           5945
            29 2865    42 2854           5761
            30 2980    29 2851           5860
            31 2842    44 2865           5751
            32 3112    30 2852           5994
            34 2865    42 2865           5772
            35 3047    28 2851           5926
            36 2865    42 2865           5772
            37 3043    28 2836           5907
            38 2866    43 2865           5774
            39 3061    29 2851           5941
            41 2850    43 2865           5758
            42 3058    29 2851           5938
            43 2865    42 2854           5761
            44 3053    30 2852           5935
            46 2865    42 2865           5772
            47 3042    44 2865           5951
            48 2866    45 2865           5776
            49 3007    28 2851           5886
            50 2865    43 2854           5762
            52 3055    28 2851           5934
            53 2865    45 2865           5775
            54 3045    30 2851           5926
            55 2865    42 2854           5761
            57 3057    29 2851           5937
            59 2865    43 2865           5773
            60 3042    28 2851           5921
            61 2835    42 2865           5742
            62 3074    28 2852           5954
            63 2865    42 2865           5772