============================================================
METADATA (9Th token of each sequence)
============================================================
Model: flame-moe-290m
Run ID: 31066
Epoch: 5473
Layer: 8
Token Position: 8 (9th)
Shards processed: 0-0.pt, 0-1.pt
Total sequences: 64
Sequence length: 512
============================================================

----------------samples-----------------
torch.Size([64])
tensor([  452,  3762,   309,   310,   247,   326,   407,  2139,  5020, 19916,
          187,     8,  1754,   247, 12103,   187,   187,    13,  2489,   310,
          703,  1309,  1495,    14,  3196,   352,  3045,   309,    15,   513,
          253,   187,  1682,  1519,   310, 14494,  5312, 10764,   323,   281,
         3365,  9787,   273,   816,   253, 11017,  1520,    13,   368,  2139,
           13, 28771,   387,  3430,  8344,  1142,  2489,    81, 17825,    13,
         1292,   285,  1032, 14003])

-----------------scores-----------------
torch.Size([64, 6])
tensor([[0.0887, 0.0760, 0.0744, 0.0628, 0.0403, 0.0382],
        [0.2042, 0.1812, 0.1337, 0.0714, 0.0304, 0.0237],
        [0.0964, 0.0902, 0.0780, 0.0777, 0.0757, 0.0711],
        [0.1520, 0.0955, 0.0730, 0.0669, 0.0554, 0.0476],
        [0.2028, 0.2013, 0.1070, 0.0916, 0.0618, 0.0231],
        [0.1816, 0.0925, 0.0768, 0.0516, 0.0481, 0.0295],
        [0.1418, 0.1298, 0.0991, 0.0945, 0.0499, 0.0453],
        [0.1874, 0.0742, 0.0688, 0.0546, 0.0444, 0.0360],
        [0.1269, 0.0683, 0.0635, 0.0486, 0.0475, 0.0460],
        [0.1586, 0.1134, 0.0648, 0.0581, 0.0394, 0.0391],
        [0.3099, 0.0831, 0.0538, 0.0389, 0.0359, 0.0339],
        [0.3671, 0.0722, 0.0509, 0.0381, 0.0347, 0.0342],
        [0.1139, 0.1052, 0.0705, 0.0643, 0.0528, 0.0481],
        [0.1327, 0.1080, 0.0968, 0.0575, 0.0543, 0.0423],
        [0.3027, 0.0912, 0.0898, 0.0807, 0.0384, 0.0371],
        [0.1462, 0.0441, 0.0428, 0.0415, 0.0324, 0.0303],
        [0.1450, 0.1093, 0.0683, 0.0518, 0.0338, 0.0328],
        [0.3453, 0.1723, 0.0852, 0.0475, 0.0253, 0.0238],
        [0.2650, 0.1238, 0.1091, 0.0933, 0.0811, 0.0482],
        [0.0746, 0.0614, 0.0547, 0.0510, 0.0491, 0.0440],
        [0.1013, 0.0886, 0.0865, 0.0612, 0.0587, 0.0423],
        [0.2760, 0.1699, 0.0824, 0.0806, 0.0353, 0.0288],
        [0.3025, 0.1615, 0.1057, 0.0885, 0.0532, 0.0439],
        [0.1469, 0.1387, 0.0618, 0.0557, 0.0488, 0.0359],
        [0.2037, 0.1528, 0.0613, 0.0597, 0.0535, 0.0415],
        [0.3252, 0.0737, 0.0663, 0.0645, 0.0613, 0.0376],
        [0.1651, 0.1274, 0.1239, 0.1088, 0.0900, 0.0317],
        [0.2097, 0.0831, 0.0751, 0.0585, 0.0522, 0.0372],
        [0.1744, 0.0962, 0.0822, 0.0732, 0.0473, 0.0417],
        [0.1121, 0.0807, 0.0780, 0.0772, 0.0677, 0.0579],
        [0.1584, 0.1287, 0.0899, 0.0859, 0.0611, 0.0601],
        [0.2415, 0.0912, 0.0549, 0.0499, 0.0396, 0.0361],
        [0.2623, 0.2274, 0.1043, 0.0665, 0.0527, 0.0241],
        [0.3584, 0.0629, 0.0572, 0.0413, 0.0406, 0.0350],
        [0.3308, 0.2037, 0.0873, 0.0611, 0.0295, 0.0196],
        [0.1701, 0.1139, 0.0876, 0.0556, 0.0493, 0.0456],
        [0.1108, 0.0761, 0.0617, 0.0584, 0.0520, 0.0462],
        [0.1846, 0.1139, 0.1077, 0.0660, 0.0605, 0.0372],
        [0.1277, 0.1068, 0.0838, 0.0754, 0.0595, 0.0550],
        [0.2756, 0.0453, 0.0408, 0.0376, 0.0315, 0.0310],
        [0.1684, 0.1409, 0.1133, 0.0766, 0.0393, 0.0337],
        [0.2863, 0.0747, 0.0506, 0.0493, 0.0476, 0.0458],
        [0.1608, 0.1140, 0.0877, 0.0699, 0.0432, 0.0431],
        [0.2317, 0.1763, 0.1391, 0.0518, 0.0503, 0.0432],
        [0.2574, 0.1165, 0.0694, 0.0602, 0.0407, 0.0407],
        [0.1151, 0.1114, 0.0871, 0.0549, 0.0478, 0.0441],
        [0.1727, 0.1433, 0.1244, 0.0440, 0.0427, 0.0426],
        [0.1910, 0.1783, 0.0623, 0.0427, 0.0410, 0.0375],
        [0.1317, 0.1264, 0.0845, 0.0833, 0.0625, 0.0405],
        [0.2172, 0.1891, 0.0965, 0.0409, 0.0383, 0.0371],
        [0.2053, 0.1220, 0.0819, 0.0604, 0.0439, 0.0435],
        [0.1795, 0.1357, 0.0700, 0.0684, 0.0667, 0.0452],
        [0.1372, 0.0931, 0.0869, 0.0756, 0.0587, 0.0504],
        [0.3478, 0.0472, 0.0457, 0.0442, 0.0369, 0.0314],
        [0.2799, 0.0850, 0.0767, 0.0526, 0.0409, 0.0328],
        [0.1335, 0.0792, 0.0718, 0.0559, 0.0512, 0.0349],
        [0.2154, 0.0944, 0.0771, 0.0646, 0.0567, 0.0498],
        [0.1646, 0.0919, 0.0633, 0.0574, 0.0571, 0.0458],
        [0.2179, 0.1015, 0.0788, 0.0400, 0.0335, 0.0300],
        [0.3249, 0.0577, 0.0405, 0.0385, 0.0376, 0.0293],
        [0.1098, 0.0851, 0.0851, 0.0628, 0.0571, 0.0323],
        [0.2204, 0.0830, 0.0671, 0.0656, 0.0498, 0.0385],
        [0.1912, 0.1311, 0.0976, 0.0368, 0.0331, 0.0305],
        [0.2553, 0.1003, 0.0612, 0.0495, 0.0444, 0.0427]])

----------------indices-----------------
torch.Size([64, 6])
tensor([[56, 63, 33, 53, 60, 57],
        [58, 13, 55, 63, 49, 45],
        [10, 41, 35, 20, 38, 31],
        [56, 33, 30, 53, 11, 17],
        [31, 20, 10, 41, 26,  4],
        [32, 59, 46,  1, 47, 21],
        [48, 23, 54,  7, 28, 24],
        [38, 53, 51, 47, 28, 57],
        [ 0, 47, 38, 45, 33, 51],
        [16,  7, 43, 57, 35, 12],
        [37, 10,  7, 48, 21, 54],
        [27,  9, 63, 56, 45, 58],
        [57, 19,  0, 38, 33, 44],
        [10, 47, 38, 51, 41,  7],
        [17, 48, 35, 27, 44,  7],
        [ 9, 44, 28, 27, 63, 58],
        [ 1, 28,  2, 58, 42, 47],
        [ 5,  9,  6, 28, 58, 63],
        [39, 22, 62, 36, 46, 12],
        [27, 33, 57, 53, 11, 38],
        [48, 58,  4, 13, 37, 55],
        [16, 60,  4, 14, 34, 18],
        [39, 44, 21,  5, 46, 12],
        [32, 56,  1, 21,  8, 19],
        [48, 39,  7, 21, 23, 25],
        [ 6, 55, 16,  9, 47, 13],
        [10, 41, 20, 31, 51, 26],
        [ 1, 39, 24, 32, 29,  3],
        [48, 28, 54, 58,  6, 35],
        [21,  3, 42, 26, 31, 41],
        [57, 41,  3, 33, 38, 20],
        [37, 51,  3,  2, 29, 49],
        [ 9,  5, 27, 56,  6, 45],
        [22, 15, 62, 25, 50, 30],
        [ 5, 43, 57, 12, 34, 16],
        [22, 62, 18, 50, 45, 32],
        [30, 56, 60, 11,  8, 44],
        [ 7, 23, 39, 10, 48, 59],
        [56, 32, 24,  1, 50, 36],
        [22, 32, 47, 62,  0,  1],
        [48, 59, 23, 54, 51,  1],
        [43,  0, 61,  4, 40, 46],
        [48, 54, 28, 59, 23, 58],
        [29, 37, 13, 51, 49,  4],
        [61, 39, 40, 52, 48,  4],
        [40,  3, 45, 51, 44,  7],
        [41, 14,  3, 34, 60, 31],
        [ 6, 59, 35, 54, 47, 28],
        [32, 22, 62, 18, 12, 45],
        [ 6,  9, 13, 63, 56,  5],
        [22, 32, 62, 18, 12, 56],
        [22, 32, 50, 62, 18, 46],
        [10, 26, 31, 50, 41,  3],
        [43,  0, 12, 16, 47, 29],
        [61, 44,  1, 43, 46, 57],
        [25,  4, 34, 16, 40, 60],
        [ 5, 19, 12, 34, 57, 61],
        [41, 52, 50, 42, 31,  3],
        [56, 32, 24, 50, 26, 18],
        [ 9,  6, 56,  8, 19,  7],
        [50,  1, 24, 39, 36, 45],
        [19, 41, 34,  5, 14,  8],
        [56, 29, 24, 40, 54, 45],
        [24,  7, 54, 48, 39, 59]])
