PIM Expert Operations - Total Cycles
Decoder-BS64/4th/pim/3
Note: 2 activation movements (fc1 and fc2)
BS16 - Activation divider: 128

--- Activation Movements ---
layer0.ffn.activation_movement_2: 1118 cycles
layer0.ffn.activation_movement_1: 1124 cycles
Total activation movement cycles: 2242
----------------------------

================================================================================
 Expert Number  fc1  gelu  fc2  total compute
             0 2865    30 2852           5747
             1 2865    44 2865           5774
             2 2865    28 2836           5729
             3 2865    42 2865           5772
             4 2900    42 2865           5807
             5 2865    43 2867           5775
             8 2987    28 2851           5866
             9 2850    43 2865           5758
            10 3085    29 2851           5965
            11 2865    45 2865           5775
            12 3045    29 2836           5910
            13 2865    42 2865           5772
            14 3061    28 2836           5925
            15 2842    42 2865           5749
            16 3082    28 2836           5946
            17 2865    45 2865           5775
            18 3059    28 2836           5923
            20 2865    43 2865           5773
            22 3059    42 2851           5952
            23 2865    42 2865           5772
            24 3025    28 2851           5904
            25 2865    43 2865           5773
            26 3043    30 2851           5924
            27 2865    42 2865           5772
            28 3047    28 2851           5926
            29 2865    43 2865           5773
            30 2999    28 2836           5863
            31 2865    42 2865           5772
            32 3105    31 2851           5987
            33 2865    42 2865           5772
            34 3045    29 2851           5925
            35 2865    42 2854           5761
            37 3055    31 2851           5937
            38 2865    44 2865           5774
            39 3038    30 2852           5920
            40 2865    44 2865           5774
            41 3042    43 2865           5950
            42 2865    44 2865           5774
            43 3011    28 2851           5890
            46 2865    42 2865           5772
            48 3041    30 2851           5922
            49 2865    44 2866           5775
            51 3044    28 2851           5923
            52 2865    42 2865           5772
            53 3047    28 2851           5926
            54 2865    43 2865           5773
            55 3045    30 2851           5926
            56 2865    43 2865           5773
            58 3040    29 2851           5920
            60 2865    42 2854           5761