PIM Expert Operations - Total Cycles
Decoder-BS64/10th/pim/9
Note: 2 activation movements (fc1 and fc2)
BS16 - Activation divider: 128

--- Activation Movements ---
layer0.ffn.activation_movement_1: 1124 cycles
layer0.ffn.activation_movement_2: 1118 cycles
Total activation movement cycles: 2242
----------------------------

================================================================================
 Expert Number  fc1  gelu  fc2  total compute
             0 2865    29 2851           5745
             1 2866    43 2865           5774
             2 2866    28 2851           5745
             3 2865    43 2854           5762
             4 2897    29 2865           5791
             6 2865    42 2865           5772
             8 3010    29 2852           5891
            10 2865    43 2854           5762
            12 3071    29 2851           5951
            13 2865    43 2865           5773
            14 3047    28 2851           5926
            15 2865    42 2865           5772
            16 3047    28 2851           5926
            17 2865    42 2850           5757
            20 3059    12 2836           5907
            21 2842    44 2866           5752
            22 3079    12 2836           5927
            23 2836    44 2865           5745
            25 3122    44 2865           6031
            26 2865    45 2865           5775
            27 3006    29 2854           5889
            28 2865    42 2865           5772
            29 3043    29 2851           5923
            30 2865    43 2866           5774
            32 5855    48 5667          11570
            33 2865    29 2851           5745
            34 2865    42 2854           5761
            35 2851    42 2865           5758
            36 2865    43 2854           5762
            40 2851    43 2854           5748
            42 5658    46 5682          11386
            43 2865   211 2865           5941
            44 2851    43 2865           5759
            45 2865   203 2865           5933
            46 2851    45 2866           5762
            47 2865   207 2865           5937
            48 2851    42 2865           5758
            49 2866   205 2866           5937
            50 2851    42 2865           5758
            51 2835   238 2865           5938
            52 2851    42 2854           5747
            53 2866   217 2865           5948
            54 2865    12 2836           5713
            55 2865   253 2854           5972
            56 2851    43 2854           5748
            59 5682    47 5667          11396
            60 2865    28 2851           5744
            61 2866    43 2865           5774