============================================================
METADATA (9Th token of each sequence)
============================================================
Model: flame-moe-290m
Run ID: 31066
Epoch: 5473
Layer: 4
Token Position: 8 (9th)
Shards processed: 0-0.pt, 0-1.pt
Total sequences: 64
Sequence length: 512
============================================================

----------------samples-----------------
torch.Size([64])
tensor([  452,  3762,   309,   310,   247,   326,   407,  2139,  5020, 19916,
          187,     8,  1754,   247, 12103,   187,   187,    13,  2489,   310,
          703,  1309,  1495,    14,  3196,   352,  3045,   309,    15,   513,
          253,   187,  1682,  1519,   310, 14494,  5312, 10764,   323,   281,
         3365,  9787,   273,   816,   253, 11017,  1520,    13,   368,  2139,
           13, 28771,   387,  3430,  8344,  1142,  2489,    81, 17825,    13,
         1292,   285,  1032, 14003])

-----------------scores-----------------
torch.Size([64, 6])
tensor([[0.1602, 0.1184, 0.0629, 0.0503, 0.0417, 0.0329],
        [0.0960, 0.0719, 0.0668, 0.0548, 0.0444, 0.0398],
        [0.0901, 0.0719, 0.0459, 0.0370, 0.0339, 0.0291],
        [0.3507, 0.0549, 0.0423, 0.0383, 0.0377, 0.0366],
        [0.0491, 0.0395, 0.0393, 0.0361, 0.0350, 0.0322],
        [0.0772, 0.0638, 0.0511, 0.0320, 0.0299, 0.0266],
        [0.1460, 0.0457, 0.0411, 0.0342, 0.0337, 0.0328],
        [0.1124, 0.0750, 0.0499, 0.0301, 0.0289, 0.0285],
        [0.0670, 0.0615, 0.0585, 0.0515, 0.0498, 0.0477],
        [0.0766, 0.0698, 0.0643, 0.0523, 0.0478, 0.0425],
        [0.0599, 0.0504, 0.0474, 0.0405, 0.0285, 0.0284],
        [0.0840, 0.0738, 0.0727, 0.0666, 0.0477, 0.0451],
        [0.0840, 0.0679, 0.0638, 0.0478, 0.0440, 0.0433],
        [0.0759, 0.0726, 0.0479, 0.0460, 0.0418, 0.0377],
        [0.1220, 0.0750, 0.0581, 0.0466, 0.0295, 0.0290],
        [0.1410, 0.0507, 0.0407, 0.0373, 0.0350, 0.0301],
        [0.1253, 0.0770, 0.0691, 0.0530, 0.0345, 0.0307],
        [0.1018, 0.0938, 0.0775, 0.0686, 0.0516, 0.0353],
        [0.1082, 0.0815, 0.0483, 0.0445, 0.0307, 0.0302],
        [0.1625, 0.0987, 0.0666, 0.0621, 0.0597, 0.0515],
        [0.0911, 0.0582, 0.0551, 0.0544, 0.0425, 0.0365],
        [0.0822, 0.0664, 0.0611, 0.0588, 0.0571, 0.0525],
        [0.1807, 0.0691, 0.0607, 0.0524, 0.0478, 0.0441],
        [0.0588, 0.0385, 0.0369, 0.0368, 0.0359, 0.0354],
        [0.1016, 0.0348, 0.0329, 0.0325, 0.0324, 0.0293],
        [0.0995, 0.0925, 0.0676, 0.0412, 0.0384, 0.0322],
        [0.0454, 0.0444, 0.0441, 0.0433, 0.0389, 0.0361],
        [0.1077, 0.0833, 0.0704, 0.0595, 0.0419, 0.0287],
        [0.1005, 0.0841, 0.0757, 0.0676, 0.0400, 0.0322],
        [0.0374, 0.0338, 0.0338, 0.0326, 0.0311, 0.0302],
        [0.0856, 0.0564, 0.0478, 0.0425, 0.0420, 0.0328],
        [0.0686, 0.0611, 0.0523, 0.0340, 0.0318, 0.0284],
        [0.1227, 0.0897, 0.0577, 0.0542, 0.0517, 0.0323],
        [0.1508, 0.1461, 0.0520, 0.0502, 0.0448, 0.0418],
        [0.1090, 0.0643, 0.0636, 0.0586, 0.0448, 0.0391],
        [0.0743, 0.0735, 0.0647, 0.0356, 0.0329, 0.0306],
        [0.1111, 0.0947, 0.0547, 0.0464, 0.0408, 0.0400],
        [0.0913, 0.0650, 0.0604, 0.0475, 0.0401, 0.0311],
        [0.0911, 0.0426, 0.0306, 0.0281, 0.0257, 0.0255],
        [0.0991, 0.0780, 0.0644, 0.0424, 0.0340, 0.0310],
        [0.0552, 0.0494, 0.0490, 0.0448, 0.0427, 0.0393],
        [0.0933, 0.0827, 0.0711, 0.0445, 0.0396, 0.0380],
        [0.0660, 0.0640, 0.0525, 0.0504, 0.0298, 0.0285],
        [0.0903, 0.0728, 0.0509, 0.0451, 0.0407, 0.0377],
        [0.0708, 0.0579, 0.0552, 0.0470, 0.0351, 0.0297],
        [0.1300, 0.0840, 0.0354, 0.0331, 0.0256, 0.0252],
        [0.2119, 0.1638, 0.1236, 0.0453, 0.0364, 0.0336],
        [0.1076, 0.0713, 0.0530, 0.0360, 0.0356, 0.0295],
        [0.1121, 0.0256, 0.0255, 0.0254, 0.0235, 0.0232],
        [0.1883, 0.0835, 0.0632, 0.0422, 0.0325, 0.0298],
        [0.0987, 0.0515, 0.0441, 0.0360, 0.0291, 0.0270],
        [0.0926, 0.0350, 0.0296, 0.0283, 0.0279, 0.0259],
        [0.0385, 0.0337, 0.0305, 0.0292, 0.0290, 0.0280],
        [0.0919, 0.0899, 0.0506, 0.0461, 0.0424, 0.0365],
        [0.0767, 0.0646, 0.0579, 0.0387, 0.0311, 0.0293],
        [0.1551, 0.1286, 0.0826, 0.0461, 0.0367, 0.0325],
        [0.0966, 0.0640, 0.0587, 0.0503, 0.0390, 0.0384],
        [0.0448, 0.0433, 0.0367, 0.0350, 0.0343, 0.0332],
        [0.1067, 0.0466, 0.0463, 0.0396, 0.0366, 0.0309],
        [0.1134, 0.0969, 0.0726, 0.0594, 0.0538, 0.0523],
        [0.0811, 0.0488, 0.0464, 0.0378, 0.0345, 0.0320],
        [0.1190, 0.0904, 0.0754, 0.0550, 0.0495, 0.0417],
        [0.0808, 0.0806, 0.0585, 0.0443, 0.0436, 0.0349],
        [0.1375, 0.0824, 0.0325, 0.0309, 0.0304, 0.0287]])

----------------indices-----------------
torch.Size([64, 6])
tensor([[17, 42, 46,  1, 59, 63],
        [63, 44, 59, 39, 20, 46],
        [50, 42,  7, 29, 53, 56],
        [56, 26, 35, 61, 17, 18],
        [25, 34, 53, 26, 32,  5],
        [51,  6, 45, 27, 53, 23],
        [ 4, 60, 39, 13, 57, 33],
        [50, 59, 48, 45,  1, 41],
        [50, 32, 48, 21, 27, 41],
        [47, 18, 44,  2, 55, 61],
        [19,  7, 14, 63, 52, 58],
        [62, 18, 44, 59, 63, 35],
        [47, 63,  5, 56, 18, 36],
        [60, 12, 31, 43, 11, 40],
        [ 0, 40, 32, 24, 43,  5],
        [ 0, 24, 48, 23,  9, 18],
        [33, 11, 30,  6, 22, 32],
        [59, 62, 63, 18, 50,  7],
        [15, 34,  6, 49, 60, 21],
        [56,  3, 40, 41, 42, 61],
        [12, 40, 37, 25, 34, 22],
        [27, 46, 54, 19, 12, 28],
        [26, 32, 40, 28, 11,  0],
        [16, 12, 31, 30, 53,  6],
        [ 0, 24, 52, 14, 10,  7],
        [62, 18, 39, 36, 25, 44],
        [26, 34,  8, 53, 40, 31],
        [ 6, 43, 30, 33, 40,  8],
        [11, 59, 22, 12, 31, 43],
        [ 8, 13, 53, 27, 45, 24],
        [29,  3, 58, 53, 49, 28],
        [40, 32, 37, 22, 26, 57],
        [62, 25, 18, 51, 39, 48],
        [32, 16, 34, 15, 57, 28],
        [18, 46,  0, 10, 48, 26],
        [23, 37, 16, 32, 10, 51],
        [26, 47,  1, 12, 52, 35],
        [ 0, 13, 48, 14, 50,  9],
        [41, 45, 32, 14, 21, 53],
        [45, 39, 32, 15, 60, 16],
        [45, 48, 50, 21, 25, 37],
        [58,  8, 10, 52,  0, 21],
        [ 7, 63, 45, 25, 22,  5],
        [25, 39, 44, 12, 54, 34],
        [58, 55, 29, 21, 52, 41],
        [29, 49, 21, 19, 52, 53],
        [40, 12, 26, 43, 61, 18],
        [ 7, 39, 25, 45, 54, 51],
        [23,  3, 61, 37, 53,  5],
        [18, 62, 25, 63, 34, 44],
        [23, 16, 43, 33,  5, 13],
        [23, 10, 16,  6, 20, 41],
        [27,  5, 34, 48, 32, 20],
        [10, 55, 29, 41, 58,  8],
        [58, 29, 55, 21, 49, 52],
        [28, 46, 54,  4, 56, 39],
        [19, 17, 54, 52, 36, 48],
        [34, 25, 55, 22,  8, 45],
        [41, 14, 53, 28, 38, 34],
        [ 3, 43, 35, 40,  5, 18],
        [58,  6, 41, 38, 15, 33],
        [47, 52, 18, 53, 19, 17],
        [46, 58, 49, 15, 48, 59],
        [ 0, 58, 34, 41, 52, 29]])
