PIM Expert Operations - Total Cycles
Decoder-BS64/1st/pim/6
Note: 2 activation movements (fc1 and fc2)
BS16 - Activation divider: 128

--- Activation Movements ---
layer0.ffn.activation_movement_2: 1118 cycles
layer0.ffn.activation_movement_1: 1124 cycles
Total activation movement cycles: 2242
----------------------------

================================================================================
 Expert Number  fc1  gelu  fc2  total compute
             0 2865    30 2852           5747
             1 2865    42 2865           5772
             2 2866    29 2851           5746
             3 2866    42 2854           5762
             5 2856    31 2865           5752
             6 2865    42 2866           5773
             7 3067    28 2851           5946
             9 2865    43 2865           5773
            10 3042    28 2836           5906
            11 2866    42 2865           5773
            12 3063    28 2836           5927
            13 2865    12 2850           5727
            14 3107    30 2851           5988
            15 2842    43 2865           5750
            17 3064    28 2836           5928
            18 2865    43 2865           5773
            20 3061    29 2851           5941
            21 2865    44 2865           5774
            22 3042    28 2851           5921
            23 2865    43 2865           5773
            24 3038    28 2851           5917
            26 2836    42 2865           5743
            27 3077    29 2836           5942
            28 2866    44 2866           5776
            30 3055    28 2836           5919
            31 2866    44 2865           5775
            32 3059    28 2851           5938
            34 2865    42 2854           5761
            35 3031    29 2851           5911
            36 2842    42 2865           5749
            38 3093    28 2851           5972
            39 2865    44 2865           5774
            40 3044    29 2851           5924
            41 2865    43 2865           5773
            42 3040    42 2865           5947
            43 2865    44 2865           5774
            44 3011    29 2851           5891
            45 2865    42 2854           5761
            46 3054    29 2851           5934
            47 2865    43 2865           5773
            48 3049    29 2851           5929
            49 2865    42 2854           5761
            50 3053    28 2851           5932
            52 2865    43 2866           5774
            53 3046    28 2851           5925
            54 2865    42 2866           5773
            57 3044    30 2851           5925
            59 2865    44 2865           5774
            60 3039    30 2851           5920
            61 5682   297 5682          11661
            62 2865    43 2865           5773
            63 3080    29 2851           5960