============================================================
METADATA (10Th token of each sequence)
============================================================
Model: flame-moe-290m
Run ID: 31066
Epoch: 5473
Layer: 15
Token Position: 9 (10th)
Shards processed: 0-0.pt, 0-1.pt
Total sequences: 64
Sequence length: 512
============================================================

----------------samples-----------------
torch.Size([64])
tensor([  247,    15,   717,   417,  2762,   434,   436,   253,   273,   273,
        50276, 16922,   327,  2825,  8981,    19,   187,   285,   247, 49163,
          310,   253,   273,   285,   317,   281,   310,  7636,   187,   342,
        18417,    42,   273,   275,   247,    15, 18226,   273, 19487,  9446,
         9632,  2570,  3253,  1537, 22777, 11678,    32, 16280,   476, 11369,
          368,   253,  1878,     2,   326,  5053,   247, 12427,  3753,  8920,
        24787,  4493,   379,   731])

-----------------scores-----------------
torch.Size([64, 6])
tensor([[0.1118, 0.1054, 0.0962, 0.0781, 0.0363, 0.0356],
        [0.1720, 0.1092, 0.0836, 0.0740, 0.0563, 0.0461],
        [0.1403, 0.1185, 0.1068, 0.0761, 0.0514, 0.0354],
        [0.1687, 0.0815, 0.0750, 0.0616, 0.0374, 0.0364],
        [0.1981, 0.1096, 0.1029, 0.0644, 0.0643, 0.0466],
        [0.1021, 0.0919, 0.0765, 0.0534, 0.0475, 0.0371],
        [0.1784, 0.1424, 0.1153, 0.0436, 0.0383, 0.0299],
        [0.1073, 0.0710, 0.0609, 0.0529, 0.0395, 0.0328],
        [0.1135, 0.0885, 0.0685, 0.0473, 0.0459, 0.0413],
        [0.1684, 0.1337, 0.1134, 0.0727, 0.0523, 0.0306],
        [0.1552, 0.1293, 0.0790, 0.0669, 0.0373, 0.0363],
        [0.2994, 0.1287, 0.0813, 0.0703, 0.0463, 0.0462],
        [0.1969, 0.1365, 0.0551, 0.0487, 0.0429, 0.0338],
        [0.1952, 0.1403, 0.0614, 0.0417, 0.0404, 0.0248],
        [0.3149, 0.0759, 0.0706, 0.0654, 0.0620, 0.0593],
        [0.1994, 0.1058, 0.0446, 0.0374, 0.0352, 0.0336],
        [0.2833, 0.1014, 0.0658, 0.0616, 0.0577, 0.0469],
        [0.1437, 0.1129, 0.0902, 0.0547, 0.0444, 0.0441],
        [0.1164, 0.0977, 0.0875, 0.0742, 0.0707, 0.0616],
        [0.1347, 0.1053, 0.0744, 0.0589, 0.0495, 0.0396],
        [0.1479, 0.0972, 0.0870, 0.0357, 0.0333, 0.0324],
        [0.2343, 0.0938, 0.0846, 0.0596, 0.0470, 0.0377],
        [0.0947, 0.0505, 0.0497, 0.0486, 0.0481, 0.0473],
        [0.1252, 0.0781, 0.0552, 0.0494, 0.0452, 0.0359],
        [0.1428, 0.1324, 0.0897, 0.0477, 0.0428, 0.0405],
        [0.1968, 0.1207, 0.0913, 0.0469, 0.0413, 0.0374],
        [0.0790, 0.0692, 0.0660, 0.0654, 0.0468, 0.0356],
        [0.2026, 0.0992, 0.0856, 0.0646, 0.0547, 0.0522],
        [0.1332, 0.1297, 0.1135, 0.0630, 0.0550, 0.0432],
        [0.3469, 0.0657, 0.0627, 0.0426, 0.0366, 0.0356],
        [0.2805, 0.0809, 0.0799, 0.0799, 0.0429, 0.0308],
        [0.2122, 0.1546, 0.0869, 0.0409, 0.0282, 0.0223],
        [0.2212, 0.1089, 0.0577, 0.0574, 0.0466, 0.0397],
        [0.3599, 0.1467, 0.0669, 0.0313, 0.0287, 0.0254],
        [0.1773, 0.0773, 0.0552, 0.0506, 0.0377, 0.0355],
        [0.1430, 0.0782, 0.0451, 0.0438, 0.0379, 0.0371],
        [0.1429, 0.1404, 0.0946, 0.0784, 0.0583, 0.0491],
        [0.2148, 0.1093, 0.0588, 0.0532, 0.0329, 0.0318],
        [0.2406, 0.1083, 0.0660, 0.0510, 0.0356, 0.0323],
        [0.3452, 0.0652, 0.0542, 0.0353, 0.0313, 0.0261],
        [0.1319, 0.0822, 0.0729, 0.0605, 0.0451, 0.0361],
        [0.1540, 0.0988, 0.0898, 0.0783, 0.0696, 0.0677],
        [0.1213, 0.0795, 0.0699, 0.0665, 0.0523, 0.0339],
        [0.1150, 0.0847, 0.0727, 0.0667, 0.0524, 0.0457],
        [0.2563, 0.1355, 0.0973, 0.0457, 0.0307, 0.0291],
        [0.1376, 0.0947, 0.0607, 0.0499, 0.0407, 0.0329],
        [0.4562, 0.0522, 0.0405, 0.0386, 0.0235, 0.0225],
        [0.3264, 0.1855, 0.0408, 0.0376, 0.0353, 0.0212],
        [0.1722, 0.1133, 0.0811, 0.0600, 0.0408, 0.0320],
        [0.2177, 0.0715, 0.0470, 0.0430, 0.0339, 0.0325],
        [0.1781, 0.1587, 0.0585, 0.0486, 0.0375, 0.0356],
        [0.1560, 0.0780, 0.0767, 0.0565, 0.0550, 0.0461],
        [0.1919, 0.0910, 0.0895, 0.0664, 0.0284, 0.0283],
        [0.1994, 0.1198, 0.1070, 0.1035, 0.0414, 0.0395],
        [0.1622, 0.1026, 0.0691, 0.0595, 0.0522, 0.0518],
        [0.1203, 0.0674, 0.0562, 0.0561, 0.0533, 0.0509],
        [0.1103, 0.1016, 0.0767, 0.0407, 0.0390, 0.0388],
        [0.5135, 0.0820, 0.0428, 0.0320, 0.0244, 0.0220],
        [0.2775, 0.0553, 0.0407, 0.0402, 0.0309, 0.0283],
        [0.2184, 0.1442, 0.0858, 0.0539, 0.0456, 0.0441],
        [0.2558, 0.0585, 0.0572, 0.0520, 0.0422, 0.0396],
        [0.0961, 0.0642, 0.0636, 0.0596, 0.0524, 0.0511],
        [0.0841, 0.0712, 0.0688, 0.0621, 0.0562, 0.0520],
        [0.1395, 0.0967, 0.0739, 0.0553, 0.0381, 0.0325]])

----------------indices-----------------
torch.Size([64, 6])
tensor([[30, 49, 43, 37, 38, 62],
        [54, 23, 34, 40, 12, 51],
        [ 5, 21,  2,  4,  7, 14],
        [48, 63, 25, 20,  0, 18],
        [43, 17, 14, 39, 46, 48],
        [13,  9, 54, 46, 23, 51],
        [56,  4, 52, 26, 36, 63],
        [ 1, 22, 12, 45, 24, 55],
        [ 3, 12, 15,  1, 61, 52],
        [ 4, 57, 55, 22, 47, 17],
        [53, 45, 59, 44, 13,  8],
        [27, 42,  3, 61, 57, 31],
        [ 0,  7, 60,  2, 14, 27],
        [61, 25,  3, 12, 10, 63],
        [44, 54, 18, 53, 15, 51],
        [17, 43, 35, 20, 48, 44],
        [23, 54, 46, 12, 51, 34],
        [40, 44, 15, 60, 51,  7],
        [39, 25, 20, 43, 17, 48],
        [53, 45, 59, 34, 10, 44],
        [ 0,  2,  7, 60, 14,  5],
        [35, 20, 48, 63, 18, 46],
        [ 1, 45, 12, 55, 57, 42],
        [54, 46, 13, 23, 34,  7],
        [43, 49, 50, 35, 28, 19],
        [10, 12, 57,  6,  7, 27],
        [23,  9, 13, 54, 46,  7],
        [45, 10, 15, 59, 53, 13],
        [46, 14, 18, 39, 17, 11],
        [20,  7, 14,  2, 21,  6],
        [52, 36, 55, 56,  4, 26],
        [43, 17, 35, 48, 46, 39],
        [62, 36,  8, 33, 37, 26],
        [51, 18, 13, 53, 30, 49],
        [51, 37, 18, 30,  8, 63],
        [38,  2, 37, 26, 28, 52],
        [61,  4,  3, 56, 22,  1],
        [62, 30, 37, 16, 29, 10],
        [29, 34, 12, 51, 46, 23],
        [15, 53, 51, 58, 63, 40],
        [25, 21, 16, 10, 27, 15],
        [ 2, 22,  3,  4, 21, 61],
        [51, 22,  5, 30, 62, 43],
        [14, 39, 17, 48, 46, 25],
        [58, 38, 50, 26, 52,  8],
        [10, 59, 45, 18, 43, 27],
        [20, 47,  0, 19, 58,  4],
        [61,  9, 34,  2, 32, 40],
        [ 4,  3, 61, 56, 47, 21],
        [26, 19, 28, 50, 37, 38],
        [34, 29, 51, 46, 12, 23],
        [54, 60,  9, 23, 46, 29],
        [62, 30, 37, 26, 63, 36],
        [ 9, 56,  2, 55, 52, 63],
        [ 2, 21,  5,  9,  0, 34],
        [ 8, 50, 49, 37, 38, 63],
        [58, 56, 26, 63, 36, 19],
        [15, 53, 58, 51, 40, 41],
        [ 2, 31, 21,  9,  6, 53],
        [47, 27, 57, 24, 42,  4],
        [ 6, 20, 57, 19, 36, 28],
        [22, 16,  3, 35, 29,  1],
        [37, 26, 49, 30, 50, 13],
        [46, 34, 51, 25,  9, 53]])
