============================================================
METADATA (10Th token of each sequence)
============================================================
Model: flame-moe-290m
Run ID: 31066
Epoch: 5473
Layer: 5
Token Position: 9 (10th)
Shards processed: 0-0.pt, 0-1.pt
Total sequences: 64
Sequence length: 512
============================================================

----------------samples-----------------
torch.Size([64])
tensor([  247,    15,   717,   417,  2762,   434,   436,   253,   273,   273,
        50276, 16922,   327,  2825,  8981,    19,   187,   285,   247, 49163,
          310,   253,   273,   285,   317,   281,   310,  7636,   187,   342,
        18417,    42,   273,   275,   247,    15, 18226,   273, 19487,  9446,
         9632,  2570,  3253,  1537, 22777, 11678,    32, 16280,   476, 11369,
          368,   253,  1878,     2,   326,  5053,   247, 12427,  3753,  8920,
        24787,  4493,   379,   731])

-----------------scores-----------------
torch.Size([64, 6])
tensor([[0.2413, 0.0808, 0.0797, 0.0663, 0.0505, 0.0423],
        [0.0925, 0.0844, 0.0458, 0.0440, 0.0437, 0.0437],
        [0.1338, 0.0864, 0.0647, 0.0458, 0.0342, 0.0287],
        [0.2614, 0.0681, 0.0476, 0.0462, 0.0354, 0.0324],
        [0.0575, 0.0527, 0.0520, 0.0449, 0.0438, 0.0419],
        [0.1460, 0.0582, 0.0438, 0.0415, 0.0360, 0.0357],
        [0.2550, 0.0986, 0.0830, 0.0422, 0.0374, 0.0338],
        [0.1214, 0.0642, 0.0519, 0.0440, 0.0406, 0.0368],
        [0.1211, 0.0489, 0.0474, 0.0428, 0.0364, 0.0341],
        [0.0965, 0.0877, 0.0633, 0.0421, 0.0353, 0.0282],
        [0.1140, 0.1074, 0.0815, 0.0678, 0.0651, 0.0577],
        [0.1358, 0.0520, 0.0445, 0.0342, 0.0302, 0.0298],
        [0.0866, 0.0734, 0.0711, 0.0639, 0.0425, 0.0384],
        [0.1894, 0.0885, 0.0595, 0.0428, 0.0397, 0.0380],
        [0.1336, 0.1143, 0.0945, 0.0897, 0.0799, 0.0420],
        [0.2253, 0.0740, 0.0301, 0.0269, 0.0249, 0.0234],
        [0.1396, 0.0586, 0.0575, 0.0565, 0.0494, 0.0484],
        [0.0985, 0.0839, 0.0446, 0.0392, 0.0380, 0.0377],
        [0.0786, 0.0695, 0.0605, 0.0580, 0.0556, 0.0369],
        [0.1034, 0.0785, 0.0692, 0.0557, 0.0467, 0.0461],
        [0.1202, 0.0831, 0.0510, 0.0331, 0.0320, 0.0317],
        [0.1056, 0.0936, 0.0883, 0.0395, 0.0370, 0.0312],
        [0.1119, 0.0485, 0.0446, 0.0426, 0.0397, 0.0351],
        [0.1576, 0.0511, 0.0382, 0.0363, 0.0335, 0.0303],
        [0.0842, 0.0763, 0.0716, 0.0608, 0.0447, 0.0426],
        [0.1112, 0.1109, 0.0479, 0.0386, 0.0294, 0.0265],
        [0.1188, 0.0908, 0.0455, 0.0413, 0.0355, 0.0354],
        [0.3205, 0.1556, 0.1072, 0.0441, 0.0313, 0.0297],
        [0.0901, 0.0743, 0.0345, 0.0341, 0.0332, 0.0330],
        [0.1976, 0.0947, 0.0603, 0.0597, 0.0421, 0.0317],
        [0.1701, 0.1029, 0.0552, 0.0517, 0.0505, 0.0388],
        [0.1667, 0.0503, 0.0408, 0.0318, 0.0305, 0.0303],
        [0.1373, 0.1369, 0.0535, 0.0492, 0.0384, 0.0336],
        [0.6597, 0.0615, 0.0506, 0.0302, 0.0191, 0.0188],
        [0.1520, 0.0984, 0.0796, 0.0788, 0.0458, 0.0418],
        [0.1860, 0.1521, 0.0573, 0.0409, 0.0352, 0.0260],
        [0.1477, 0.1224, 0.0809, 0.0477, 0.0358, 0.0311],
        [0.1669, 0.0910, 0.0707, 0.0551, 0.0425, 0.0386],
        [0.3963, 0.0680, 0.0550, 0.0407, 0.0392, 0.0185],
        [0.1139, 0.0824, 0.0651, 0.0432, 0.0423, 0.0393],
        [0.1661, 0.0587, 0.0451, 0.0397, 0.0391, 0.0369],
        [0.1290, 0.1093, 0.0721, 0.0543, 0.0385, 0.0370],
        [0.1115, 0.0946, 0.0662, 0.0552, 0.0450, 0.0421],
        [0.0652, 0.0478, 0.0395, 0.0385, 0.0361, 0.0351],
        [0.2187, 0.1481, 0.1255, 0.0417, 0.0352, 0.0350],
        [0.1840, 0.1005, 0.0513, 0.0345, 0.0318, 0.0296],
        [0.2050, 0.0482, 0.0480, 0.0459, 0.0380, 0.0355],
        [0.1030, 0.1011, 0.0678, 0.0624, 0.0310, 0.0262],
        [0.1576, 0.0457, 0.0403, 0.0393, 0.0364, 0.0337],
        [0.1103, 0.0997, 0.0675, 0.0499, 0.0419, 0.0359],
        [0.3194, 0.0805, 0.0771, 0.0639, 0.0332, 0.0188],
        [0.0641, 0.0486, 0.0446, 0.0410, 0.0408, 0.0405],
        [0.1408, 0.1237, 0.0752, 0.0596, 0.0524, 0.0355],
        [0.0832, 0.0746, 0.0743, 0.0609, 0.0584, 0.0470],
        [0.1815, 0.0831, 0.0590, 0.0570, 0.0560, 0.0318],
        [0.1046, 0.0816, 0.0701, 0.0667, 0.0627, 0.0525],
        [0.3170, 0.0720, 0.0588, 0.0553, 0.0544, 0.0350],
        [0.2988, 0.0759, 0.0716, 0.0667, 0.0494, 0.0268],
        [0.1076, 0.0727, 0.0666, 0.0642, 0.0378, 0.0328],
        [0.1261, 0.0607, 0.0596, 0.0543, 0.0484, 0.0432],
        [0.1033, 0.0931, 0.0602, 0.0574, 0.0523, 0.0397],
        [0.1236, 0.0662, 0.0551, 0.0496, 0.0425, 0.0399],
        [0.0991, 0.0967, 0.0696, 0.0672, 0.0566, 0.0461],
        [0.1193, 0.1031, 0.0605, 0.0566, 0.0554, 0.0340]])

----------------indices-----------------
torch.Size([64, 6])
tensor([[62, 20, 44, 63,  4, 29],
        [54,  6,  7,  8, 23, 53],
        [45, 41,  7, 24, 23, 36],
        [ 9, 59, 19, 39,  5, 33],
        [43, 60, 36, 54, 45, 50],
        [39, 24,  6, 25, 19, 16],
        [30, 58, 15, 47, 42,  2],
        [17, 32, 21, 26,  0, 61],
        [61,  0, 63, 17, 53, 58],
        [33, 36, 30, 29, 54, 61],
        [20, 48, 50,  1, 47, 25],
        [ 0, 10, 53, 19, 17, 59],
        [17, 24, 51, 11, 16, 50],
        [34,  9, 59, 31, 19, 16],
        [18, 40, 10, 44, 43,  8],
        [60, 22,  1, 34, 56, 26],
        [18,  7, 26, 39,  8, 50],
        [48, 27, 10, 39, 55, 18],
        [14, 32, 43, 53, 38, 49],
        [20, 47, 50,  1, 48, 58],
        [24, 51, 37, 17, 16, 56],
        [39, 41, 43,  5, 59, 15],
        [17, 21,  0, 32, 25, 61],
        [39, 24,  6, 50, 23, 16],
        [44, 40, 62, 29,  5, 52],
        [17,  0, 12, 15, 53, 31],
        [39, 24, 25,  7, 23, 46],
        [20, 26, 50, 48, 21, 51],
        [60, 36,  1, 45, 54, 56],
        [ 9, 46, 36, 10, 33, 63],
        [58,  2, 47, 30, 17, 42],
        [60, 51, 26, 17,  0, 20],
        [13,  8, 42, 57, 58, 47],
        [42, 44,  8, 28, 26, 20],
        [44, 40, 27, 42, 20, 63],
        [29, 45,  9, 40, 15,  4],
        [53, 30, 35,  0,  9, 58],
        [44, 62, 42, 63,  4, 52],
        [25, 18, 53,  7, 26, 23],
        [ 0, 10,  1, 28, 23,  8],
        [34,  7, 27, 59,  5, 47],
        [30, 24, 19, 15, 35, 59],
        [42, 10, 27, 50, 20, 44],
        [55,  5, 45, 34, 50, 59],
        [42, 22,  4, 23, 15, 35],
        [20, 48, 27, 18, 62, 55],
        [46, 54, 35, 36, 31,  3],
        [33, 27, 54, 23, 49, 46],
        [30, 19,  2,  9, 35, 58],
        [ 4, 42, 52, 29, 43,  3],
        [25, 53, 18,  7, 26,  8],
        [45, 46, 11, 24, 54, 39],
        [38, 27, 49, 42,  4, 26],
        [15, 47,  2,  4, 54, 30],
        [31,  7, 16, 46,  9,  8],
        [29, 44,  4, 38, 42, 41],
        [49, 30, 35, 33, 47,  4],
        [ 1,  8, 57,  0, 23, 28],
        [46, 54, 15, 13, 19,  2],
        [36,  2, 55,  3, 11, 60],
        [49, 46, 14, 32, 53,  1],
        [32, 61,  0, 63, 17, 24],
        [29, 42, 52, 44, 25,  4],
        [18, 39,  7, 54, 33, 26]])
