============================================================
METADATA (6Th token of each sequence)
============================================================
Model: flame-moe-290m
Run ID: 31066
Epoch: 5473
Layer: 23
Token Position: 5 (6th)
Shards processed: 0-0.pt, 0-1.pt
Total sequences: 64
Sequence length: 512
============================================================

----------------samples-----------------
torch.Size([64])
tensor([ 5311, 29661,  9319,   253,   253,   320,  5092,   187,  1781,  4266,
         4033,    15,    32,   617, 20953,   323, 33680,  9058,   626,   187,
          665,   323,  2554,    13, 14065,   309,  3085,   512,   512,   752,
          253,   320,    13,    13,  2167,   309,    13,   281,   562,   403,
        10280,   342,   685,  2866,   187,   634,   187,   619,   570,    13,
         1294,  6662,   359,    13, 23899,  1698,   509,   457,   626,   273,
         2064,  5312,   285,    13])

-----------------scores-----------------
torch.Size([64, 6])
tensor([[0.0616, 0.0405, 0.0377, 0.0305, 0.0299, 0.0288],
        [0.1730, 0.1131, 0.0525, 0.0315, 0.0311, 0.0248],
        [0.1016, 0.0948, 0.0943, 0.0916, 0.0344, 0.0308],
        [0.2178, 0.1662, 0.0583, 0.0570, 0.0535, 0.0420],
        [0.3929, 0.1772, 0.0497, 0.0261, 0.0250, 0.0195],
        [0.3352, 0.1896, 0.0860, 0.0639, 0.0527, 0.0472],
        [0.1744, 0.0920, 0.0583, 0.0546, 0.0456, 0.0340],
        [0.1195, 0.1126, 0.0621, 0.0513, 0.0456, 0.0431],
        [0.1761, 0.1427, 0.1083, 0.0878, 0.0832, 0.0599],
        [0.1576, 0.1239, 0.1177, 0.0471, 0.0451, 0.0428],
        [0.1740, 0.0953, 0.0817, 0.0644, 0.0569, 0.0344],
        [0.2297, 0.0766, 0.0680, 0.0465, 0.0408, 0.0315],
        [0.1774, 0.1737, 0.0460, 0.0417, 0.0365, 0.0334],
        [0.1317, 0.1177, 0.0595, 0.0595, 0.0460, 0.0309],
        [0.2073, 0.0610, 0.0558, 0.0493, 0.0398, 0.0386],
        [0.2663, 0.1039, 0.0931, 0.0646, 0.0391, 0.0317],
        [0.1208, 0.1159, 0.1106, 0.1014, 0.0495, 0.0326],
        [0.1667, 0.0886, 0.0602, 0.0575, 0.0503, 0.0393],
        [0.2558, 0.1611, 0.0591, 0.0471, 0.0307, 0.0300],
        [0.1583, 0.1400, 0.1224, 0.0438, 0.0362, 0.0262],
        [0.1982, 0.1721, 0.0728, 0.0598, 0.0328, 0.0317],
        [0.1718, 0.1225, 0.0823, 0.0663, 0.0627, 0.0430],
        [0.2843, 0.2081, 0.0659, 0.0490, 0.0309, 0.0262],
        [0.1405, 0.1140, 0.0886, 0.0581, 0.0523, 0.0516],
        [0.1642, 0.1114, 0.1103, 0.0703, 0.0611, 0.0339],
        [0.1900, 0.1097, 0.0441, 0.0390, 0.0324, 0.0265],
        [0.0866, 0.0859, 0.0805, 0.0768, 0.0565, 0.0373],
        [0.2019, 0.1477, 0.0519, 0.0482, 0.0238, 0.0229],
        [0.1134, 0.0914, 0.0723, 0.0477, 0.0334, 0.0330],
        [0.1306, 0.0497, 0.0481, 0.0446, 0.0432, 0.0426],
        [0.1098, 0.1070, 0.0624, 0.0606, 0.0376, 0.0346],
        [0.1953, 0.1439, 0.0415, 0.0404, 0.0345, 0.0318],
        [0.1350, 0.0673, 0.0568, 0.0498, 0.0452, 0.0358],
        [0.2798, 0.1419, 0.0810, 0.0527, 0.0320, 0.0241],
        [0.1216, 0.0926, 0.0913, 0.0862, 0.0370, 0.0338],
        [0.1734, 0.1363, 0.0686, 0.0421, 0.0363, 0.0354],
        [0.1391, 0.1253, 0.0925, 0.0310, 0.0298, 0.0280],
        [0.1555, 0.0888, 0.0764, 0.0576, 0.0473, 0.0423],
        [0.1913, 0.1660, 0.1068, 0.0899, 0.0448, 0.0219],
        [0.1509, 0.0888, 0.0868, 0.0663, 0.0408, 0.0267],
        [0.1929, 0.0656, 0.0606, 0.0554, 0.0547, 0.0397],
        [0.1242, 0.1018, 0.0650, 0.0564, 0.0408, 0.0369],
        [0.1870, 0.1313, 0.1092, 0.0679, 0.0334, 0.0284],
        [0.2789, 0.2324, 0.1076, 0.0494, 0.0359, 0.0197],
        [0.0954, 0.0821, 0.0688, 0.0606, 0.0601, 0.0504],
        [0.3254, 0.0902, 0.0847, 0.0607, 0.0555, 0.0244],
        [0.2810, 0.1591, 0.0597, 0.0470, 0.0403, 0.0393],
        [0.1051, 0.1049, 0.0848, 0.0506, 0.0458, 0.0363],
        [0.1599, 0.0753, 0.0729, 0.0600, 0.0493, 0.0355],
        [0.1564, 0.1264, 0.0649, 0.0546, 0.0344, 0.0327],
        [0.2308, 0.2216, 0.0571, 0.0421, 0.0376, 0.0373],
        [0.1053, 0.0650, 0.0650, 0.0627, 0.0543, 0.0407],
        [0.1676, 0.1328, 0.1114, 0.0460, 0.0435, 0.0263],
        [0.0802, 0.0769, 0.0687, 0.0503, 0.0398, 0.0368],
        [0.2322, 0.0739, 0.0723, 0.0597, 0.0595, 0.0565],
        [0.1783, 0.0943, 0.0852, 0.0841, 0.0764, 0.0417],
        [0.1662, 0.1612, 0.0607, 0.0509, 0.0389, 0.0355],
        [0.1151, 0.1063, 0.0918, 0.0863, 0.0689, 0.0640],
        [0.1107, 0.0728, 0.0546, 0.0413, 0.0373, 0.0322],
        [0.2282, 0.0665, 0.0549, 0.0515, 0.0470, 0.0384],
        [0.1926, 0.1318, 0.0818, 0.0671, 0.0604, 0.0425],
        [0.1248, 0.0771, 0.0748, 0.0698, 0.0340, 0.0290],
        [0.0866, 0.0693, 0.0675, 0.0482, 0.0399, 0.0386],
        [0.0944, 0.0682, 0.0611, 0.0479, 0.0403, 0.0351]])

----------------indices-----------------
torch.Size([64, 6])
tensor([[12, 61,  3,  6,  9, 10],
        [ 1, 61, 12, 58, 35,  3],
        [48, 18, 17, 39, 19, 14],
        [55, 23, 17, 16, 32, 22],
        [ 7,  6, 11, 38, 19, 51],
        [36, 56, 52, 42, 62, 55],
        [28, 19, 55, 50, 26, 42],
        [ 1, 57, 16, 20,  3, 27],
        [17, 59, 43, 49, 30, 35],
        [47,  4, 27, 24, 17, 42],
        [16,  2, 31,  0,  5,  7],
        [61, 54,  9, 23, 31,  2],
        [59, 53, 11, 10, 45, 55],
        [10, 17, 25, 16, 59, 53],
        [ 0, 16,  7, 47, 43, 17],
        [27, 31, 42, 47, 57,  4],
        [17, 27, 25, 10,  7, 16],
        [44,  8, 49, 26, 13, 35],
        [ 1, 61, 58, 19,  3, 47],
        [ 3,  1, 19, 61,  6, 31],
        [28, 36, 19, 12, 52, 58],
        [13, 43, 37, 44, 49, 30],
        [51, 53, 13, 59, 45, 44],
        [45, 10, 59, 15, 53, 11],
        [54, 34, 23, 12, 51, 29],
        [17, 35, 48, 43, 25, 61],
        [ 9,  4, 54, 29, 23, 53],
        [20, 52, 36, 57,  9, 24],
        [30, 15, 26, 37, 52, 38],
        [61,  3,  1, 57, 22, 23],
        [54, 23,  4, 29,  7, 46],
        [28, 36, 19, 50, 56, 40],
        [58, 40, 39,  3,  8, 59],
        [22, 16, 39,  6, 57, 36],
        [ 3,  2, 10,  0, 21, 16],
        [62, 37, 30, 50, 52, 26],
        [25,  3, 61, 16, 15, 10],
        [40, 45, 53,  8, 58, 59],
        [40, 28, 19, 35, 44, 49],
        [ 2, 21, 14, 31,  3, 16],
        [19, 38, 50, 35, 36,  8],
        [31,  0,  2,  5, 21,  3],
        [ 9, 21,  2, 24, 33, 18],
        [ 6,  7, 46, 11, 38, 12],
        [58,  0, 31, 45, 57,  6],
        [31,  2, 32, 55,  9, 56],
        [12, 46, 53,  6, 38, 34],
        [43, 59, 30, 15, 49,  8],
        [16,  6, 21, 22,  0, 48],
        [38,  5, 22,  2, 10, 37],
        [42, 40, 15, 60,  3, 44],
        [39,  6, 25, 22, 47, 16],
        [27, 57,  3, 16, 42, 61],
        [20, 52, 28, 11, 14,  8],
        [62, 30,  8, 29, 16, 37],
        [30, 37, 62,  8, 50, 49],
        [57, 27, 16,  3, 42, 39],
        [20, 39, 43, 48,  6, 17],
        [30, 37, 36, 20, 62,  8],
        [49, 40, 58, 43, 28, 35],
        [39, 35, 14, 18, 46, 48],
        [34, 31, 53, 46, 32, 44],
        [18, 19,  6,  0, 39, 24],
        [20, 14, 35,  6, 17,  2]])
