PIM Expert Operations - Total Cycles
Decoder-BS64/5th/pim/9
Note: 2 activation movements (fc1 and fc2)
BS16 - Activation divider: 128

--- Activation Movements ---
layer0.ffn.activation_movement_2: 1118 cycles
layer0.ffn.activation_movement_1: 1124 cycles
Total activation movement cycles: 2242
----------------------------

================================================================================
 Expert Number  fc1  gelu  fc2  total compute
             1 2865    29 2851           5745
             2 2866    43 2865           5774
             3 2866    30 2851           5747
             5 2865    42 2865           5772
             6 2884    28 2854           5766
             7 2865    42 2865           5772
             8 3042    28 2836           5906
            10 2865    43 2865           5773
            11 3064    29 2851           5944
            12 2846    43 2865           5754
            13 3060    31 2851           5942
            14 2865    43 2854           5762
            15 3054    28 2851           5933
            16 2865    44 2865           5774
            18 3042    30 2851           5923
            19 2865    43 2865           5773
            20 3044    28 2851           5923
            21 2865    42 2854           5761
            22 3009    42 2865           5916
            23 2865    42 2850           5757
            25 3073    29 2851           5953
            26 2865    12 2854           5731
            27 3086    29 2836           5951
            28 2836    43 2865           5744
            29 3089    30 2851           5970
            30 2865    42 2865           5772
            31 3045    30 2851           5926
            33 2865    43 2865           5773
            35 3040    28 2851           5919
            36 2865    42 2865           5772
            37 3033    28 2836           5897
            38 2866    43 2865           5774
            39 3073    28 2851           5952
            41 2865    42 2854           5761
            42 3054    42 2865           5961
            43 5681   273 5667          11621
            44 2865    42 2854           5761
            45 3106    29 2851           5986
            48 2866    44 2865           5775
            50 3042    28 2851           5921
            52 5681   298 5681          11660
            53 2865    44 2865           5774
            54 3074    29 2851           5954
            55 2865    42 2854           5761
            56 3061    29 2851           5941
            58 2865    42 2865           5772
            60 3044    31 2851           5926
            61 2866    45 2865           5776
            62 3037    28 2851           5916