============================================================
METADATA (3Rd token of each sequence)
============================================================
Model: flame-moe-290m
Run ID: 31066
Epoch: 5473
Layer: 13
Token Position: 2 (3rd)
Shards processed: 0-0.pt, 0-1.pt
Total sequences: 64
Sequence length: 512
============================================================

----------------samples-----------------
torch.Size([64])
tensor([  342,  1175, 23437,   651,   984,   626,   187, 19626,    15,   309,
        50276,   187, 30972,  5268,  1539,  1918, 12917,  4477,    32,  1294,
          247,    13,  1379, 11752,    35,  1916, 10756, 13742,  1669,  1774,
         1669,   643,   327,   320,   380,   255, 10571,   457,   368,   273,
          187,   310,   187,   253, 19887,   368,  3277,   323, 22165,   320,
         1735,  1780,   326,  1060,   369,  1973,   594,   566,   984,  8264,
        22078,  5323,   273,  1978])

-----------------scores-----------------
torch.Size([64, 6])
tensor([[0.2333, 0.0632, 0.0599, 0.0468, 0.0452, 0.0337],
        [0.0980, 0.0706, 0.0616, 0.0577, 0.0504, 0.0459],
        [0.1592, 0.1357, 0.0622, 0.0604, 0.0566, 0.0366],
        [0.1499, 0.0974, 0.0557, 0.0534, 0.0448, 0.0425],
        [0.2385, 0.1349, 0.0560, 0.0289, 0.0270, 0.0267],
        [0.1003, 0.0799, 0.0774, 0.0522, 0.0350, 0.0257],
        [0.2086, 0.1042, 0.1003, 0.0693, 0.0520, 0.0499],
        [0.1535, 0.0973, 0.0455, 0.0429, 0.0414, 0.0396],
        [0.1402, 0.1096, 0.1038, 0.0523, 0.0457, 0.0394],
        [0.0882, 0.0514, 0.0512, 0.0498, 0.0344, 0.0331],
        [0.1194, 0.0981, 0.0700, 0.0531, 0.0516, 0.0495],
        [0.1624, 0.1458, 0.0962, 0.0807, 0.0555, 0.0469],
        [0.1961, 0.0737, 0.0631, 0.0519, 0.0484, 0.0385],
        [0.1371, 0.0616, 0.0455, 0.0424, 0.0402, 0.0384],
        [0.1950, 0.1907, 0.0733, 0.0722, 0.0625, 0.0478],
        [0.0708, 0.0674, 0.0617, 0.0507, 0.0381, 0.0353],
        [0.5339, 0.1506, 0.0441, 0.0357, 0.0322, 0.0205],
        [0.1013, 0.0877, 0.0530, 0.0410, 0.0351, 0.0313],
        [0.1000, 0.0725, 0.0592, 0.0372, 0.0359, 0.0341],
        [0.1808, 0.0722, 0.0556, 0.0552, 0.0420, 0.0331],
        [0.0998, 0.0654, 0.0577, 0.0521, 0.0473, 0.0468],
        [0.1083, 0.0748, 0.0551, 0.0456, 0.0434, 0.0365],
        [0.0974, 0.0571, 0.0419, 0.0416, 0.0386, 0.0360],
        [0.0801, 0.0617, 0.0467, 0.0454, 0.0432, 0.0425],
        [0.1428, 0.1400, 0.0801, 0.0535, 0.0535, 0.0503],
        [0.1148, 0.0767, 0.0463, 0.0416, 0.0314, 0.0312],
        [0.0865, 0.0860, 0.0652, 0.0446, 0.0412, 0.0363],
        [0.1450, 0.0997, 0.0561, 0.0357, 0.0288, 0.0287],
        [0.1239, 0.0937, 0.0844, 0.0595, 0.0450, 0.0363],
        [0.1648, 0.1142, 0.0650, 0.0293, 0.0272, 0.0271],
        [0.1347, 0.0620, 0.0484, 0.0423, 0.0382, 0.0374],
        [0.1067, 0.0801, 0.0694, 0.0474, 0.0349, 0.0304],
        [0.2225, 0.1181, 0.0446, 0.0420, 0.0382, 0.0264],
        [0.1814, 0.0685, 0.0494, 0.0490, 0.0423, 0.0402],
        [0.0734, 0.0591, 0.0587, 0.0540, 0.0517, 0.0421],
        [0.2159, 0.0886, 0.0687, 0.0378, 0.0310, 0.0247],
        [0.2001, 0.1048, 0.0707, 0.0608, 0.0405, 0.0402],
        [0.1582, 0.1464, 0.0974, 0.0609, 0.0494, 0.0276],
        [0.0863, 0.0734, 0.0578, 0.0477, 0.0424, 0.0381],
        [0.1146, 0.0490, 0.0426, 0.0399, 0.0366, 0.0304],
        [0.0618, 0.0586, 0.0433, 0.0419, 0.0317, 0.0294],
        [0.1704, 0.0944, 0.0436, 0.0343, 0.0327, 0.0303],
        [0.2084, 0.0494, 0.0367, 0.0346, 0.0298, 0.0285],
        [0.3675, 0.1197, 0.0432, 0.0407, 0.0327, 0.0268],
        [0.0905, 0.0622, 0.0553, 0.0508, 0.0446, 0.0439],
        [0.0988, 0.0753, 0.0726, 0.0623, 0.0575, 0.0471],
        [0.1186, 0.0847, 0.0595, 0.0418, 0.0408, 0.0363],
        [0.0797, 0.0430, 0.0422, 0.0420, 0.0355, 0.0338],
        [0.2310, 0.1214, 0.0650, 0.0307, 0.0260, 0.0257],
        [0.1011, 0.0735, 0.0475, 0.0364, 0.0351, 0.0345],
        [0.1760, 0.1314, 0.0665, 0.0446, 0.0396, 0.0325],
        [0.1164, 0.0669, 0.0488, 0.0456, 0.0419, 0.0347],
        [0.1048, 0.0476, 0.0474, 0.0451, 0.0323, 0.0275],
        [0.2108, 0.1788, 0.0486, 0.0405, 0.0253, 0.0244],
        [0.0620, 0.0596, 0.0546, 0.0533, 0.0522, 0.0457],
        [0.2833, 0.2682, 0.0587, 0.0379, 0.0254, 0.0207],
        [0.3381, 0.1145, 0.0322, 0.0257, 0.0247, 0.0233],
        [0.1965, 0.0971, 0.0829, 0.0631, 0.0589, 0.0419],
        [0.0745, 0.0742, 0.0536, 0.0532, 0.0500, 0.0448],
        [0.1756, 0.0677, 0.0634, 0.0463, 0.0374, 0.0366],
        [0.1929, 0.0602, 0.0581, 0.0547, 0.0470, 0.0464],
        [0.4457, 0.0645, 0.0412, 0.0348, 0.0289, 0.0274],
        [0.1055, 0.0626, 0.0412, 0.0374, 0.0317, 0.0308],
        [0.1284, 0.1135, 0.1105, 0.0638, 0.0498, 0.0426]])

----------------indices-----------------
torch.Size([64, 6])
tensor([[58, 42, 62, 30,  4, 47],
        [43, 60,  1, 49, 29, 33],
        [58, 12, 35, 57, 32, 30],
        [18,  7, 21, 26, 39, 56],
        [ 9,  0, 59, 12,  4, 25],
        [16, 33, 59, 19,  5, 21],
        [37, 42, 63, 40, 23, 44],
        [54, 18, 21, 26, 27,  7],
        [44, 42, 23,  4, 37, 20],
        [60, 49, 38, 15,  3, 35],
        [30, 15, 19, 31, 58,  2],
        [40, 48, 22, 63, 25, 44],
        [25, 37, 48, 42, 44, 56],
        [53, 39, 25, 23, 54, 55],
        [29, 40, 43, 22, 14, 56],
        [48, 37, 18, 24,  5, 25],
        [26, 20, 18, 44,  8, 48],
        [12, 11, 39, 46, 16, 24],
        [39, 12, 11, 16, 46,  6],
        [25, 54, 53,  7, 26, 21],
        [25, 48, 14, 51, 43, 37],
        [54, 53, 26, 51, 11, 36],
        [39, 11, 46, 51, 12, 16],
        [18, 39,  6, 59, 10, 27],
        [50, 20, 37, 26, 42,  8],
        [ 6, 27, 33, 29,  8, 40],
        [48, 18, 62,  6, 37,  1],
        [37, 18, 48, 60,  8, 25],
        [18, 48, 20, 28, 25, 10],
        [51, 22, 37,  9, 56, 17],
        [43, 14, 19, 22,  3, 30],
        [45, 17, 61, 51, 23,  0],
        [58, 30, 47, 12,  4, 20],
        [56, 25, 38, 26,  7, 53],
        [51, 11, 56, 45, 16, 25],
        [ 2, 54, 35,  3, 36, 55],
        [48, 27, 37, 52, 25, 38],
        [14, 60, 62, 53, 35,  7],
        [11, 45, 24, 34, 17, 41],
        [13, 60, 11, 50, 45, 33],
        [36, 60, 45, 43, 50, 40],
        [52,  4, 28, 50, 41, 62],
        [55, 54, 46, 17, 50, 16],
        [40, 29, 41, 14, 15, 63],
        [52, 50, 23, 27,  1, 14],
        [57, 13,  3, 12, 30, 58],
        [27, 16, 14, 59,  6, 50],
        [39, 45, 11, 16, 50,  5],
        [30, 47, 58, 32,  3, 43],
        [14, 53,  5, 17, 38,  0],
        [62, 20, 52, 13,  4, 38],
        [63,  7, 14, 40, 61, 13],
        [ 0, 24,  3, 15, 49, 38],
        [25, 53, 11, 13,  6, 23],
        [53,  6, 33, 54, 13, 25],
        [41, 40, 63, 62, 37, 23],
        [35, 43, 55,  9, 17, 63],
        [63, 37, 13, 22,  4, 23],
        [54, 21, 57,  7,  3, 61],
        [17, 12, 61, 32, 26, 24],
        [11, 59, 13, 21, 19, 31],
        [25, 53, 17, 11, 26, 38],
        [36, 31, 35, 30,  3, 46],
        [18, 46,  9, 31,  6, 53]])
