PIM Expert Operations - Total Cycles
Decoder-BS64/8th/pim/4
Note: 2 activation movements (fc1 and fc2)
BS16 - Activation divider: 128

--- Activation Movements ---
layer0.ffn.activation_movement_2: 1118 cycles
layer0.ffn.activation_movement_1: 1124 cycles
Total activation movement cycles: 2242
----------------------------

================================================================================
 Expert Number  fc1  gelu  fc2  total compute
             1 5681    46 5682          11409
             2 2865    31 2851           5747
             3 2865    43 2865           5773
             5 2998    29 2851           5878
             6 2865    43 2865           5773
             7 3045    28 2851           5924
            10 2865    43 2865           5773
            11 3042    28 2836           5906
            13 2865    42 2865           5772
            14 3063    28 2836           5927
            15 2866    12 2850           5728
            16 3104    28 2836           5968
            17 2865    45 2865           5775
            18 3051    42 2854           5947
            19 2865    42 2865           5772
            20 3009    28 2836           5873
            21 2836    43 2865           5744
            22 3087    29 2851           5967
            23 2842    42 2854           5738
            24 3080    29 2851           5960
            25 2865    42 2865           5772
            26 3065    28 2836           5929
            28 2865    42 2865           5772
            30 3012    12 2836           5860
            32 2836    44 2865           5745
            35 2836    28 2851           5715
            36 2846    12 2854           5712
            37 2836    43 2865           5744
            38 2865    44 2865           5774
            41 2851    45 2865           5761
            42 5681    46 5681          11408
            43 2865   233 2865           5963
            44 2851    43 2865           5759
            45 2865   208 2865           5938
            46 2851    44 2865           5760
            47 2865   206 2866           5937
            48 2851    42 2865           5758
            49 2865   207 2855           5927
            50 2852    42 2850           5744
            51 2865   236 2865           5966
            52 2851    43 2854           5748
            56 2854   228 2865           5947
            58 2865    44 2865           5774
            59 5682    46 5681          11409
            60 2865    28 2851           5744
            62 2865    44 2865           5774
            63 2865    30 2851           5746