============================================================
METADATA (2Nd token of each sequence)
============================================================
Model: flame-moe-290m
Run ID: 31066
Epoch: 5473
Layer: 5
Token Position: 1 (2nd)
Shards processed: 0-0.pt, 0-1.pt
Total sequences: 64
Sequence length: 512
============================================================

----------------samples-----------------
torch.Size([64])
tensor([ 3206,   690,   390,   309,  2285,  2506,   187,  6424,  3305,    15,
          187,  1664,   275,   253,    41,    13,     8,  3808,  7123, 37502,
          670,  6122,   812, 50274,  4632,    15,  4588,   253,   253,   625,
          575,   690,   564,  1833,    15, 20365, 37616,   368,  4483,   897,
           15,  4668,    15,   342,   763, 11678, 16541,    28, 24320,   476,
          564,  1676,   584,  1386,  1659,  1335,  1244,  7675,   479,   253,
        22096,  9556,  4062,   281])

-----------------scores-----------------
torch.Size([64, 6])
tensor([[0.0627, 0.0491, 0.0405, 0.0312, 0.0298, 0.0294],
        [0.1213, 0.0740, 0.0708, 0.0547, 0.0315, 0.0217],
        [0.2082, 0.1369, 0.1337, 0.0907, 0.0470, 0.0277],
        [0.2005, 0.0868, 0.0689, 0.0427, 0.0301, 0.0288],
        [0.1208, 0.1010, 0.0882, 0.0719, 0.0390, 0.0352],
        [0.0973, 0.0689, 0.0659, 0.0516, 0.0429, 0.0394],
        [0.2677, 0.0601, 0.0571, 0.0563, 0.0512, 0.0484],
        [0.3837, 0.1113, 0.0989, 0.0494, 0.0385, 0.0341],
        [0.1358, 0.1291, 0.0954, 0.0848, 0.0590, 0.0359],
        [0.1740, 0.0935, 0.0792, 0.0720, 0.0662, 0.0430],
        [0.1128, 0.0981, 0.0515, 0.0469, 0.0459, 0.0378],
        [0.1916, 0.0755, 0.0586, 0.0501, 0.0469, 0.0274],
        [0.1870, 0.1180, 0.0989, 0.0581, 0.0536, 0.0514],
        [0.1988, 0.1141, 0.0717, 0.0448, 0.0420, 0.0353],
        [0.1688, 0.0935, 0.0694, 0.0601, 0.0564, 0.0557],
        [0.1566, 0.1085, 0.0544, 0.0353, 0.0312, 0.0306],
        [0.0825, 0.0625, 0.0508, 0.0491, 0.0381, 0.0309],
        [0.1551, 0.1012, 0.0578, 0.0435, 0.0430, 0.0382],
        [0.2326, 0.0681, 0.0649, 0.0649, 0.0507, 0.0352],
        [0.1068, 0.0927, 0.0821, 0.0401, 0.0365, 0.0365],
        [0.1648, 0.1087, 0.0523, 0.0475, 0.0414, 0.0389],
        [0.1330, 0.1209, 0.0640, 0.0594, 0.0440, 0.0353],
        [0.1100, 0.0797, 0.0689, 0.0637, 0.0632, 0.0565],
        [0.0971, 0.0556, 0.0551, 0.0432, 0.0395, 0.0381],
        [0.2617, 0.0996, 0.0491, 0.0277, 0.0249, 0.0230],
        [0.2453, 0.0989, 0.0729, 0.0516, 0.0464, 0.0392],
        [0.0743, 0.0584, 0.0507, 0.0387, 0.0376, 0.0318],
        [0.1236, 0.1160, 0.1157, 0.0807, 0.0300, 0.0297],
        [0.1511, 0.1407, 0.0360, 0.0311, 0.0310, 0.0303],
        [0.1351, 0.0690, 0.0425, 0.0405, 0.0371, 0.0363],
        [0.1388, 0.1166, 0.0855, 0.0642, 0.0282, 0.0269],
        [0.2487, 0.0743, 0.0681, 0.0601, 0.0600, 0.0575],
        [0.0760, 0.0423, 0.0391, 0.0316, 0.0303, 0.0288],
        [0.1577, 0.1324, 0.0866, 0.0694, 0.0593, 0.0439],
        [0.0991, 0.0556, 0.0502, 0.0426, 0.0375, 0.0350],
        [0.1212, 0.0934, 0.0715, 0.0606, 0.0511, 0.0396],
        [0.1408, 0.0685, 0.0514, 0.0368, 0.0342, 0.0310],
        [0.1363, 0.0887, 0.0391, 0.0387, 0.0386, 0.0381],
        [0.6957, 0.0292, 0.0268, 0.0165, 0.0130, 0.0130],
        [0.2030, 0.0991, 0.0327, 0.0323, 0.0302, 0.0285],
        [0.1688, 0.0918, 0.0735, 0.0677, 0.0433, 0.0289],
        [0.1093, 0.0747, 0.0707, 0.0669, 0.0516, 0.0464],
        [0.2135, 0.1116, 0.0508, 0.0399, 0.0306, 0.0303],
        [0.1419, 0.1408, 0.1006, 0.0314, 0.0301, 0.0279],
        [0.2390, 0.0596, 0.0411, 0.0368, 0.0304, 0.0281],
        [0.2915, 0.0656, 0.0530, 0.0356, 0.0333, 0.0249],
        [0.0807, 0.0674, 0.0598, 0.0507, 0.0484, 0.0435],
        [0.1283, 0.1277, 0.1227, 0.0899, 0.0857, 0.0376],
        [0.1254, 0.0834, 0.0654, 0.0582, 0.0501, 0.0439],
        [0.2343, 0.0388, 0.0380, 0.0368, 0.0358, 0.0357],
        [0.7108, 0.0430, 0.0166, 0.0156, 0.0148, 0.0121],
        [0.2039, 0.1494, 0.1369, 0.0532, 0.0514, 0.0483],
        [0.1192, 0.1065, 0.0788, 0.0572, 0.0532, 0.0481],
        [0.1102, 0.0984, 0.0657, 0.0381, 0.0324, 0.0300],
        [0.1241, 0.1229, 0.0886, 0.0615, 0.0501, 0.0469],
        [0.0682, 0.0494, 0.0482, 0.0462, 0.0410, 0.0399],
        [0.1483, 0.0707, 0.0620, 0.0595, 0.0391, 0.0342],
        [0.1369, 0.0714, 0.0456, 0.0366, 0.0331, 0.0323],
        [0.1406, 0.1068, 0.0661, 0.0576, 0.0399, 0.0386],
        [0.2276, 0.1295, 0.1271, 0.0474, 0.0406, 0.0278],
        [0.1252, 0.1230, 0.1039, 0.0437, 0.0321, 0.0223],
        [0.2852, 0.0695, 0.0588, 0.0454, 0.0420, 0.0357],
        [0.1374, 0.1167, 0.0746, 0.0733, 0.0654, 0.0644],
        [0.1428, 0.0682, 0.0541, 0.0484, 0.0462, 0.0448]])

----------------indices-----------------
torch.Size([64, 6])
tensor([[58, 48, 14, 46, 38, 22],
        [39, 45, 54, 46,  8, 48],
        [49, 57, 36, 33,  3, 29],
        [ 9,  8, 31, 45, 34, 41],
        [36, 54,  2,  3,  9, 58],
        [45, 39, 46, 11, 25, 54],
        [42,  4, 37, 44, 62, 38],
        [20, 26, 62, 48, 13, 25],
        [42, 63, 15,  4, 35, 47],
        [12, 50, 32, 58, 57, 33],
        [37, 48, 20, 27, 19, 10],
        [59, 16, 34, 19,  5, 18],
        [44, 20, 25, 26, 62, 38],
        [34,  9, 31,  7, 46, 45],
        [40, 44, 10, 27, 48, 37],
        [36, 60,  2, 11,  3, 29],
        [45, 46,  9, 51, 56, 39],
        [31, 59, 16, 19,  9, 33],
        [53, 22, 63,  4, 49, 35],
        [37, 59, 27, 39, 20, 19],
        [62, 20, 28,  4, 23, 44],
        [59, 31, 19, 16, 36, 33],
        [20, 10, 43, 44, 48, 13],
        [39, 45,  1, 54, 23, 50],
        [22, 60, 34, 13,  7,  5],
        [20, 48,  1, 28, 50, 23],
        [46, 45, 39,  7, 25, 23],
        [48, 37, 20, 18, 34, 60],
        [36, 60,  2, 54, 53, 29],
        [ 9, 49,  3,  0, 32, 37],
        [ 7, 63, 40, 44, 55, 34],
        [20, 44, 62, 50, 48, 26],
        [48, 58, 31,  9, 46, 51],
        [ 1, 50, 51, 10, 23,  8],
        [16,  5, 59,  9, 31, 19],
        [14, 53, 10, 40,  0, 17],
        [ 0, 53, 61, 31,  9, 19],
        [55,  9, 25,  7, 45, 34],
        [25, 38, 53, 23,  7, 26],
        [55, 34,  7, 60,  8, 28],
        [31, 19, 15, 59,  9,  6],
        [19, 33, 16, 39, 59,  5],
        [27, 10, 48, 42, 38, 37],
        [59, 31, 16, 18, 19, 54],
        [22, 14, 39,  1, 10,  0],
        [55, 46,  9, 34, 54, 49],
        [ 0, 32, 12,  9,  3, 22],
        [30, 58, 15, 13,  2, 47],
        [19, 33, 16,  5, 39, 59],
        [14, 32, 30, 47, 52, 58],
        [25,  7, 18, 53, 26, 21],
        [40, 29, 41, 62,  4, 44],
        [52, 49, 42, 27,  4, 15],
        [ 0, 10, 34, 17, 18, 16],
        [16, 19, 31,  5,  9, 59],
        [ 9, 14, 22, 40, 63,  8],
        [30, 35, 47, 55, 32,  2],
        [13, 57, 16, 61, 18, 23],
        [34, 13, 16, 59, 31,  7],
        [27, 38, 49, 62,  4, 52],
        [32, 58, 30, 47,  0, 49],
        [62, 44, 52, 20, 34, 63],
        [26, 42, 20,  4, 44, 25],
        [18,  7, 21, 50, 26,  1]])
