PIM Expert Operations - Total Cycles
Decoder-BS64/2nd/pim/9
Note: 2 activation movements (fc1 and fc2)
BS16 - Activation divider: 128

--- Activation Movements ---
layer0.ffn.activation_movement_2: 1118 cycles
layer0.ffn.activation_movement_1: 1124 cycles
Total activation movement cycles: 2242
----------------------------

================================================================================
 Expert Number  fc1  gelu  fc2  total compute
             0 2865    30 2852           5747
             2 5681    46 5681          11408
             3 2865    44 2865           5774
             4 2998    29 2851           5878
             5 2865    42 2854           5761
             6 3057    28 2851           5936
             7 2835    42 2865           5742
            10 3074    29 2851           5954
            11 2865    43 2865           5773
            12 3026    31 2851           5908
            13 2865    44 2865           5774
            14 3059    28 2836           5923
            16 2865    42 2865           5772
            17 3058    42 2854           5954
            19 2865    42 2850           5757
            20 3039    28 2836           5903
            21 2865    44 2865           5774
            22 3030    12 2851           5893
            23 2835    44 2865           5744
            24 3122    28 2851           6001
            25 2865    45 2865           5775
            26 3040    30 2852           5922
            27 2865    43 2854           5762
            28 3054    29 2836           5919
            29 2866    44 2866           5776
            30 3056    30 2851           5937
            33 2865    42 2866           5773
            34 3040    28 2851           5919
            35 5681   300 5681          11662
            36 5681    46 5925          11652
            37 2865    42 2854           5761
            38 3138    28 2851           6017
            40 2865    43 2854           5762
            41 3051    28 2851           5930
            43 2866    42 2854           5762
            44 3056    29 2851           5936
            46 2866    43 2865           5774
            47 3023    28 2851           5902
            49 2835    44 2865           5744
            50 3096    28 2836           5960
            51 2865    42 2865           5772
            52 3039    30 2851           5920
            54 2865    44 2865           5774
            55 3063    28 2851           5942
            56 2865    42 2854           5761
            61 3054    29 2851           5934
            63 2836    42 2865           5743