Expert Operations - Total Cycles
================================================================================
 Expert Number  param_load  fc1  gelu  fc2  total compute
             0      353536 1178   105 1178           2461
             1      353600 1802   159 1801           3762
             2      353536 1801   158 1802           3761
             3      353536 2618   224 2618           5460
             4      353536 2137   184 2138           4459
             5      353600 2905   251 2905           6061
             6      353600 2329   200 2330           4859
             7      353536 2569   221 2570           5360
             8      353600 1562   138 1562           3262
             9      353536 2138   187 2138           4463
            10      353536 2665   231 2665           5561
            11      353536 2473   213 2474           5160
            12      353536 2329   200 2329           4858
            13      353536 2714   233 2714           5661
            14      353536 3098   267 3098           6463
            15      353536 1898   167 1897           3962
            16      353536 2377   206 2378           4961
            17      353536 2137   186 2138           4461
            18      353536 3193   272 3193           6658
            19      353536 1802   158 1802           3762
            20      353536 3097   266 3098           6461
            21      353536 2617   224 2618           5459
            22      353536 2521   216 2522           5259
            23      353536 3097   265 3097           6459
            24      353536 2378   206 2378           4962
            25      353536 3193   275 3194           6662
            26      353536 2425   208 2426           5059
            27      353536 2521   216 2521           5258
            28      353536 2232   194 2234           4660
            29      353536 1705   151 1706           3562
            30      353536 2042   176 2042           4260
            31      353600 2713   232 2714           5659
            32      353600 2329   201 2330           4860
            33      353536 2329   203 2330           4862
            34      353536 2041   177 2042           4260
            35      353536 2185   191 2186           4562
            36      353536 2377   204 2377           4958
            37      353536 2329   203 2330           4862
            38      353536 2089   183 2089           4361
            39      353600 2713   233 2714           5660
            40      353536 2809   241 2810           5860
            41      353536 2473   212 2474           5159
            42      353536 1561   138 1562           3261
            43      353536 1945   168 1946           4059
            44      353536 2329   202 2329           4860
            45      353536  937    84  938           1959
            46      353536 2713   235 2714           5662
            47      353536 2569   222 2569           5360
            48      353536 2473   214 2474           5161
            49      353536 2665   229 2666           5560
            50      353536 3337   286 3338           6961
            51      353536 2713   233 2714           5660
            52      353536  697    66  698           1461
            53      353536 2089   181 2089           4359
            54      353536 2666   229 2665           5560
            55      353536 1897   165 1898           3960
            56      353536 2425   210 2426           5061
            57      353536 3338   285 3337           6960
            58      353536 2569   221 2570           5360
            59      353536 2617   227 2618           5462
            60      353536 2329   200 2330           4859
            61      353536 1321   119 1321           2761
            62      353536 2329   200 2330           4859
            63      353536 2810   241 2810           5861