============================================================
METADATA (2Nd token of each sequence)
============================================================
Model: flame-moe-290m
Run ID: 31066
Epoch: 5473
Layer: 2
Token Position: 1 (2nd)
Shards processed: 0-0.pt, 0-1.pt
Total sequences: 64
Sequence length: 512
============================================================

----------------samples-----------------
torch.Size([64])
tensor([ 3206,   690,   390,   309,  2285,  2506,   187,  6424,  3305,    15,
          187,  1664,   275,   253,    41,    13,     8,  3808,  7123, 37502,
          670,  6122,   812, 50274,  4632,    15,  4588,   253,   253,   625,
          575,   690,   564,  1833,    15, 20365, 37616,   368,  4483,   897,
           15,  4668,    15,   342,   763, 11678, 16541,    28, 24320,   476,
          564,  1676,   584,  1386,  1659,  1335,  1244,  7675,   479,   253,
        22096,  9556,  4062,   281])

-----------------scores-----------------
torch.Size([64, 6])
tensor([[0.0684, 0.0505, 0.0370, 0.0314, 0.0305, 0.0301],
        [0.0205, 0.0197, 0.0195, 0.0191, 0.0189, 0.0183],
        [0.0218, 0.0207, 0.0201, 0.0200, 0.0200, 0.0193],
        [0.0210, 0.0209, 0.0185, 0.0183, 0.0181, 0.0180],
        [0.0332, 0.0246, 0.0202, 0.0199, 0.0193, 0.0190],
        [0.0192, 0.0184, 0.0183, 0.0180, 0.0179, 0.0179],
        [0.0385, 0.0329, 0.0298, 0.0256, 0.0239, 0.0239],
        [0.0397, 0.0333, 0.0303, 0.0228, 0.0207, 0.0206],
        [0.0311, 0.0306, 0.0268, 0.0265, 0.0261, 0.0248],
        [0.0476, 0.0273, 0.0253, 0.0227, 0.0226, 0.0220],
        [0.0522, 0.0367, 0.0272, 0.0266, 0.0256, 0.0224],
        [0.0261, 0.0222, 0.0222, 0.0212, 0.0210, 0.0198],
        [0.0405, 0.0372, 0.0350, 0.0275, 0.0266, 0.0264],
        [0.0211, 0.0204, 0.0196, 0.0196, 0.0193, 0.0189],
        [0.0253, 0.0240, 0.0234, 0.0223, 0.0218, 0.0216],
        [0.0225, 0.0225, 0.0216, 0.0205, 0.0196, 0.0189],
        [0.0231, 0.0198, 0.0184, 0.0184, 0.0182, 0.0182],
        [0.0331, 0.0290, 0.0237, 0.0224, 0.0223, 0.0213],
        [0.0394, 0.0368, 0.0280, 0.0257, 0.0236, 0.0230],
        [0.0498, 0.0374, 0.0268, 0.0252, 0.0248, 0.0226],
        [0.0589, 0.0367, 0.0339, 0.0302, 0.0292, 0.0248],
        [0.0232, 0.0212, 0.0211, 0.0208, 0.0206, 0.0205],
        [0.0673, 0.0357, 0.0257, 0.0246, 0.0226, 0.0218],
        [0.0191, 0.0186, 0.0185, 0.0182, 0.0178, 0.0174],
        [0.0237, 0.0220, 0.0210, 0.0198, 0.0197, 0.0195],
        [0.0274, 0.0218, 0.0207, 0.0206, 0.0204, 0.0200],
        [0.0194, 0.0184, 0.0184, 0.0180, 0.0177, 0.0177],
        [0.0554, 0.0517, 0.0426, 0.0424, 0.0392, 0.0313],
        [0.0222, 0.0212, 0.0208, 0.0206, 0.0202, 0.0202],
        [0.0436, 0.0286, 0.0232, 0.0225, 0.0216, 0.0214],
        [0.0221, 0.0211, 0.0210, 0.0206, 0.0205, 0.0201],
        [0.0278, 0.0270, 0.0257, 0.0244, 0.0231, 0.0230],
        [0.0730, 0.0452, 0.0381, 0.0251, 0.0245, 0.0238],
        [0.0282, 0.0263, 0.0252, 0.0250, 0.0249, 0.0245],
        [0.0253, 0.0186, 0.0181, 0.0180, 0.0177, 0.0175],
        [0.0280, 0.0238, 0.0208, 0.0203, 0.0203, 0.0199],
        [0.0418, 0.0297, 0.0278, 0.0226, 0.0215, 0.0200],
        [0.0222, 0.0194, 0.0187, 0.0182, 0.0181, 0.0180],
        [0.0252, 0.0241, 0.0200, 0.0191, 0.0188, 0.0187],
        [0.0212, 0.0193, 0.0189, 0.0187, 0.0183, 0.0183],
        [0.0748, 0.0424, 0.0292, 0.0289, 0.0250, 0.0233],
        [0.0218, 0.0199, 0.0196, 0.0196, 0.0190, 0.0185],
        [0.0216, 0.0214, 0.0204, 0.0204, 0.0203, 0.0203],
        [0.0640, 0.0222, 0.0213, 0.0212, 0.0212, 0.0208],
        [0.0235, 0.0226, 0.0204, 0.0201, 0.0191, 0.0184],
        [0.0252, 0.0227, 0.0203, 0.0192, 0.0190, 0.0187],
        [0.0335, 0.0324, 0.0272, 0.0263, 0.0235, 0.0229],
        [0.0599, 0.0327, 0.0326, 0.0262, 0.0251, 0.0241],
        [0.0221, 0.0200, 0.0196, 0.0188, 0.0188, 0.0188],
        [0.0400, 0.0260, 0.0250, 0.0241, 0.0226, 0.0224],
        [0.0228, 0.0205, 0.0201, 0.0200, 0.0199, 0.0192],
        [0.0218, 0.0212, 0.0208, 0.0203, 0.0202, 0.0195],
        [0.0519, 0.0474, 0.0337, 0.0314, 0.0244, 0.0236],
        [0.0359, 0.0320, 0.0285, 0.0261, 0.0223, 0.0211],
        [0.0786, 0.0346, 0.0247, 0.0216, 0.0215, 0.0214],
        [0.0222, 0.0219, 0.0214, 0.0206, 0.0206, 0.0205],
        [0.0251, 0.0221, 0.0216, 0.0216, 0.0209, 0.0209],
        [0.0235, 0.0215, 0.0210, 0.0208, 0.0204, 0.0203],
        [0.0207, 0.0195, 0.0192, 0.0189, 0.0187, 0.0186],
        [0.0283, 0.0245, 0.0241, 0.0235, 0.0219, 0.0216],
        [0.0487, 0.0310, 0.0245, 0.0234, 0.0227, 0.0226],
        [0.0425, 0.0271, 0.0265, 0.0260, 0.0246, 0.0246],
        [0.0331, 0.0290, 0.0279, 0.0270, 0.0270, 0.0266],
        [0.0303, 0.0291, 0.0197, 0.0194, 0.0188, 0.0186]])

----------------indices-----------------
torch.Size([64, 6])
tensor([[ 1, 38, 16, 21, 47, 34],
        [31, 11, 17, 48,  8, 45],
        [30, 40, 61, 46,  6, 18],
        [31,  2, 37, 20, 33, 58],
        [31, 61, 29, 30, 62, 45],
        [11, 54, 53, 17,  4, 61],
        [60,  8, 20,  0, 13, 57],
        [60,  5, 63, 57, 52, 47],
        [16, 35, 51, 20, 26, 31],
        [21, 45, 53,  3, 13, 24],
        [ 9, 43, 42, 24, 15, 34],
        [63, 52, 22, 58, 24, 38],
        [ 5, 17,  9, 16, 56,  3],
        [30, 20,  2, 39, 26, 35],
        [ 9,  3, 61, 45, 55, 59],
        [60, 44, 38, 51, 11, 63],
        [31, 23, 53, 61, 25, 11],
        [20, 35, 21, 51,  6, 12],
        [ 6, 52, 28, 27, 22, 56],
        [ 9, 43, 42, 24, 15,  5],
        [14,  8, 63, 17,  4, 16],
        [45, 21, 12, 53, 60, 26],
        [ 3, 14,  9, 12, 28, 25],
        [11, 61, 53, 17, 25, 55],
        [29,  7,  5, 31, 36, 41],
        [63,  0, 11, 48,  2,  4],
        [11, 49, 39, 53, 31, 26],
        [15, 22,  9,  8, 63, 34],
        [44, 60, 59, 23, 58, 38],
        [47, 33, 43,  8, 12, 11],
        [28, 50, 27, 25, 45,  1],
        [60, 49, 47,  8,  4, 42],
        [34, 21, 28, 20,  4, 17],
        [50, 14, 59, 48, 30, 49],
        [ 1, 20,  9, 59, 49, 15],
        [ 6, 34, 38, 49, 15, 52],
        [ 2, 37, 23, 22, 15, 49],
        [ 1, 26, 48, 49,  9, 42],
        [ 7, 18, 33, 39, 11, 50],
        [ 7, 34, 62, 52, 53,  1],
        [29, 20, 41,  0, 39, 54],
        [14, 41, 30, 39, 59, 21],
        [ 9,  0, 32, 11, 28, 41],
        [20, 26, 39, 40, 61, 59],
        [29, 38, 20,  1, 42, 51],
        [30,  2, 26, 29, 44,  4],
        [56, 16, 39, 47, 35,  5],
        [53, 46, 21, 13, 40, 51],
        [14, 41, 30, 39, 44, 26],
        [21, 41, 26, 12, 51, 37],
        [18, 33, 50, 35,  7, 59],
        [62, 22, 52,  7, 36, 45],
        [16, 14, 13, 33,  3, 60],
        [20, 45, 28, 40, 37, 27],
        [ 3,  4,  6, 12, 14, 21],
        [50, 54, 49, 40,  0, 43],
        [18, 28, 59, 36, 62, 49],
        [32, 48, 24, 18, 50, 10],
        [32, 36,  9, 50, 53,  0],
        [57,  2, 23, 27, 36, 39],
        [47, 21, 51,  0, 40, 61],
        [55, 14,  0, 13, 46, 47],
        [17, 56, 48,  4, 57,  9],
        [32, 18, 44, 50, 28, 63]])
