============================================================
METADATA (9Th token of each sequence)
============================================================
Model: flame-moe-290m
Run ID: 31066
Epoch: 5473
Layer: 15
Token Position: 8 (9th)
Shards processed: 0-0.pt, 0-1.pt
Total sequences: 64
Sequence length: 512
============================================================

----------------samples-----------------
torch.Size([64])
tensor([  452,  3762,   309,   310,   247,   326,   407,  2139,  5020, 19916,
          187,     8,  1754,   247, 12103,   187,   187,    13,  2489,   310,
          703,  1309,  1495,    14,  3196,   352,  3045,   309,    15,   513,
          253,   187,  1682,  1519,   310, 14494,  5312, 10764,   323,   281,
         3365,  9787,   273,   816,   253, 11017,  1520,    13,   368,  2139,
           13, 28771,   387,  3430,  8344,  1142,  2489,    81, 17825,    13,
         1292,   285,  1032, 14003])

-----------------scores-----------------
torch.Size([64, 6])
tensor([[0.2209, 0.0544, 0.0535, 0.0434, 0.0429, 0.0400],
        [0.2289, 0.1828, 0.1305, 0.0626, 0.0381, 0.0373],
        [0.2511, 0.0694, 0.0636, 0.0479, 0.0433, 0.0301],
        [0.1001, 0.0943, 0.0852, 0.0823, 0.0770, 0.0491],
        [0.1432, 0.1350, 0.1143, 0.0784, 0.0779, 0.0715],
        [0.3104, 0.1265, 0.0688, 0.0355, 0.0316, 0.0297],
        [0.2381, 0.1074, 0.0540, 0.0540, 0.0505, 0.0455],
        [0.1312, 0.1199, 0.1047, 0.0827, 0.0610, 0.0270],
        [0.1679, 0.0500, 0.0469, 0.0466, 0.0391, 0.0341],
        [0.7996, 0.0158, 0.0149, 0.0109, 0.0108, 0.0106],
        [0.1167, 0.1054, 0.0787, 0.0719, 0.0380, 0.0349],
        [0.1715, 0.1458, 0.0579, 0.0542, 0.0438, 0.0286],
        [0.1664, 0.0770, 0.0598, 0.0473, 0.0470, 0.0447],
        [0.1375, 0.1132, 0.1126, 0.0882, 0.0793, 0.0416],
        [0.1057, 0.0817, 0.0725, 0.0686, 0.0578, 0.0523],
        [0.1387, 0.1195, 0.0789, 0.0357, 0.0350, 0.0338],
        [0.2311, 0.0583, 0.0401, 0.0357, 0.0353, 0.0290],
        [0.1783, 0.1429, 0.0828, 0.0566, 0.0353, 0.0337],
        [0.2392, 0.1839, 0.0765, 0.0445, 0.0419, 0.0388],
        [0.1187, 0.0997, 0.0712, 0.0549, 0.0517, 0.0463],
        [0.2541, 0.1098, 0.0775, 0.0544, 0.0489, 0.0443],
        [0.1887, 0.1100, 0.0933, 0.0580, 0.0491, 0.0390],
        [0.2206, 0.1368, 0.0794, 0.0597, 0.0441, 0.0367],
        [0.2045, 0.0852, 0.0830, 0.0580, 0.0329, 0.0276],
        [0.2583, 0.1418, 0.1002, 0.0379, 0.0377, 0.0268],
        [0.1981, 0.1424, 0.1285, 0.0962, 0.0332, 0.0263],
        [0.1878, 0.1823, 0.0743, 0.0443, 0.0431, 0.0415],
        [0.1481, 0.1121, 0.0932, 0.0923, 0.0545, 0.0460],
        [0.1610, 0.0732, 0.0710, 0.0675, 0.0583, 0.0571],
        [0.1754, 0.1137, 0.0482, 0.0476, 0.0475, 0.0406],
        [0.2565, 0.0792, 0.0736, 0.0617, 0.0598, 0.0557],
        [0.1395, 0.0957, 0.0506, 0.0435, 0.0425, 0.0413],
        [0.1613, 0.1487, 0.0635, 0.0613, 0.0606, 0.0462],
        [0.3305, 0.1352, 0.0439, 0.0399, 0.0341, 0.0341],
        [0.1921, 0.0764, 0.0646, 0.0474, 0.0392, 0.0342],
        [0.1173, 0.1081, 0.0758, 0.0410, 0.0407, 0.0356],
        [0.1894, 0.1849, 0.1440, 0.0578, 0.0406, 0.0301],
        [0.1898, 0.1157, 0.0873, 0.0456, 0.0296, 0.0291],
        [0.2431, 0.1213, 0.0905, 0.0777, 0.0692, 0.0284],
        [0.2511, 0.1226, 0.0487, 0.0280, 0.0250, 0.0243],
        [0.2475, 0.0880, 0.0791, 0.0578, 0.0562, 0.0390],
        [0.1068, 0.0668, 0.0533, 0.0512, 0.0459, 0.0451],
        [0.1767, 0.1684, 0.0928, 0.0523, 0.0482, 0.0424],
        [0.3035, 0.1750, 0.0681, 0.0492, 0.0376, 0.0342],
        [0.2141, 0.1090, 0.1026, 0.0560, 0.0424, 0.0373],
        [0.2521, 0.1130, 0.0821, 0.0810, 0.0450, 0.0328],
        [0.1684, 0.1539, 0.0918, 0.0780, 0.0476, 0.0383],
        [0.1083, 0.1066, 0.0806, 0.0651, 0.0439, 0.0381],
        [0.1204, 0.0791, 0.0789, 0.0528, 0.0380, 0.0340],
        [0.2782, 0.1385, 0.0970, 0.0783, 0.0477, 0.0386],
        [0.1394, 0.1315, 0.0739, 0.0495, 0.0334, 0.0329],
        [0.1619, 0.0788, 0.0550, 0.0398, 0.0370, 0.0357],
        [0.0977, 0.0811, 0.0756, 0.0538, 0.0469, 0.0445],
        [0.2072, 0.0761, 0.0484, 0.0473, 0.0440, 0.0352],
        [0.2257, 0.1213, 0.0584, 0.0509, 0.0484, 0.0435],
        [0.1310, 0.0680, 0.0407, 0.0387, 0.0376, 0.0336],
        [0.1021, 0.0677, 0.0590, 0.0580, 0.0374, 0.0342],
        [0.1842, 0.1802, 0.0736, 0.0621, 0.0582, 0.0415],
        [0.2395, 0.1081, 0.0762, 0.0615, 0.0569, 0.0269],
        [0.1923, 0.0978, 0.0946, 0.0567, 0.0444, 0.0304],
        [0.1462, 0.0864, 0.0820, 0.0798, 0.0415, 0.0325],
        [0.1591, 0.1458, 0.1095, 0.0539, 0.0396, 0.0326],
        [0.2920, 0.1061, 0.0552, 0.0321, 0.0233, 0.0224],
        [0.2074, 0.1077, 0.1039, 0.0434, 0.0409, 0.0341]])

----------------indices-----------------
torch.Size([64, 6])
tensor([[28, 52, 19, 55, 26, 36],
        [55,  4, 56, 52,  9, 28],
        [48, 43, 35, 21, 50, 28],
        [30, 37, 13, 26, 29, 62],
        [46, 18, 39, 20, 14, 17],
        [35,  5, 51, 61, 40, 54],
        [16, 21, 47, 10, 62, 15],
        [25, 39,  6, 43, 16, 48],
        [25, 48, 24, 39,  6, 57],
        [58, 40, 19, 13, 44, 49],
        [ 9, 43, 16, 25, 10, 20],
        [55, 52, 56, 36, 57, 28],
        [49, 59,  8, 44, 58, 13],
        [39, 25, 16, 20, 19,  6],
        [16, 10,  1, 25, 43, 31],
        [30, 62, 43, 24, 16, 17],
        [ 0, 60, 43, 47, 24,  7],
        [52,  3,  1, 36, 28, 57],
        [31, 46, 34, 54, 51, 25],
        [50, 38, 20, 35, 28, 37],
        [27, 42, 47, 32,  4, 55],
        [13, 46, 11, 53, 45, 18],
        [40, 44, 60, 15, 53, 10],
        [ 5, 54,  0, 60, 14,  2],
        [25, 16, 27, 53, 10, 51],
        [55, 56, 36, 52, 22, 62],
        [35, 46, 14, 11, 41, 20],
        [ 0,  7,  5,  2, 38, 47],
        [57, 12, 52,  3, 61,  1],
        [48, 39, 32, 18, 40, 17],
        [40, 19, 48, 50, 28, 44],
        [47,  1, 41, 61,  4, 17],
        [52, 36,  5, 42, 56, 27],
        [34, 54, 60, 61, 29, 51],
        [58, 39, 44, 59, 53, 45],
        [13, 54, 29,  7, 31, 23],
        [33, 30, 49,  8, 59, 62],
        [25, 62, 16, 10, 27, 17],
        [31, 21,  2,  9,  5,  0],
        [34, 61, 31, 32, 24,  2],
        [27,  3, 57, 42, 61,  7],
        [15, 44, 59, 40, 58,  7],
        [57, 27, 42, 10, 55,  1],
        [ 4, 57, 31,  6, 42, 61],
        [40,  7, 31, 15, 60, 42],
        [ 6, 46, 38,  7, 11, 12],
        [18, 13, 49, 45,  8, 51],
        [57, 42,  1, 24, 27, 20],
        [13, 31, 54, 23, 46,  0],
        [52, 36, 55, 42,  8, 56],
        [31, 13, 54, 34, 60, 23],
        [13, 54,  9, 31, 53, 23],
        [14, 46, 24, 32, 48, 20],
        [ 7, 44, 61, 58, 15, 31],
        [40, 46, 42,  7, 44, 15],
        [59, 53, 11, 45, 10, 44],
        [44, 50, 58, 49, 40, 15],
        [48, 35, 33, 18, 41, 63],
        [31, 34,  5, 53,  2, 21],
        [30,  8, 36, 49,  5, 38],
        [31,  2,  7,  0, 63, 34],
        [59,  8, 49, 18, 40, 46],
        [31, 12,  2, 53,  6, 15],
        [31, 16, 25, 24, 21, 27]])
