============================================================
METADATA (2Nd token of each sequence)
============================================================
Model: flame-moe-290m
Run ID: 31066
Epoch: 5473
Layer: 12
Token Position: 1 (2nd)
Shards processed: 0-0.pt, 0-1.pt
Total sequences: 64
Sequence length: 512
============================================================

----------------samples-----------------
torch.Size([64])
tensor([ 3206,   690,   390,   309,  2285,  2506,   187,  6424,  3305,    15,
          187,  1664,   275,   253,    41,    13,     8,  3808,  7123, 37502,
          670,  6122,   812, 50274,  4632,    15,  4588,   253,   253,   625,
          575,   690,   564,  1833,    15, 20365, 37616,   368,  4483,   897,
           15,  4668,    15,   342,   763, 11678, 16541,    28, 24320,   476,
          564,  1676,   584,  1386,  1659,  1335,  1244,  7675,   479,   253,
        22096,  9556,  4062,   281])

-----------------scores-----------------
torch.Size([64, 6])
tensor([[0.1190, 0.0785, 0.0611, 0.0419, 0.0323, 0.0304],
        [0.1103, 0.0439, 0.0439, 0.0315, 0.0276, 0.0274],
        [0.0582, 0.0559, 0.0497, 0.0488, 0.0375, 0.0366],
        [0.1233, 0.0493, 0.0476, 0.0320, 0.0315, 0.0304],
        [0.1423, 0.0410, 0.0343, 0.0323, 0.0314, 0.0251],
        [0.0893, 0.0387, 0.0323, 0.0319, 0.0315, 0.0257],
        [0.1364, 0.1337, 0.0752, 0.0661, 0.0643, 0.0462],
        [0.1743, 0.1468, 0.1327, 0.0764, 0.0620, 0.0480],
        [0.1499, 0.1258, 0.0661, 0.0587, 0.0424, 0.0343],
        [0.1192, 0.0934, 0.0819, 0.0548, 0.0480, 0.0440],
        [0.0752, 0.0718, 0.0700, 0.0567, 0.0410, 0.0329],
        [0.1175, 0.0578, 0.0494, 0.0480, 0.0354, 0.0281],
        [0.1426, 0.1152, 0.0847, 0.0693, 0.0616, 0.0409],
        [0.2086, 0.0830, 0.0450, 0.0426, 0.0233, 0.0230],
        [0.0868, 0.0809, 0.0507, 0.0409, 0.0390, 0.0380],
        [0.0827, 0.0429, 0.0381, 0.0370, 0.0353, 0.0232],
        [0.0933, 0.0399, 0.0361, 0.0349, 0.0292, 0.0264],
        [0.2184, 0.0511, 0.0463, 0.0363, 0.0257, 0.0251],
        [0.1810, 0.0985, 0.0588, 0.0532, 0.0299, 0.0274],
        [0.0996, 0.0726, 0.0469, 0.0439, 0.0381, 0.0334],
        [0.1542, 0.0797, 0.0550, 0.0508, 0.0394, 0.0376],
        [0.0858, 0.0856, 0.0381, 0.0325, 0.0320, 0.0265],
        [0.2185, 0.1667, 0.1272, 0.0808, 0.0343, 0.0336],
        [0.0833, 0.0359, 0.0295, 0.0279, 0.0268, 0.0261],
        [0.1134, 0.0471, 0.0458, 0.0413, 0.0407, 0.0303],
        [0.3071, 0.1922, 0.1789, 0.0307, 0.0281, 0.0241],
        [0.1361, 0.0397, 0.0333, 0.0261, 0.0258, 0.0253],
        [0.1397, 0.0887, 0.0757, 0.0726, 0.0621, 0.0472],
        [0.0735, 0.0567, 0.0430, 0.0374, 0.0366, 0.0323],
        [0.1943, 0.1112, 0.1099, 0.0409, 0.0330, 0.0325],
        [0.0897, 0.0851, 0.0565, 0.0350, 0.0305, 0.0303],
        [0.1387, 0.1344, 0.0649, 0.0628, 0.0531, 0.0474],
        [0.1454, 0.0817, 0.0798, 0.0364, 0.0295, 0.0288],
        [0.1676, 0.1236, 0.0888, 0.0606, 0.0600, 0.0295],
        [0.0798, 0.0490, 0.0391, 0.0298, 0.0289, 0.0284],
        [0.0590, 0.0534, 0.0477, 0.0469, 0.0410, 0.0405],
        [0.0880, 0.0514, 0.0470, 0.0403, 0.0314, 0.0299],
        [0.0446, 0.0388, 0.0343, 0.0332, 0.0330, 0.0314],
        [0.0489, 0.0471, 0.0456, 0.0414, 0.0399, 0.0313],
        [0.1710, 0.0966, 0.0422, 0.0356, 0.0348, 0.0344],
        [0.2922, 0.0694, 0.0512, 0.0276, 0.0241, 0.0223],
        [0.0912, 0.0557, 0.0511, 0.0447, 0.0352, 0.0308],
        [0.0833, 0.0739, 0.0651, 0.0561, 0.0486, 0.0377],
        [0.2020, 0.0524, 0.0417, 0.0314, 0.0298, 0.0292],
        [0.0420, 0.0406, 0.0404, 0.0390, 0.0382, 0.0301],
        [0.0554, 0.0539, 0.0382, 0.0362, 0.0315, 0.0277],
        [0.1574, 0.1415, 0.0521, 0.0438, 0.0409, 0.0391],
        [0.1221, 0.0845, 0.0746, 0.0648, 0.0456, 0.0426],
        [0.1055, 0.0508, 0.0439, 0.0338, 0.0333, 0.0258],
        [0.1086, 0.0792, 0.0599, 0.0591, 0.0446, 0.0427],
        [0.0640, 0.0496, 0.0328, 0.0327, 0.0284, 0.0281],
        [0.1685, 0.0702, 0.0610, 0.0580, 0.0530, 0.0505],
        [0.2079, 0.0950, 0.0577, 0.0506, 0.0457, 0.0368],
        [0.1130, 0.0733, 0.0499, 0.0396, 0.0373, 0.0317],
        [0.1106, 0.0593, 0.0549, 0.0545, 0.0465, 0.0405],
        [0.0939, 0.0825, 0.0509, 0.0480, 0.0412, 0.0398],
        [0.0806, 0.0532, 0.0503, 0.0441, 0.0435, 0.0395],
        [0.1146, 0.0466, 0.0353, 0.0351, 0.0335, 0.0333],
        [0.1027, 0.0476, 0.0420, 0.0383, 0.0382, 0.0328],
        [0.2767, 0.0538, 0.0475, 0.0454, 0.0430, 0.0316],
        [0.1308, 0.1141, 0.0599, 0.0518, 0.0486, 0.0390],
        [0.2440, 0.0941, 0.0388, 0.0359, 0.0350, 0.0317],
        [0.1590, 0.1159, 0.0690, 0.0401, 0.0356, 0.0337],
        [0.0875, 0.0846, 0.0453, 0.0449, 0.0353, 0.0334]])

----------------indices-----------------
torch.Size([64, 6])
tensor([[58, 52, 50, 17, 62,  2],
        [23, 15, 10,  6, 37, 41],
        [21, 32, 41, 46, 47, 37],
        [14, 63, 15, 38, 41, 59],
        [32, 37, 56, 24, 26, 53],
        [23, 37, 16,  6, 10, 61],
        [61,  9, 18,  3,  2, 35],
        [ 4, 13, 12, 26, 54, 28],
        [ 3,  2, 59, 42, 61, 17],
        [42, 56, 62, 44, 61, 46],
        [21, 55, 10,  8, 19, 52],
        [ 0, 50, 58, 15, 23, 29],
        [26, 19,  9, 52,  0, 16],
        [14, 15, 38, 21, 41, 47],
        [ 3, 21, 27, 53, 31,  2],
        [37, 30, 34, 41, 60, 28],
        [23, 14, 16, 15, 41, 20],
        [14, 15, 58, 38, 52, 47],
        [48, 61,  2,  3, 21, 13],
        [55, 21, 29, 58, 10,  8],
        [12, 17, 31,  2,  3, 18],
        [14, 58, 29, 38, 15, 34],
        [26, 12, 40, 17, 53, 54],
        [23, 37, 21, 31, 16, 10],
        [ 0, 50, 12, 60,  5, 53],
        [54, 28, 39, 13, 26, 36],
        [23, 37, 20,  6, 16, 51],
        [10,  0, 58, 19, 52, 27],
        [34, 37, 21,  6, 25, 40],
        [ 1, 46, 53, 45, 47, 63],
        [ 0,  3,  8, 42, 14,  2],
        [39, 28, 13, 12, 26, 54],
        [58, 55, 52, 14, 33, 38],
        [54, 28, 13, 39, 12, 16],
        [14, 58, 50, 55, 20, 15],
        [60,  3, 50, 11, 42,  0],
        [14, 45, 55, 21, 51, 60],
        [54, 31, 50, 27, 53, 40],
        [ 6, 40, 23, 31, 35, 11],
        [ 0, 24, 60, 35, 22, 13],
        [38, 14, 59, 44, 49, 39],
        [50, 58, 14, 33, 15, 48],
        [35, 40, 43, 34, 52, 55],
        [14, 58, 38, 47, 35, 15],
        [50, 45, 53,  7, 21, 11],
        [14, 33, 63, 27, 59, 47],
        [36,  1, 46, 47, 59, 63],
        [62, 44, 46, 59,  9, 42],
        [50, 14, 58, 15, 33, 27],
        [42, 44, 47, 62, 56, 36],
        [41, 15, 23,  6, 49, 29],
        [40, 12, 17, 19, 35, 61],
        [35, 18, 47,  2, 61, 17],
        [50, 39, 25, 28, 60, 11],
        [36,  1, 47, 50, 62, 59],
        [47, 36, 42, 63,  2, 35],
        [34, 24, 44, 25, 36, 37],
        [49, 25, 14, 45, 55, 51],
        [ 0, 10, 52, 49, 24, 14],
        [35,  1,  9,  4, 57, 19],
        [62, 35, 24, 59, 42, 22],
        [35, 19, 61, 40,  9,  5],
        [ 4, 20, 39, 61, 26,  5],
        [38, 41, 49, 10, 15, 37]])
