PIM Expert Operations - Total Cycles
Decoder-BS64/8th/pim/7
Note: 2 activation movements (fc1 and fc2)
BS16 - Activation divider: 128

--- Activation Movements ---
layer0.ffn.activation_movement_2: 1118 cycles
layer0.ffn.activation_movement_1: 1124 cycles
Total activation movement cycles: 2242
----------------------------

================================================================================
 Expert Number  fc1  gelu  fc2  total compute
             0 2865    28 2851           5744
             1 2865    43 2865           5773
             2 2865    29 2836           5730
             3 2865    43 2854           5762
             4 2913    28 2851           5792
             6 2865    44 2865           5774
             7 3043    28 2851           5922
             9 2865    43 2854           5762
            11 3054    28 2851           5933
            12 2835    44 2865           5744
            13 3077    29 2851           5957
            17 2865    43 2865           5773
            19 3045    31 2851           5927
            20 2865    42 2854           5761
            21 3052    28 2851           5931
            22 2865    43 2854           5762
            23 3057    30 2851           5938
            24 2865    42 2854           5761
            25 3054    43 2851           5948
            26 2865    45 2866           5776
            28 5836    48 5668          11552
            31 2865    30 2851           5746
            32 2865    43 2865           5773
            34 2851    43 2865           5759
            35 2865    44 2865           5774
            36 2851    43 2854           5748
            37 2866    45 2865           5776
            38 2851    43 2865           5759
            39 2865    45 2866           5776
            43 2851    44 2865           5760
            46 2865   190 2865           5920
            47 2851    43 2865           5759
            48 2865   207 2865           5937
            49 2851    43 2866           5760
            50 2865   206 2855           5926
            51 2851    42 2865           5758
            52 2865   217 2854           5936
            53 2852    44 2866           5762
            54 2865   216 2854           5935
            55 2851    44 2865           5760
            56 2865   215 2854           5934
            57 2851    42 2865           5758
            58 2865   219 2854           5938
            61 2851    42 2854           5747