============================================================
METADATA (7Th token of each sequence)
============================================================
Model: flame-moe-290m
Run ID: 31066
Epoch: 5473
Layer: 9
Token Position: 6 (7th)
Shards processed: 0-0.pt, 0-1.pt
Total sequences: 64
Sequence length: 512
============================================================

----------------samples-----------------
torch.Size([64])
tensor([  476, 23521,  2057,  1682,   637,  3426,   310,  7371,    13,  1060,
          676, 25373,   831,  7496, 16596, 11284,  3908,  2489,   253,   510,
           13,   767,   275,   253,   457,  1335,   533,   253,  4680,   588,
          990,    15,   346,   346,    13,  1849,   533,  1211,  3076,  2223,
         6409,   253,  8688,   533, 14918,  3496, 48216,  6782,    13,   534,
         1780,   932,   457,  3430,    15,  2105,   300,    84,  4887, 18997,
         5687, 25828,   253,   285])

-----------------scores-----------------
torch.Size([64, 6])
tensor([[0.0512, 0.0450, 0.0437, 0.0422, 0.0400, 0.0387],
        [0.2228, 0.1784, 0.0872, 0.0506, 0.0394, 0.0330],
        [0.1248, 0.0983, 0.0784, 0.0767, 0.0743, 0.0515],
        [0.2221, 0.1088, 0.0580, 0.0508, 0.0422, 0.0349],
        [0.2757, 0.1587, 0.0961, 0.0708, 0.0597, 0.0487],
        [0.0960, 0.0793, 0.0722, 0.0662, 0.0607, 0.0521],
        [0.1598, 0.1335, 0.1101, 0.1097, 0.0573, 0.0553],
        [0.3935, 0.3766, 0.0474, 0.0386, 0.0136, 0.0113],
        [0.1454, 0.1272, 0.0953, 0.0939, 0.0681, 0.0530],
        [0.3010, 0.1104, 0.0756, 0.0705, 0.0471, 0.0307],
        [0.1732, 0.1519, 0.0798, 0.0782, 0.0430, 0.0371],
        [0.1250, 0.0736, 0.0724, 0.0542, 0.0424, 0.0352],
        [0.3546, 0.1196, 0.0863, 0.0542, 0.0370, 0.0287],
        [0.2016, 0.1325, 0.1192, 0.0421, 0.0414, 0.0370],
        [0.1083, 0.0786, 0.0749, 0.0623, 0.0604, 0.0496],
        [0.2605, 0.1232, 0.0825, 0.0635, 0.0292, 0.0274],
        [0.2099, 0.1123, 0.0598, 0.0577, 0.0517, 0.0409],
        [0.1624, 0.0707, 0.0578, 0.0450, 0.0391, 0.0376],
        [0.1390, 0.1023, 0.0481, 0.0434, 0.0392, 0.0374],
        [0.1430, 0.1288, 0.0945, 0.0856, 0.0672, 0.0546],
        [0.1614, 0.1498, 0.1010, 0.0893, 0.0810, 0.0508],
        [0.1594, 0.1047, 0.1015, 0.0553, 0.0512, 0.0468],
        [0.1637, 0.1228, 0.0752, 0.0626, 0.0565, 0.0549],
        [0.1621, 0.0802, 0.0763, 0.0574, 0.0438, 0.0395],
        [0.2114, 0.1142, 0.0776, 0.0633, 0.0493, 0.0372],
        [0.1188, 0.1089, 0.1048, 0.0537, 0.0483, 0.0479],
        [0.1077, 0.1013, 0.0993, 0.0509, 0.0497, 0.0463],
        [0.1284, 0.0904, 0.0696, 0.0599, 0.0506, 0.0393],
        [0.3210, 0.1927, 0.0478, 0.0449, 0.0419, 0.0268],
        [0.2392, 0.2188, 0.1982, 0.0406, 0.0317, 0.0230],
        [0.2357, 0.0985, 0.0653, 0.0644, 0.0552, 0.0543],
        [0.1594, 0.1220, 0.0791, 0.0648, 0.0530, 0.0427],
        [0.1916, 0.1192, 0.0933, 0.0859, 0.0740, 0.0437],
        [0.4046, 0.1302, 0.1137, 0.0361, 0.0219, 0.0213],
        [0.1242, 0.1037, 0.0607, 0.0506, 0.0427, 0.0421],
        [0.1081, 0.1041, 0.0684, 0.0630, 0.0396, 0.0318],
        [0.2304, 0.1218, 0.1096, 0.0877, 0.0777, 0.0523],
        [0.4480, 0.0798, 0.0516, 0.0325, 0.0315, 0.0310],
        [0.1546, 0.1296, 0.0930, 0.0922, 0.0729, 0.0567],
        [0.2128, 0.1745, 0.0934, 0.0703, 0.0540, 0.0238],
        [0.7459, 0.0530, 0.0433, 0.0242, 0.0207, 0.0175],
        [0.2565, 0.1426, 0.1089, 0.1049, 0.0769, 0.0296],
        [0.4466, 0.0875, 0.0426, 0.0377, 0.0339, 0.0281],
        [0.3301, 0.1002, 0.0577, 0.0483, 0.0371, 0.0309],
        [0.1588, 0.1562, 0.1311, 0.0599, 0.0544, 0.0421],
        [0.1652, 0.1571, 0.1031, 0.0840, 0.0828, 0.0367],
        [0.1382, 0.0766, 0.0594, 0.0548, 0.0544, 0.0349],
        [0.2064, 0.0670, 0.0470, 0.0446, 0.0438, 0.0428],
        [0.0985, 0.0795, 0.0663, 0.0629, 0.0472, 0.0466],
        [0.2225, 0.0630, 0.0629, 0.0534, 0.0361, 0.0317],
        [0.1487, 0.1389, 0.1205, 0.0654, 0.0632, 0.0512],
        [0.1957, 0.1215, 0.1012, 0.0591, 0.0569, 0.0502],
        [0.1168, 0.1079, 0.0769, 0.0600, 0.0500, 0.0423],
        [0.1472, 0.1389, 0.1007, 0.0678, 0.0571, 0.0405],
        [0.1340, 0.1228, 0.1067, 0.0805, 0.0385, 0.0369],
        [0.1464, 0.0947, 0.0871, 0.0725, 0.0577, 0.0561],
        [0.0853, 0.0730, 0.0634, 0.0574, 0.0444, 0.0435],
        [0.3263, 0.2185, 0.0985, 0.0712, 0.0477, 0.0138],
        [0.1350, 0.0936, 0.0423, 0.0409, 0.0383, 0.0371],
        [0.0920, 0.0701, 0.0633, 0.0533, 0.0320, 0.0308],
        [0.1931, 0.1191, 0.0982, 0.0766, 0.0765, 0.0672],
        [0.3850, 0.0841, 0.0653, 0.0509, 0.0380, 0.0260],
        [0.1315, 0.0902, 0.0836, 0.0649, 0.0456, 0.0435],
        [0.1013, 0.0953, 0.0768, 0.0637, 0.0594, 0.0370]])

----------------indices-----------------
torch.Size([64, 6])
tensor([[49, 63,  7, 55, 21, 51],
        [12, 47, 30,  7,  2, 16],
        [24, 35,  6, 40, 46, 58],
        [59,  6, 42, 10, 39,  4],
        [62, 21, 12, 15, 39, 29],
        [60, 32, 21, 23, 42, 63],
        [27, 13, 50, 62, 33, 16],
        [57, 51,  0, 30, 10, 23],
        [14, 10, 11, 34, 45, 22],
        [60, 32, 43, 52, 13, 56],
        [ 4, 21, 12, 32, 10, 60],
        [13, 43, 52, 54, 22, 60],
        [13, 37, 39, 16, 52,  5],
        [63, 23,  7, 11, 24, 51],
        [34, 13, 60, 45, 14, 17],
        [26, 31,  3, 36, 48, 39],
        [17, 15, 13, 23, 47, 19],
        [48, 31, 22, 43, 45, 56],
        [ 2, 42, 39,  6, 23, 30],
        [62, 39, 15, 50, 18,  8],
        [37, 43, 31, 48, 39, 53],
        [22,  1, 14, 59, 48, 45],
        [31, 22, 43, 48, 53,  1],
        [57,  6, 41, 39, 13, 60],
        [60, 14, 33, 45, 42, 19],
        [ 4,  7, 49, 38, 42, 60],
        [ 4, 10, 42,  2,  6, 39],
        [52, 13, 16, 43, 17, 38],
        [ 4, 25, 12, 36,  2, 21],
        [26, 61,  3, 46, 59, 30],
        [10, 33,  6, 58, 19, 57],
        [22,  1, 59, 45, 11, 53],
        [37, 38,  4, 51, 49, 55],
        [61,  3, 26, 55, 47, 35],
        [52, 13, 17, 24, 43, 16],
        [53, 45, 48, 22,  1, 11],
        [30, 33,  8,  3, 50, 27],
        [15,  8, 50, 20, 53, 18],
        [24, 35, 36, 63,  2, 41],
        [21, 32, 12, 56, 36, 30],
        [ 8, 27, 50, 33,  3, 15],
        [29, 21, 12, 56, 62,  7],
        [61, 10, 14, 57, 33,  1],
        [41, 57, 46, 58, 38, 43],
        [ 0, 30, 51, 54, 44,  8],
        [62, 33, 50,  8, 18, 10],
        [40, 46,  6, 57, 17, 24],
        [26,  3, 40, 46, 61, 10],
        [42, 57,  6, 41, 40, 46],
        [14, 19, 33, 55, 23, 32],
        [35, 63, 24, 40, 11,  7],
        [21, 12, 36, 23,  2, 47],
        [ 1, 45, 14, 34, 22, 11],
        [34, 17, 19, 13, 43, 52],
        [62, 18, 45, 53,  1, 43],
        [52, 43, 54, 13, 34, 19],
        [40, 57,  6, 17, 46, 24],
        [61, 26,  3, 44, 47, 25],
        [63, 32, 26, 24, 35, 60],
        [22, 45, 53, 31, 11,  1],
        [49,  0, 54, 30, 44,  4],
        [ 0, 10, 51, 30, 19,  8],
        [62, 18, 50,  5,  8, 20],
        [13, 16, 17, 52, 38, 51]])
