PIM Expert Operations - Total Cycles
Decoder-BS64/4th/pim/9
Note: 2 activation movements (fc1 and fc2)
BS16 - Activation divider: 128

--- Activation Movements ---
layer0.ffn.activation_movement_2: 1118 cycles
layer0.ffn.activation_movement_1: 1124 cycles
Total activation movement cycles: 2242
----------------------------

================================================================================
 Expert Number  fc1  gelu  fc2  total compute
             0 2865    28 2851           5744
             1 2865    43 2865           5773
             2 2865    31 2851           5747
             3 2865    42 2865           5772
             4 2886    44 2865           5795
             5 2865    43 2855           5763
             6 3024    28 2851           5903
             8 2865    43 2865           5773
             9 3043    29 2851           5923
            10 2865    43 2854           5762
            11 3058    28 2851           5937
            12 2865    44 2865           5774
            14 3045    29 2851           5925
            15 2865    43 2865           5773
            18 3041    31 2852           5924
            20 2865    42 2854           5761
            21 3055    30 2851           5936
            22 2865    43 2854           5762
            23 3054    30 2852           5936
            25 2865    45 2865           5775
            27 3036    29 2851           5916
            29 2865    44 2866           5775
            30 3037    42 2865           5944
            31 2866    42 2866           5774
            32 3015    31 2851           5897
            33 2865    45 2865           5775
            34 3039    28 2852           5919
            35 2865    44 2865           5774
            36 3045    29 2851           5925
            37 2865    43 2854           5762
            39 3056    28 2851           5935
            41 2865    42 2854           5761
            42 5873    47 5667          11587
            44 2865    28 2851           5744
            45 2865    42 2854           5761
            46 2852    43 2865           5760
            50 5681    46 5682          11409
            51 2865    42 2865           5772
            53 2851    42 2865           5758
            56 2865   160 2865           5890
            57 2852    43 2865           5760
            59 2846   224 2865           5935
            60 2851    43 2866           5760