============================================================
METADATA (3Rd token of each sequence)
============================================================
Model: flame-moe-290m
Run ID: 31066
Epoch: 5473
Layer: 24
Token Position: 2 (3rd)
Shards processed: 0-0.pt, 0-1.pt
Total sequences: 64
Sequence length: 512
============================================================

----------------samples-----------------
torch.Size([64])
tensor([  342,  1175, 23437,   651,   984,   626,   187, 19626,    15,   309,
        50276,   187, 30972,  5268,  1539,  1918, 12917,  4477,    32,  1294,
          247,    13,  1379, 11752,    35,  1916, 10756, 13742,  1669,  1774,
         1669,   643,   327,   320,   380,   255, 10571,   457,   368,   273,
          187,   310,   187,   253, 19887,   368,  3277,   323, 22165,   320,
         1735,  1780,   326,  1060,   369,  1973,   594,   566,   984,  8264,
        22078,  5323,   273,  1978])

-----------------scores-----------------
torch.Size([64, 6])
tensor([[0.0842, 0.0603, 0.0466, 0.0435, 0.0413, 0.0411],
        [0.1776, 0.1566, 0.1220, 0.0716, 0.0672, 0.0399],
        [0.3075, 0.0517, 0.0363, 0.0347, 0.0320, 0.0284],
        [0.2616, 0.1707, 0.1225, 0.1150, 0.0498, 0.0375],
        [0.1544, 0.1377, 0.0612, 0.0471, 0.0334, 0.0325],
        [0.1454, 0.1115, 0.0717, 0.0616, 0.0611, 0.0462],
        [0.1512, 0.1031, 0.1005, 0.0456, 0.0446, 0.0373],
        [0.2201, 0.1484, 0.0790, 0.0571, 0.0518, 0.0506],
        [0.1667, 0.1508, 0.0563, 0.0474, 0.0398, 0.0365],
        [0.1565, 0.0997, 0.0952, 0.0566, 0.0300, 0.0277],
        [0.0857, 0.0857, 0.0718, 0.0638, 0.0631, 0.0399],
        [0.1138, 0.0883, 0.0698, 0.0547, 0.0486, 0.0401],
        [0.1551, 0.1513, 0.1415, 0.1303, 0.0466, 0.0370],
        [0.1176, 0.0881, 0.0834, 0.0645, 0.0644, 0.0381],
        [0.1818, 0.1210, 0.0826, 0.0724, 0.0602, 0.0498],
        [0.1831, 0.1577, 0.1341, 0.1309, 0.1269, 0.0698],
        [0.0838, 0.0748, 0.0743, 0.0586, 0.0507, 0.0461],
        [0.1097, 0.0990, 0.0846, 0.0730, 0.0411, 0.0390],
        [0.1828, 0.0888, 0.0569, 0.0516, 0.0352, 0.0343],
        [0.1088, 0.0975, 0.0820, 0.0803, 0.0788, 0.0697],
        [0.2508, 0.1887, 0.1000, 0.0691, 0.0345, 0.0296],
        [0.1156, 0.1051, 0.0804, 0.0652, 0.0605, 0.0462],
        [0.1272, 0.0860, 0.0582, 0.0519, 0.0441, 0.0362],
        [0.2979, 0.0747, 0.0723, 0.0556, 0.0437, 0.0414],
        [0.1156, 0.0750, 0.0638, 0.0559, 0.0536, 0.0536],
        [0.3864, 0.0409, 0.0348, 0.0282, 0.0265, 0.0241],
        [0.3970, 0.0874, 0.0647, 0.0497, 0.0421, 0.0402],
        [0.2732, 0.1666, 0.1360, 0.0812, 0.0497, 0.0311],
        [0.2060, 0.1713, 0.1462, 0.0731, 0.0498, 0.0420],
        [0.2836, 0.1770, 0.1043, 0.0940, 0.0265, 0.0196],
        [0.1043, 0.0876, 0.0847, 0.0642, 0.0486, 0.0480],
        [0.2710, 0.0799, 0.0661, 0.0485, 0.0450, 0.0290],
        [0.1619, 0.0525, 0.0423, 0.0408, 0.0328, 0.0309],
        [0.1712, 0.1537, 0.1144, 0.0544, 0.0519, 0.0509],
        [0.1722, 0.0872, 0.0688, 0.0652, 0.0648, 0.0624],
        [0.1471, 0.1084, 0.0759, 0.0665, 0.0454, 0.0409],
        [0.2665, 0.0998, 0.0916, 0.0635, 0.0616, 0.0433],
        [0.2394, 0.1656, 0.0648, 0.0477, 0.0336, 0.0264],
        [0.1208, 0.1075, 0.1000, 0.0699, 0.0641, 0.0539],
        [0.1866, 0.1078, 0.0951, 0.0926, 0.0912, 0.0497],
        [0.1524, 0.1319, 0.0865, 0.0788, 0.0441, 0.0432],
        [0.1390, 0.0771, 0.0684, 0.0514, 0.0478, 0.0417],
        [0.1454, 0.0956, 0.0552, 0.0499, 0.0472, 0.0456],
        [0.0836, 0.0719, 0.0594, 0.0523, 0.0480, 0.0363],
        [0.1780, 0.1255, 0.0825, 0.0542, 0.0460, 0.0420],
        [0.1624, 0.0903, 0.0595, 0.0593, 0.0373, 0.0363],
        [0.1518, 0.0878, 0.0696, 0.0513, 0.0324, 0.0323],
        [0.1394, 0.1013, 0.0855, 0.0743, 0.0707, 0.0425],
        [0.3362, 0.0613, 0.0608, 0.0400, 0.0313, 0.0308],
        [0.3410, 0.0950, 0.0404, 0.0342, 0.0280, 0.0261],
        [0.1326, 0.1084, 0.0484, 0.0417, 0.0395, 0.0344],
        [0.1441, 0.0760, 0.0694, 0.0466, 0.0378, 0.0377],
        [0.1408, 0.0870, 0.0420, 0.0368, 0.0361, 0.0345],
        [0.1687, 0.1312, 0.1187, 0.0634, 0.0511, 0.0391],
        [0.2891, 0.0913, 0.0723, 0.0573, 0.0509, 0.0323],
        [0.1676, 0.0910, 0.0770, 0.0753, 0.0493, 0.0443],
        [0.0844, 0.0789, 0.0581, 0.0566, 0.0554, 0.0477],
        [0.2045, 0.1936, 0.0514, 0.0463, 0.0377, 0.0356],
        [0.2358, 0.1228, 0.0671, 0.0627, 0.0522, 0.0396],
        [0.1943, 0.1545, 0.0894, 0.0881, 0.0495, 0.0359],
        [0.1708, 0.1278, 0.0874, 0.0804, 0.0737, 0.0439],
        [0.2210, 0.1623, 0.1471, 0.0835, 0.0489, 0.0406],
        [0.2019, 0.1717, 0.1204, 0.0941, 0.0713, 0.0294],
        [0.2506, 0.2238, 0.0354, 0.0336, 0.0300, 0.0294]])

----------------indices-----------------
torch.Size([64, 6])
tensor([[63, 53, 60, 29, 33,  5],
        [20, 10, 26, 41, 31,  3],
        [63, 27, 33,  3,  6,  2],
        [62, 16, 22, 15,  8, 12],
        [53, 56, 29, 47, 24, 60],
        [10,  7, 31, 50, 41, 26],
        [53,  8, 19, 43,  5, 57],
        [34, 36, 62, 22,  3, 15],
        [ 8, 53, 34, 27, 56, 19],
        [27, 56,  9, 14, 44, 34],
        [28, 24, 55, 13, 63, 58],
        [60,  0, 44, 57, 34, 61],
        [43, 12, 61,  5, 60, 34],
        [15, 22, 46, 62,  8, 12],
        [31, 44, 40, 20, 41, 61],
        [ 5, 12, 34, 43, 19, 46],
        [34, 30,  4, 60, 18, 45],
        [46,  4, 26, 15, 19,  3],
        [15, 46,  3, 26, 22,  1],
        [34,  8, 62, 15, 36, 16],
        [35, 43, 57, 61, 12,  5],
        [ 8, 34, 15, 36, 62, 46],
        [15, 46,  1, 26, 22, 32],
        [61, 40, 39,  4, 52, 57],
        [60, 19, 16, 30, 34, 46],
        [40, 44, 15,  3,  8, 29],
        [52,  4, 43, 25, 61, 44],
        [43,  5, 12, 19, 34, 16],
        [34, 43, 12,  5, 61, 25],
        [47, 59,  1, 21,  6, 39],
        [33, 57, 54, 53,  3, 41],
        [32,  8, 19, 18, 42, 23],
        [63, 53, 60, 33, 38, 13],
        [15, 62,  8, 36, 46, 22],
        [62, 32, 18, 36, 15, 22],
        [58, 13, 37, 28, 48,  2],
        [19, 34, 60,  5, 53,  3],
        [14,  7, 54, 56, 48, 24],
        [36, 25, 32, 24, 50, 29],
        [26,  2, 20, 10, 31, 57],
        [20, 10, 31,  2, 41, 26],
        [33, 56, 35, 53, 36, 11],
        [42, 24, 23, 21, 26, 39],
        [14, 41, 11, 20,  2, 17],
        [38,  8, 19,  2, 33, 34],
        [63,  8,  2, 33, 27, 56],
        [21, 40,  7, 46,  3, 57],
        [62, 22, 18, 12, 50, 25],
        [27, 63, 58, 55, 13,  2],
        [53, 47,  7, 26, 56, 41],
        [14, 11, 44,  7,  9, 35],
        [38,  2, 20, 10,  3, 33],
        [27, 56, 54,  6, 30, 40],
        [15,  8, 46, 22,  3, 62],
        [15, 46, 62, 22,  3,  8],
        [19, 53, 56, 33, 41, 57],
        [56, 27,  9, 17, 11, 33],
        [53, 33,  3, 19, 47, 17],
        [49, 37, 51,  2, 58, 63],
        [23, 59, 21, 39,  6, 47],
        [37, 49, 13, 51, 58,  1],
        [15, 62, 46,  8, 18, 22],
        [37, 51, 49, 29, 52, 55],
        [15, 22, 32, 46, 36, 62]])
