============================================================
METADATA (1St token of each sequence)
============================================================
Model: flame-moe-290m
Run ID: 31066
Epoch: 5473
Layer: 11
Token Position: 0 (1st)
Shards processed: 0-0.pt, 0-1.pt
Total sequences: 64
Sequence length: 512
============================================================

----------------samples-----------------
torch.Size([64])
tensor([ 1512,  2509,  1306,   958,   436,  8813,    15,   617, 15368, 32973,
        36319,  1456,  2613,   285,    14, 41868, 38399,    15,  1097,   392,
          310,   744,   344,   535,    10, 17288,   273, 14436,   285,   253,
         1634,   840,   597,   597, 24600,  1046,   285,  1333,   831,  1056,
         3727,   253,  6684,  3430, 44887, 44901, 22156,   352,  6119, 25497,
          368,  6166,  1220,  5004,  5815,   476,    15,  2438,   323,   342,
          187,   253,   285,   644])

-----------------scores-----------------
torch.Size([64, 6])
tensor([[0.1089, 0.0638, 0.0600, 0.0539, 0.0459, 0.0456],
        [0.0853, 0.0349, 0.0296, 0.0288, 0.0269, 0.0257],
        [0.0297, 0.0265, 0.0259, 0.0241, 0.0239, 0.0232],
        [0.0589, 0.0484, 0.0443, 0.0418, 0.0376, 0.0355],
        [0.0561, 0.0358, 0.0315, 0.0274, 0.0269, 0.0260],
        [0.0720, 0.0463, 0.0432, 0.0312, 0.0285, 0.0267],
        [0.1817, 0.0611, 0.0569, 0.0533, 0.0310, 0.0257],
        [0.1933, 0.1216, 0.1215, 0.0706, 0.0469, 0.0332],
        [0.0801, 0.0787, 0.0473, 0.0437, 0.0370, 0.0368],
        [0.0468, 0.0292, 0.0285, 0.0257, 0.0253, 0.0240],
        [0.0384, 0.0340, 0.0293, 0.0267, 0.0265, 0.0254],
        [0.1054, 0.0926, 0.0347, 0.0343, 0.0278, 0.0264],
        [0.2300, 0.0957, 0.0828, 0.0627, 0.0535, 0.0511],
        [0.0612, 0.0434, 0.0430, 0.0343, 0.0316, 0.0312],
        [0.0624, 0.0576, 0.0509, 0.0483, 0.0409, 0.0375],
        [0.2025, 0.0602, 0.0545, 0.0406, 0.0249, 0.0223],
        [0.2055, 0.0877, 0.0621, 0.0467, 0.0415, 0.0330],
        [0.0441, 0.0394, 0.0357, 0.0327, 0.0305, 0.0293],
        [0.0406, 0.0362, 0.0325, 0.0289, 0.0278, 0.0275],
        [0.0472, 0.0407, 0.0360, 0.0301, 0.0298, 0.0291],
        [0.1186, 0.0508, 0.0473, 0.0342, 0.0303, 0.0299],
        [0.0686, 0.0681, 0.0535, 0.0495, 0.0385, 0.0337],
        [0.1323, 0.1215, 0.0778, 0.0547, 0.0461, 0.0297],
        [0.0790, 0.0743, 0.0381, 0.0360, 0.0342, 0.0321],
        [0.2704, 0.0877, 0.0595, 0.0527, 0.0487, 0.0379],
        [0.0504, 0.0441, 0.0387, 0.0387, 0.0313, 0.0304],
        [0.0395, 0.0311, 0.0274, 0.0273, 0.0263, 0.0262],
        [0.2402, 0.1206, 0.0741, 0.0481, 0.0470, 0.0273],
        [0.0723, 0.0535, 0.0456, 0.0328, 0.0286, 0.0268],
        [0.0299, 0.0296, 0.0292, 0.0263, 0.0239, 0.0237],
        [0.0528, 0.0480, 0.0341, 0.0315, 0.0291, 0.0273],
        [0.1457, 0.0927, 0.0468, 0.0437, 0.0389, 0.0381],
        [0.2680, 0.0358, 0.0305, 0.0267, 0.0254, 0.0248],
        [0.1004, 0.0987, 0.0612, 0.0589, 0.0488, 0.0385],
        [0.0576, 0.0437, 0.0355, 0.0282, 0.0260, 0.0248],
        [0.0732, 0.0668, 0.0627, 0.0495, 0.0415, 0.0379],
        [0.1317, 0.1143, 0.0936, 0.0884, 0.0547, 0.0444],
        [0.0603, 0.0489, 0.0402, 0.0308, 0.0259, 0.0244],
        [0.1569, 0.0794, 0.0749, 0.0438, 0.0428, 0.0310],
        [0.0688, 0.0679, 0.0664, 0.0643, 0.0336, 0.0303],
        [0.0752, 0.0294, 0.0269, 0.0258, 0.0249, 0.0244],
        [0.0384, 0.0363, 0.0347, 0.0313, 0.0266, 0.0266],
        [0.0812, 0.0696, 0.0589, 0.0376, 0.0315, 0.0315],
        [0.0634, 0.0396, 0.0348, 0.0339, 0.0305, 0.0284],
        [0.0517, 0.0515, 0.0347, 0.0338, 0.0230, 0.0230],
        [0.0378, 0.0303, 0.0297, 0.0293, 0.0290, 0.0280],
        [0.2715, 0.1342, 0.0558, 0.0268, 0.0263, 0.0225],
        [0.0978, 0.0512, 0.0422, 0.0380, 0.0305, 0.0247],
        [0.1387, 0.0644, 0.0543, 0.0477, 0.0413, 0.0370],
        [0.0349, 0.0338, 0.0305, 0.0261, 0.0256, 0.0234],
        [0.1403, 0.0854, 0.0628, 0.0518, 0.0429, 0.0407],
        [0.2603, 0.0782, 0.0715, 0.0428, 0.0395, 0.0340],
        [0.0365, 0.0329, 0.0326, 0.0283, 0.0263, 0.0259],
        [0.0585, 0.0432, 0.0300, 0.0288, 0.0275, 0.0274],
        [0.0603, 0.0457, 0.0382, 0.0353, 0.0258, 0.0248],
        [0.2368, 0.1891, 0.0621, 0.0425, 0.0413, 0.0359],
        [0.0408, 0.0389, 0.0345, 0.0329, 0.0314, 0.0309],
        [0.0413, 0.0331, 0.0329, 0.0320, 0.0310, 0.0278],
        [0.1269, 0.0518, 0.0432, 0.0341, 0.0307, 0.0288],
        [0.1205, 0.0491, 0.0442, 0.0435, 0.0391, 0.0387],
        [0.0492, 0.0437, 0.0357, 0.0326, 0.0325, 0.0307],
        [0.0432, 0.0426, 0.0364, 0.0353, 0.0332, 0.0332],
        [0.0613, 0.0370, 0.0347, 0.0301, 0.0294, 0.0242],
        [0.0641, 0.0407, 0.0375, 0.0362, 0.0249, 0.0227]])

----------------indices-----------------
torch.Size([64, 6])
tensor([[60, 21, 31,  5, 36, 15],
        [14, 39, 26, 38, 10, 61],
        [57, 45, 26, 36,  6, 62],
        [50, 29,  7,  2, 63, 48],
        [43,  6, 14, 28,  8,  5],
        [31, 42, 63, 10, 54, 21],
        [41,  9, 54, 23, 13, 17],
        [ 4, 58, 40, 35, 29, 11],
        [43, 11, 29,  4, 34, 35],
        [15,  5, 37, 26,  6, 27],
        [55,  2, 56, 24, 14, 51],
        [58,  8, 11, 56,  6, 35],
        [47, 58, 34, 28,  4,  6],
        [37, 51, 19, 14, 58, 50],
        [31, 15, 63, 40, 28, 48],
        [40, 35,  4, 22, 31, 47],
        [46,  6,  0, 27, 29, 43],
        [11, 31, 13, 25, 57, 33],
        [12, 19, 60, 39, 55, 57],
        [19, 58, 36, 53, 45, 62],
        [21, 31, 58, 47, 18, 27],
        [ 2, 52, 48, 24, 46, 61],
        [50, 48, 63, 44, 42, 38],
        [52, 59, 63, 31, 48, 15],
        [42,  2, 37,  7, 46, 11],
        [ 3, 54, 15,  9, 12, 51],
        [ 3, 63, 17, 10, 53, 26],
        [46, 63, 41, 42, 39,  0],
        [21, 15,  4, 18, 19, 31],
        [15, 61, 16, 10,  8, 26],
        [23, 39, 48, 41, 52, 15],
        [63,  7, 20,  4, 40, 28],
        [60, 51, 21, 61, 24, 54],
        [49,  3, 12, 63, 17, 45],
        [55,  5, 52, 15, 25, 44],
        [47, 27,  0, 18, 46, 49],
        [ 8, 44, 47, 34, 49, 28],
        [37, 32, 33, 40, 23, 48],
        [11,  4,  8, 58, 37,  2],
        [38,  9, 57, 18, 48, 50],
        [24, 54, 49, 61, 60, 43],
        [60, 55, 10, 12, 26, 62],
        [60, 34, 11, 59, 22, 57],
        [27, 33, 13,  3, 49,  0],
        [62, 47, 43, 55, 18, 30],
        [36, 51, 52, 45, 16,  1],
        [41, 50,  2, 31,  1,  7],
        [26, 56, 49, 61, 55, 13],
        [31,  7, 63, 11,  4, 42],
        [57, 10, 61, 45, 18, 19],
        [17, 13, 63, 54, 25,  3],
        [41, 54, 42,  2,  7,  1],
        [43, 10,  8, 18,  6, 19],
        [62, 32,  5, 57, 45, 55],
        [62, 47, 43, 55, 30,  8],
        [18, 58, 44, 49,  6, 43],
        [56, 26, 50, 14, 36, 52],
        [35, 10,  3, 52, 34,  0],
        [42, 62, 56, 31,  2, 48],
        [31,  1, 34, 40, 22, 63],
        [30, 55, 18,  6, 39, 34],
        [46, 30, 24,  2, 56, 26],
        [62, 57, 32,  5, 45, 47],
        [62, 47, 43, 55, 30, 15]])
