============================================================
METADATA (2Nd token of each sequence)
============================================================
Model: flame-moe-290m
Run ID: 31066
Epoch: 5473
Layer: 3
Token Position: 1 (2nd)
Shards processed: 0-0.pt, 0-1.pt
Total sequences: 64
Sequence length: 512
============================================================

----------------samples-----------------
torch.Size([64])
tensor([ 3206,   690,   390,   309,  2285,  2506,   187,  6424,  3305,    15,
          187,  1664,   275,   253,    41,    13,     8,  3808,  7123, 37502,
          670,  6122,   812, 50274,  4632,    15,  4588,   253,   253,   625,
          575,   690,   564,  1833,    15, 20365, 37616,   368,  4483,   897,
           15,  4668,    15,   342,   763, 11678, 16541,    28, 24320,   476,
          564,  1676,   584,  1386,  1659,  1335,  1244,  7675,   479,   253,
        22096,  9556,  4062,   281])

-----------------scores-----------------
torch.Size([64, 6])
tensor([[0.1824, 0.0608, 0.0478, 0.0410, 0.0404, 0.0277],
        [0.0369, 0.0259, 0.0229, 0.0226, 0.0221, 0.0220],
        [0.0488, 0.0321, 0.0295, 0.0284, 0.0273, 0.0252],
        [0.0822, 0.0581, 0.0366, 0.0284, 0.0245, 0.0245],
        [0.0322, 0.0273, 0.0271, 0.0269, 0.0265, 0.0248],
        [0.0278, 0.0251, 0.0239, 0.0231, 0.0230, 0.0226],
        [0.0861, 0.0743, 0.0510, 0.0445, 0.0420, 0.0384],
        [0.1229, 0.0949, 0.0879, 0.0655, 0.0613, 0.0471],
        [0.1480, 0.1029, 0.0982, 0.0771, 0.0742, 0.0320],
        [0.1267, 0.0888, 0.0558, 0.0516, 0.0502, 0.0423],
        [0.0582, 0.0474, 0.0370, 0.0367, 0.0360, 0.0351],
        [0.0419, 0.0416, 0.0328, 0.0327, 0.0306, 0.0304],
        [0.1013, 0.0614, 0.0611, 0.0545, 0.0500, 0.0457],
        [0.0525, 0.0417, 0.0308, 0.0307, 0.0291, 0.0272],
        [0.1027, 0.0849, 0.0532, 0.0494, 0.0301, 0.0272],
        [0.0280, 0.0273, 0.0257, 0.0253, 0.0250, 0.0240],
        [0.0243, 0.0240, 0.0232, 0.0227, 0.0220, 0.0220],
        [0.0534, 0.0512, 0.0413, 0.0299, 0.0277, 0.0260],
        [0.1270, 0.0917, 0.0377, 0.0349, 0.0314, 0.0304],
        [0.0580, 0.0482, 0.0429, 0.0366, 0.0345, 0.0317],
        [0.1050, 0.0655, 0.0645, 0.0529, 0.0439, 0.0421],
        [0.0418, 0.0302, 0.0287, 0.0263, 0.0262, 0.0261],
        [0.0983, 0.0672, 0.0459, 0.0419, 0.0409, 0.0409],
        [0.0259, 0.0229, 0.0227, 0.0220, 0.0218, 0.0218],
        [0.0606, 0.0522, 0.0349, 0.0345, 0.0343, 0.0322],
        [0.1928, 0.1532, 0.1328, 0.0627, 0.0431, 0.0418],
        [0.0335, 0.0264, 0.0263, 0.0252, 0.0245, 0.0243],
        [0.1726, 0.0697, 0.0608, 0.0598, 0.0353, 0.0352],
        [0.0385, 0.0367, 0.0344, 0.0267, 0.0253, 0.0251],
        [0.1642, 0.0537, 0.0457, 0.0369, 0.0351, 0.0259],
        [0.1348, 0.0468, 0.0388, 0.0319, 0.0293, 0.0288],
        [0.2572, 0.2015, 0.0600, 0.0420, 0.0373, 0.0356],
        [0.1613, 0.0470, 0.0290, 0.0254, 0.0234, 0.0229],
        [0.2197, 0.1113, 0.0708, 0.0579, 0.0438, 0.0295],
        [0.0393, 0.0285, 0.0261, 0.0249, 0.0248, 0.0227],
        [0.0417, 0.0403, 0.0364, 0.0322, 0.0318, 0.0317],
        [0.0837, 0.0607, 0.0499, 0.0492, 0.0396, 0.0343],
        [0.0315, 0.0278, 0.0258, 0.0239, 0.0235, 0.0233],
        [0.0830, 0.0747, 0.0350, 0.0298, 0.0261, 0.0238],
        [0.0400, 0.0323, 0.0305, 0.0303, 0.0301, 0.0286],
        [0.1914, 0.0578, 0.0574, 0.0438, 0.0334, 0.0322],
        [0.0444, 0.0435, 0.0365, 0.0283, 0.0267, 0.0239],
        [0.0546, 0.0469, 0.0381, 0.0377, 0.0343, 0.0335],
        [0.0322, 0.0315, 0.0302, 0.0295, 0.0283, 0.0258],
        [0.0376, 0.0338, 0.0317, 0.0267, 0.0238, 0.0234],
        [0.0712, 0.0468, 0.0463, 0.0303, 0.0283, 0.0258],
        [0.1078, 0.0949, 0.0704, 0.0378, 0.0309, 0.0298],
        [0.0914, 0.0827, 0.0618, 0.0544, 0.0526, 0.0408],
        [0.0273, 0.0263, 0.0254, 0.0254, 0.0250, 0.0246],
        [0.0824, 0.0778, 0.0489, 0.0480, 0.0463, 0.0456],
        [0.0865, 0.0404, 0.0274, 0.0232, 0.0223, 0.0217],
        [0.1293, 0.1090, 0.1012, 0.0773, 0.0479, 0.0407],
        [0.0996, 0.0709, 0.0673, 0.0558, 0.0551, 0.0385],
        [0.0493, 0.0474, 0.0460, 0.0379, 0.0268, 0.0261],
        [0.1094, 0.0592, 0.0581, 0.0397, 0.0392, 0.0354],
        [0.1307, 0.1037, 0.0401, 0.0392, 0.0368, 0.0294],
        [0.0732, 0.0570, 0.0481, 0.0403, 0.0390, 0.0319],
        [0.0641, 0.0365, 0.0316, 0.0254, 0.0253, 0.0249],
        [0.0570, 0.0431, 0.0412, 0.0359, 0.0284, 0.0257],
        [0.0645, 0.0622, 0.0442, 0.0397, 0.0324, 0.0310],
        [0.1530, 0.0502, 0.0380, 0.0362, 0.0331, 0.0263],
        [0.2340, 0.0515, 0.0451, 0.0365, 0.0339, 0.0287],
        [0.1101, 0.0692, 0.0648, 0.0618, 0.0516, 0.0436],
        [0.0281, 0.0280, 0.0253, 0.0238, 0.0236, 0.0230]])

----------------indices-----------------
torch.Size([64, 6])
tensor([[60, 50, 31, 15, 63, 54],
        [60, 57, 13, 10, 24, 53],
        [ 2, 43, 26, 37, 11, 10],
        [33, 43, 58, 44, 46,  6],
        [45, 36, 52,  8, 33, 44],
        [60, 24, 55, 30, 53, 10],
        [22,  1, 12, 38, 42, 17],
        [ 8, 34, 47, 59, 54, 30],
        [ 1, 11, 42, 40, 22, 31],
        [ 4, 59, 20, 35, 11, 40],
        [12, 38,  6, 36, 50,  0],
        [54, 16,  9, 14, 38,  5],
        [38, 41, 42,  9, 54, 30],
        [46, 33, 53, 24,  8, 59],
        [36, 41, 48, 62, 45, 10],
        [57, 10, 53, 12, 13, 62],
        [37, 36, 53, 55, 30, 33],
        [51, 10, 52, 33, 37, 56],
        [15, 41, 25, 23, 14, 17],
        [12, 38, 36,  6,  0, 18],
        [ 9, 44, 54, 17,  0,  7],
        [35, 33, 57, 48, 52, 34],
        [63, 50, 30, 59, 17, 31],
        [60, 28, 62, 53, 30, 24],
        [16, 13, 31, 56,  9,  0],
        [58, 44, 43,  8, 28,  4],
        [55, 44, 25, 53, 23, 17],
        [38,  9, 55, 10, 57,  0],
        [15, 10, 19, 33, 43, 36],
        [31, 48, 63, 28, 59, 29],
        [41, 31, 50, 14, 17, 23],
        [ 8, 34, 47, 44, 43, 30],
        [60,  5, 27, 61, 15, 36],
        [44, 36, 45, 32, 57, 25],
        [61, 33, 18,  8,  6, 57],
        [37, 63, 36, 50, 56, 23],
        [19, 21, 37, 15, 18, 51],
        [ 6, 33, 26, 24,  3, 62],
        [39, 55,  6, 46, 24, 54],
        [16, 15, 61, 32, 54, 23],
        [37, 11,  2, 43, 40, 24],
        [52, 16, 50,  3, 27, 38],
        [12,  2,  3, 61, 51, 52],
        [37, 32, 24, 51,  3, 52],
        [57, 23,  3, 24, 16, 30],
        [37, 15,  3, 43, 60, 59],
        [31, 33, 48, 29, 11, 37],
        [11, 22, 35, 32,  4, 28],
        [27, 16, 50, 23, 52, 29],
        [35, 29, 28, 58, 31, 45],
        [55, 60, 62, 57, 24, 15],
        [42, 54, 41,  7, 12, 46],
        [ 7,  9, 22, 29,  1, 28],
        [19, 51, 18, 21,  4, 28],
        [21, 42, 31, 11, 50, 63],
        [63, 15,  3, 17, 28, 36],
        [58, 43, 29,  5, 35, 40],
        [19, 21, 18, 61,  2, 24],
        [14, 23, 39, 32, 58, 19],
        [37, 31, 54, 42, 17, 22],
        [35, 29, 34, 37,  4, 32],
        [ 9, 54,  7, 18, 38, 55],
        [47,  4, 34, 40, 35,  8],
        [10, 60, 12, 62, 24, 38]])
