============================================================
METADATA (6Th token of each sequence)
============================================================
Model: flame-moe-290m
Run ID: 31066
Epoch: 5473
Layer: 20
Token Position: 5 (6th)
Shards processed: 0-0.pt, 0-1.pt
Total sequences: 64
Sequence length: 512
============================================================

----------------samples-----------------
torch.Size([64])
tensor([ 5311, 29661,  9319,   253,   253,   320,  5092,   187,  1781,  4266,
         4033,    15,    32,   617, 20953,   323, 33680,  9058,   626,   187,
          665,   323,  2554,    13, 14065,   309,  3085,   512,   512,   752,
          253,   320,    13,    13,  2167,   309,    13,   281,   562,   403,
        10280,   342,   685,  2866,   187,   634,   187,   619,   570,    13,
         1294,  6662,   359,    13, 23899,  1698,   509,   457,   626,   273,
         2064,  5312,   285,    13])

-----------------scores-----------------
torch.Size([64, 6])
tensor([[0.1213, 0.0580, 0.0409, 0.0398, 0.0391, 0.0370],
        [0.0709, 0.0520, 0.0516, 0.0411, 0.0330, 0.0281],
        [0.0433, 0.0399, 0.0393, 0.0309, 0.0292, 0.0284],
        [0.0895, 0.0652, 0.0561, 0.0548, 0.0304, 0.0293],
        [0.0782, 0.0535, 0.0318, 0.0306, 0.0288, 0.0271],
        [0.3621, 0.1967, 0.0762, 0.0409, 0.0303, 0.0282],
        [0.1474, 0.1074, 0.1011, 0.0675, 0.0646, 0.0598],
        [0.0734, 0.0468, 0.0457, 0.0436, 0.0388, 0.0338],
        [0.1314, 0.1147, 0.0642, 0.0521, 0.0494, 0.0391],
        [0.0642, 0.0458, 0.0408, 0.0404, 0.0349, 0.0343],
        [0.0770, 0.0442, 0.0325, 0.0284, 0.0273, 0.0260],
        [0.2700, 0.0363, 0.0317, 0.0286, 0.0241, 0.0236],
        [0.3111, 0.1656, 0.0464, 0.0456, 0.0384, 0.0373],
        [0.0837, 0.0793, 0.0553, 0.0466, 0.0443, 0.0297],
        [0.1502, 0.0655, 0.0428, 0.0370, 0.0285, 0.0281],
        [0.1155, 0.0389, 0.0386, 0.0356, 0.0289, 0.0268],
        [0.1274, 0.0619, 0.0568, 0.0450, 0.0320, 0.0282],
        [0.1587, 0.0573, 0.0559, 0.0520, 0.0429, 0.0385],
        [0.1222, 0.0781, 0.0569, 0.0451, 0.0412, 0.0350],
        [0.0623, 0.0526, 0.0451, 0.0446, 0.0413, 0.0412],
        [0.1662, 0.1083, 0.0539, 0.0519, 0.0429, 0.0427],
        [0.0903, 0.0713, 0.0693, 0.0692, 0.0419, 0.0352],
        [0.1474, 0.1088, 0.1044, 0.0860, 0.0658, 0.0458],
        [0.1253, 0.0831, 0.0655, 0.0581, 0.0549, 0.0443],
        [0.0756, 0.0719, 0.0608, 0.0409, 0.0401, 0.0304],
        [0.1375, 0.0546, 0.0442, 0.0390, 0.0373, 0.0315],
        [0.0821, 0.0533, 0.0336, 0.0332, 0.0286, 0.0261],
        [0.1009, 0.0782, 0.0507, 0.0372, 0.0367, 0.0351],
        [0.1166, 0.0739, 0.0649, 0.0599, 0.0415, 0.0380],
        [0.0606, 0.0418, 0.0416, 0.0405, 0.0345, 0.0337],
        [0.0857, 0.0401, 0.0385, 0.0333, 0.0276, 0.0254],
        [0.1820, 0.0873, 0.0755, 0.0596, 0.0459, 0.0453],
        [0.1652, 0.0925, 0.0783, 0.0783, 0.0698, 0.0502],
        [0.0708, 0.0662, 0.0603, 0.0536, 0.0325, 0.0287],
        [0.0755, 0.0587, 0.0512, 0.0498, 0.0327, 0.0318],
        [0.1049, 0.0867, 0.0813, 0.0653, 0.0627, 0.0452],
        [0.0766, 0.0653, 0.0534, 0.0460, 0.0288, 0.0285],
        [0.1396, 0.1304, 0.1003, 0.0957, 0.0587, 0.0423],
        [0.0875, 0.0809, 0.0583, 0.0480, 0.0433, 0.0424],
        [0.2079, 0.0455, 0.0443, 0.0378, 0.0359, 0.0257],
        [0.1395, 0.1016, 0.0815, 0.0813, 0.0704, 0.0401],
        [0.0782, 0.0761, 0.0545, 0.0341, 0.0298, 0.0242],
        [0.0791, 0.0589, 0.0401, 0.0388, 0.0315, 0.0262],
        [0.0994, 0.0660, 0.0421, 0.0417, 0.0302, 0.0275],
        [0.0592, 0.0552, 0.0526, 0.0511, 0.0491, 0.0376],
        [0.3155, 0.0646, 0.0260, 0.0243, 0.0230, 0.0219],
        [0.0939, 0.0479, 0.0426, 0.0368, 0.0312, 0.0287],
        [0.0916, 0.0884, 0.0564, 0.0557, 0.0473, 0.0333],
        [0.0865, 0.0672, 0.0460, 0.0434, 0.0354, 0.0262],
        [0.1850, 0.0870, 0.0628, 0.0443, 0.0339, 0.0272],
        [0.0679, 0.0613, 0.0583, 0.0431, 0.0400, 0.0318],
        [0.1356, 0.0334, 0.0328, 0.0307, 0.0293, 0.0262],
        [0.1019, 0.0667, 0.0623, 0.0381, 0.0305, 0.0289],
        [0.1069, 0.0943, 0.0723, 0.0600, 0.0496, 0.0358],
        [0.1689, 0.1082, 0.0610, 0.0571, 0.0417, 0.0364],
        [0.1291, 0.0838, 0.0551, 0.0520, 0.0509, 0.0385],
        [0.1134, 0.0438, 0.0414, 0.0392, 0.0344, 0.0295],
        [0.0987, 0.0721, 0.0544, 0.0476, 0.0407, 0.0325],
        [0.2146, 0.1179, 0.0736, 0.0490, 0.0314, 0.0264],
        [0.0921, 0.0912, 0.0727, 0.0589, 0.0407, 0.0378],
        [0.0476, 0.0425, 0.0371, 0.0368, 0.0337, 0.0330],
        [0.1636, 0.1164, 0.0706, 0.0462, 0.0389, 0.0373],
        [0.0565, 0.0451, 0.0396, 0.0353, 0.0337, 0.0329],
        [0.1894, 0.1071, 0.0911, 0.0523, 0.0358, 0.0301]])

----------------indices-----------------
torch.Size([64, 6])
tensor([[58, 62, 21, 14, 52, 18],
        [62, 51, 18, 21, 49, 25],
        [50, 55,  7, 45, 54, 53],
        [60, 24, 11, 39, 44, 33],
        [41, 29,  7, 55, 49, 51],
        [13, 46, 28,  9, 63, 31],
        [56,  5, 46, 20, 59, 17],
        [51,  7, 45, 39, 25, 13],
        [40,  5, 56, 42, 17,  3],
        [30, 37,  5, 55, 35, 41],
        [33, 31,  7, 30, 14, 29],
        [15, 19, 50, 14, 48,  8],
        [28, 39, 12, 54, 25, 13],
        [15,  0, 23, 24, 50, 13],
        [ 6, 30, 33, 11, 39, 60],
        [40, 12, 37, 55, 56, 34],
        [ 0, 31, 24, 23, 54, 13],
        [45,  8, 17, 56,  3, 60],
        [21, 49,  7, 59, 53, 32],
        [62, 49,  7, 29, 48, 45],
        [53, 63, 42,  1, 62, 46],
        [47,  1, 19, 52, 29, 35],
        [26, 13, 12, 28, 16, 52],
        [39,  0, 28, 19, 26, 52],
        [37, 41, 10, 31, 38, 49],
        [ 7, 32, 16, 39, 60, 62],
        [23, 10, 51,  6, 37, 20],
        [24, 48, 33, 63, 32, 11],
        [ 2, 18,  3, 61, 19,  9],
        [25, 18, 55, 51, 24, 22],
        [23, 37, 10,  4,  6, 16],
        [46, 59,  1, 63, 47, 44],
        [58, 52, 55,  0, 10,  8],
        [60, 51,  4, 50,  7, 62],
        [49, 14, 45, 38, 25, 59],
        [35,  9, 17,  2, 18, 59],
        [58, 33,  7, 13, 29, 28],
        [ 4, 11, 28, 54, 26, 32],
        [40, 53, 17, 43, 35,  1],
        [14, 38, 58, 34, 15, 29],
        [ 3,  2, 63, 35, 17, 53],
        [ 7, 33, 59, 30, 31, 29],
        [33, 27, 41, 34, 22, 14],
        [41, 29, 49, 40, 19, 25],
        [ 7, 58, 14, 62, 59, 15],
        [59, 11, 26, 39, 28, 34],
        [19, 49, 51, 15, 63, 41],
        [18, 43, 35, 40, 17,  2],
        [50, 14, 55, 15, 58,  0],
        [19, 43, 35, 38, 57,  3],
        [55, 58, 21, 29,  0, 14],
        [50, 42, 36, 33,  8, 29],
        [25, 39, 45, 50, 60, 28],
        [18, 42, 62, 35, 44,  7],
        [ 9, 35, 18, 19, 40, 61],
        [35, 61,  9, 19,  2, 41],
        [25, 51, 45, 27,  7, 39],
        [50, 60, 42, 40, 43, 31],
        [ 2, 35, 61,  3, 41, 31],
        [40,  5, 35, 26, 61,  1],
        [31, 53, 32, 34, 25, 55],
        [62, 58, 15, 38, 52, 47],
        [25, 12, 32,  7, 31, 55],
        [42, 31, 39, 54, 43, 17]])
