============================================================
METADATA (5Th token of each sequence)
============================================================
Model: flame-moe-290m
Run ID: 31066
Epoch: 5473
Layer: 7
Token Position: 4 (5th)
Shards processed: 0-0.pt, 0-1.pt
Total sequences: 64
Sequence length: 512
============================================================

----------------samples-----------------
torch.Size([64])
tensor([  247,   253,   275,   326, 11403,   281,   280,   187,   285, 10280,
           15,  3655,   864,  4439,  2825,  9214, 26940,   247,    79,   187,
         3416,    13,  8750,  4345,   659,    13,   253, 48717,   281,   310,
          387,   588,  1333,  1469,    13,   985,   562,   751,  9549, 10861,
          510,  2954,  7673,  5286,   187,    13,  2756,   273, 31910, 28190,
         3378, 10309,  4620, 47693, 34703,  4942,   521,   733,  2506,  1320,
        30254,   616, 13958, 35328])

-----------------scores-----------------
torch.Size([64, 6])
tensor([[0.1126, 0.0784, 0.0470, 0.0430, 0.0397, 0.0322],
        [0.2161, 0.0687, 0.0548, 0.0366, 0.0353, 0.0263],
        [0.3256, 0.1397, 0.1249, 0.0569, 0.0456, 0.0405],
        [0.2312, 0.1322, 0.0793, 0.0530, 0.0427, 0.0293],
        [0.1476, 0.1215, 0.0609, 0.0580, 0.0561, 0.0482],
        [0.2928, 0.0985, 0.0860, 0.0432, 0.0395, 0.0340],
        [0.1797, 0.1776, 0.0948, 0.0503, 0.0439, 0.0239],
        [0.0833, 0.0796, 0.0770, 0.0476, 0.0351, 0.0324],
        [0.1161, 0.0741, 0.0732, 0.0625, 0.0502, 0.0402],
        [0.3893, 0.2005, 0.0287, 0.0269, 0.0222, 0.0183],
        [0.1866, 0.1702, 0.1034, 0.0556, 0.0510, 0.0414],
        [0.2102, 0.1107, 0.0432, 0.0428, 0.0375, 0.0329],
        [0.2216, 0.0628, 0.0556, 0.0489, 0.0431, 0.0387],
        [0.1082, 0.0805, 0.0786, 0.0532, 0.0517, 0.0468],
        [0.0904, 0.0859, 0.0673, 0.0605, 0.0585, 0.0458],
        [0.1874, 0.1392, 0.0851, 0.0806, 0.0410, 0.0361],
        [0.1269, 0.0930, 0.0913, 0.0728, 0.0468, 0.0416],
        [0.2291, 0.1339, 0.0906, 0.0472, 0.0355, 0.0315],
        [0.1308, 0.0923, 0.0790, 0.0700, 0.0575, 0.0430],
        [0.2758, 0.1031, 0.0510, 0.0509, 0.0296, 0.0284],
        [0.1269, 0.1240, 0.0789, 0.0635, 0.0340, 0.0263],
        [0.1497, 0.1014, 0.0820, 0.0666, 0.0409, 0.0334],
        [0.1654, 0.1398, 0.0829, 0.0459, 0.0456, 0.0429],
        [0.2283, 0.1209, 0.0503, 0.0478, 0.0460, 0.0328],
        [0.7006, 0.0825, 0.0186, 0.0183, 0.0170, 0.0161],
        [0.1989, 0.1024, 0.0870, 0.0774, 0.0291, 0.0276],
        [0.2292, 0.1956, 0.0774, 0.0453, 0.0444, 0.0324],
        [0.1704, 0.1260, 0.0794, 0.0537, 0.0510, 0.0424],
        [0.2137, 0.0804, 0.0719, 0.0640, 0.0517, 0.0445],
        [0.1769, 0.1073, 0.0589, 0.0421, 0.0420, 0.0418],
        [0.2007, 0.1103, 0.0613, 0.0511, 0.0442, 0.0403],
        [0.3324, 0.1491, 0.1447, 0.0352, 0.0287, 0.0237],
        [0.0908, 0.0651, 0.0536, 0.0528, 0.0484, 0.0462],
        [0.2710, 0.0512, 0.0413, 0.0309, 0.0304, 0.0302],
        [0.1716, 0.0859, 0.0754, 0.0341, 0.0296, 0.0283],
        [0.1744, 0.0991, 0.0688, 0.0559, 0.0308, 0.0278],
        [0.1657, 0.1558, 0.0874, 0.0669, 0.0395, 0.0295],
        [0.0894, 0.0796, 0.0644, 0.0605, 0.0501, 0.0346],
        [0.1317, 0.1246, 0.0738, 0.0730, 0.0722, 0.0418],
        [0.1933, 0.1924, 0.0836, 0.0627, 0.0363, 0.0299],
        [0.2338, 0.0612, 0.0583, 0.0501, 0.0377, 0.0312],
        [0.1415, 0.1212, 0.0860, 0.0767, 0.0674, 0.0423],
        [0.1892, 0.1251, 0.1218, 0.0900, 0.0805, 0.0274],
        [0.1482, 0.1216, 0.1022, 0.0406, 0.0395, 0.0328],
        [0.2501, 0.0759, 0.0462, 0.0454, 0.0372, 0.0299],
        [0.1215, 0.1061, 0.0819, 0.0567, 0.0496, 0.0493],
        [0.3331, 0.0564, 0.0521, 0.0479, 0.0362, 0.0352],
        [0.2070, 0.0864, 0.0721, 0.0516, 0.0484, 0.0323],
        [0.1554, 0.1423, 0.1293, 0.1082, 0.0341, 0.0331],
        [0.1910, 0.1238, 0.0929, 0.0811, 0.0480, 0.0351],
        [0.1589, 0.1211, 0.0608, 0.0599, 0.0489, 0.0457],
        [0.2134, 0.0534, 0.0349, 0.0337, 0.0327, 0.0320],
        [0.1593, 0.0777, 0.0722, 0.0548, 0.0476, 0.0403],
        [0.1756, 0.0927, 0.0852, 0.0530, 0.0393, 0.0362],
        [0.1641, 0.1601, 0.0894, 0.0505, 0.0405, 0.0385],
        [0.1294, 0.1224, 0.1081, 0.0841, 0.0564, 0.0397],
        [0.1165, 0.0937, 0.0749, 0.0689, 0.0470, 0.0429],
        [0.2205, 0.0940, 0.0652, 0.0547, 0.0518, 0.0207],
        [0.1228, 0.1162, 0.0973, 0.0900, 0.0420, 0.0334],
        [0.0973, 0.0833, 0.0775, 0.0720, 0.0693, 0.0636],
        [0.1278, 0.1082, 0.0815, 0.0456, 0.0406, 0.0352],
        [0.2859, 0.1036, 0.0719, 0.0296, 0.0252, 0.0252],
        [0.1774, 0.1376, 0.0554, 0.0411, 0.0349, 0.0301],
        [0.1262, 0.0859, 0.0658, 0.0462, 0.0432, 0.0414]])

----------------indices-----------------
torch.Size([64, 6])
tensor([[13, 26, 62, 37,  8, 30],
        [ 0, 22, 16, 25,  6, 11],
        [32, 51, 29,  0, 11, 60],
        [29, 34, 12, 46, 51, 23],
        [56, 42, 27,  4, 55, 57],
        [17, 58, 35, 40, 16, 44],
        [21,  2,  5, 16,  4, 10],
        [15, 57, 42, 12,  3, 45],
        [34, 29, 54,  9, 23, 21],
        [57, 39,  7,  3, 19, 27],
        [10, 16, 21, 27,  6,  3],
        [38, 26, 19, 13, 35, 45],
        [62, 32, 63, 38, 26, 52],
        [20, 14, 32, 21, 23, 31],
        [12,  1, 16, 53, 57,  9],
        [25, 47, 16,  6, 17,  7],
        [47, 11, 46, 21,  6, 41],
        [28, 52, 19, 50, 36,  3],
        [49, 13, 35, 26, 50, 18],
        [ 5,  0,  7, 60, 54, 29],
        [54, 23, 13, 29, 46, 41],
        [55, 23, 17,  7,  4, 47],
        [ 8, 49, 58, 59, 33, 26],
        [34, 32, 60, 51,  9, 61],
        [53, 18, 45, 59, 51, 44],
        [ 5,  0, 60, 54, 10, 33],
        [19, 28, 20, 50, 22, 40],
        [11, 41, 17, 44, 55,  4],
        [62,  8, 45, 49, 30, 13],
        [28, 50, 20, 16, 38, 40],
        [ 2,  0,  3,  7,  5, 16],
        [61,  3, 12, 27,  1, 57],
        [ 8, 26, 37, 62, 49, 30],
        [40,  7, 58, 44, 59,  0],
        [13, 29, 45, 50, 26, 12],
        [62, 30, 49, 43, 36, 52],
        [56, 55,  9, 32, 42, 26],
        [44, 45, 53, 13, 32, 28],
        [50, 26, 63, 30, 37, 38],
        [ 7,  6, 38, 40, 51, 25],
        [62, 29, 30, 41, 49, 13],
        [ 9,  4, 56, 52, 32, 47],
        [54, 29, 12, 23, 34, 40],
        [ 0, 47, 32,  4, 33, 24],
        [62, 26, 37, 30, 29, 19],
        [28, 50, 19, 35, 32, 48],
        [40, 50, 28, 43, 35, 19],
        [56, 42, 27, 55,  4, 33],
        [21, 16, 27, 25, 57, 31],
        [51,  7,  6, 11, 41, 44],
        [40, 44, 60, 17, 15, 58],
        [21, 45, 44,  2,  0, 32],
        [29, 26, 49, 13, 37, 50],
        [23, 32, 41, 11, 47, 63],
        [34, 32, 60, 29, 13, 61],
        [32, 60, 13, 34, 61, 29],
        [61, 32,  1, 44, 58, 57],
        [62, 26, 30, 63, 52, 37],
        [61,  1, 12,  3, 47, 45],
        [25, 39,  6, 63,  0, 16],
        [40, 17, 44, 58, 60, 48],
        [21, 32,  9,  4, 43,  2],
        [47,  0,  3, 17, 60, 14],
        [34,  0, 54, 27, 60, 40]])
