PIM Expert Operations - Total Cycles
Decoder-BS64/10th/pim/5
Note: 2 activation movements (fc1 and fc2)
BS16 - Activation divider: 128

--- Activation Movements ---
layer0.ffn.activation_movement_2: 1118 cycles
layer0.ffn.activation_movement_1: 1124 cycles
Total activation movement cycles: 2242
----------------------------

================================================================================
 Expert Number  fc1  gelu  fc2  total compute
             0 2865    29 2851           5745
             1 2866    44 2865           5775
             2 5681    46 5681          11408
             4 2986    31 2851           5868
             5 2865    42 2865           5772
             6 3057    28 2851           5936
             7 2865    42 2865           5772
             8 2952    29 2836           5817
             9 2866    43 2865           5774
            10 2836    30 2851           5717
            12 2865    43 2854           5762
            13 2851    42 2865           5758
            14 2865    43 2865           5773
            15 2851    43 2865           5759
            16 2865    43 2855           5763
            17 2851    42 2865           5758
            18 2865    53 2854           5772
            19 2866    44 2866           5776
            21 2865   201 2854           5920
            22 2836    43 2865           5744
            23 2865   233 2866           5964
            24 2835    43 2865           5743
            25 2842   244 2865           5951
            26 2851    42 2854           5747
            28 2865   220 2865           5950
            29 2851    42 2865           5758
            30 2865   208 2854           5927
            31 2852    43 2865           5760
            32 2865   220 2865           5950
            33 2851    43 2865           5759
            35 2865   210 2865           5940
            38 2851    42 2865           5758
            39 2865   202 2865           5932
            40 2865    43 2854           5762
            43 2835   234 2865           5934
            44 2851    42 2854           5747
            45 2865   218 2865           5948
            46 2851    43 2867           5761
            47 2865   207 2865           5937
            48 2851    43 2865           5759
            49 2865   207 2865           5937
            53 2851    42 2865           5758
            54 2865   208 2865           5938
            55 2851    42 2854           5747
            57 2865   219 2865           5949
            58 2851    43 2865           5759
            59 2865   206 2867           5938
            61 2835    42 2865           5742
            62 2865   224 2865           5954
            63 2865    43 2865           5773