PIM Expert Operations - Total Cycles
Decoder-BS64/7th/pim/5
Note: 2 activation movements (fc1 and fc2)
BS16 - Activation divider: 128

--- Activation Movements ---
layer0.ffn.activation_movement_2: 1118 cycles
layer0.ffn.activation_movement_1: 1124 cycles
Total activation movement cycles: 2242
----------------------------

================================================================================
 Expert Number  fc1  gelu  fc2  total compute
             0 2865    28 2851           5744
             3 2865    42 2854           5761
             4 2865    29 2851           5745
             5 2865    42 2865           5772
             6 2900    29 2836           5765
             7 2835    42 2865           5742
             8 3089    28 2836           5953
             9 2850    43 2865           5758
            11 3079    28 2851           5958
            12 2865    12 2865           5742
            14 3073    30 2851           5954
            15 2865    43 2865           5773
            16 3044    29 2851           5924
            17 2865    43 2865           5773
            18 5858    46 5681          11585
            19 3173    28 2836           6037
            20 2865    44 2866           5775
            21 3038    30 2851           5919
            22 2865    44 2865           5774
            23 3043    28 2851           5922
            24 2865    42 2854           5761
            25 3054    30 2851           5935
            26 2866    45 2865           5776
            27 3042    28 2851           5921
            28 2865    43 2854           5762
            29 3055    31 2851           5937
            32 2865    42 2865           5772
            33 3040    29 2852           5921
            34 2865    42 2865           5772
            35 3016    42 2866           5924
            39 2865    43 2865           5773
            40 3038    28 2851           5917
            41 2865    42 2854           5761
            42 3061    28 2835           5924
            43 2865    43 2854           5762
            44 3069    31 2851           5951
            45 2865    42 2865           5772
            46 3044    28 2836           5908
            48 5681   357 5681          11719
            50 2865    42 2866           5773
            51 3033    28 2851           5912
            52 2865    43 2854           5762
            53 3054    28 2851           5933
            54 2865    43 2865           5773
            57 3050    28 2836           5914
            58 2865    42 2865           5772
            59 3033    29 2836           5898
            60 2865    42 2865           5772
            61 3085    12 2836           5933
            62 2865    43 2865           5773
            63 3077    13 2851           5941