============================================================
METADATA (7Th token of each sequence)
============================================================
Model: flame-moe-290m
Run ID: 31066
Epoch: 5473
Layer: 26
Token Position: 6 (7th)
Shards processed: 0-0.pt, 0-1.pt
Total sequences: 64
Sequence length: 512
============================================================

----------------samples-----------------
torch.Size([64])
tensor([  476, 23521,  2057,  1682,   637,  3426,   310,  7371,    13,  1060,
          676, 25373,   831,  7496, 16596, 11284,  3908,  2489,   253,   510,
           13,   767,   275,   253,   457,  1335,   533,   253,  4680,   588,
          990,    15,   346,   346,    13,  1849,   533,  1211,  3076,  2223,
         6409,   253,  8688,   533, 14918,  3496, 48216,  6782,    13,   534,
         1780,   932,   457,  3430,    15,  2105,   300,    84,  4887, 18997,
         5687, 25828,   253,   285])

-----------------scores-----------------
torch.Size([64, 6])
tensor([[0.0603, 0.0528, 0.0444, 0.0392, 0.0329, 0.0301],
        [0.0216, 0.0216, 0.0213, 0.0200, 0.0200, 0.0195],
        [0.0328, 0.0301, 0.0261, 0.0257, 0.0245, 0.0222],
        [0.0291, 0.0244, 0.0239, 0.0235, 0.0224, 0.0216],
        [0.0310, 0.0299, 0.0282, 0.0280, 0.0247, 0.0245],
        [0.0331, 0.0318, 0.0252, 0.0247, 0.0238, 0.0229],
        [0.0275, 0.0237, 0.0231, 0.0231, 0.0224, 0.0219],
        [0.0199, 0.0193, 0.0189, 0.0183, 0.0182, 0.0181],
        [0.0615, 0.0535, 0.0427, 0.0248, 0.0225, 0.0224],
        [0.0208, 0.0207, 0.0200, 0.0200, 0.0195, 0.0194],
        [0.0294, 0.0217, 0.0205, 0.0201, 0.0195, 0.0194],
        [0.0309, 0.0228, 0.0218, 0.0215, 0.0197, 0.0195],
        [0.0190, 0.0188, 0.0186, 0.0185, 0.0184, 0.0182],
        [0.0213, 0.0204, 0.0195, 0.0179, 0.0177, 0.0175],
        [0.0476, 0.0281, 0.0264, 0.0254, 0.0250, 0.0242],
        [0.0442, 0.0329, 0.0316, 0.0240, 0.0216, 0.0212],
        [0.0269, 0.0259, 0.0220, 0.0218, 0.0217, 0.0207],
        [0.0286, 0.0274, 0.0255, 0.0253, 0.0236, 0.0229],
        [0.0224, 0.0187, 0.0187, 0.0187, 0.0185, 0.0184],
        [0.0263, 0.0240, 0.0235, 0.0233, 0.0233, 0.0232],
        [0.0299, 0.0280, 0.0271, 0.0267, 0.0255, 0.0238],
        [0.0454, 0.0402, 0.0386, 0.0358, 0.0296, 0.0239],
        [0.0233, 0.0228, 0.0225, 0.0225, 0.0220, 0.0220],
        [0.0514, 0.0339, 0.0309, 0.0297, 0.0222, 0.0221],
        [0.0485, 0.0357, 0.0282, 0.0260, 0.0256, 0.0239],
        [0.0206, 0.0195, 0.0190, 0.0188, 0.0186, 0.0185],
        [0.0321, 0.0312, 0.0269, 0.0227, 0.0224, 0.0213],
        [0.0203, 0.0186, 0.0185, 0.0185, 0.0181, 0.0176],
        [0.0535, 0.0316, 0.0283, 0.0280, 0.0228, 0.0224],
        [0.0218, 0.0208, 0.0198, 0.0192, 0.0192, 0.0192],
        [0.0287, 0.0228, 0.0225, 0.0224, 0.0219, 0.0219],
        [0.0468, 0.0316, 0.0287, 0.0255, 0.0244, 0.0217],
        [0.0557, 0.0483, 0.0271, 0.0249, 0.0241, 0.0229],
        [0.0418, 0.0303, 0.0272, 0.0237, 0.0234, 0.0195],
        [0.0230, 0.0182, 0.0177, 0.0174, 0.0174, 0.0173],
        [0.0499, 0.0346, 0.0333, 0.0281, 0.0271, 0.0258],
        [0.0380, 0.0366, 0.0307, 0.0301, 0.0225, 0.0217],
        [0.0349, 0.0298, 0.0274, 0.0272, 0.0255, 0.0234],
        [0.0193, 0.0186, 0.0186, 0.0185, 0.0179, 0.0178],
        [0.0199, 0.0196, 0.0194, 0.0191, 0.0189, 0.0187],
        [0.0813, 0.0286, 0.0269, 0.0260, 0.0258, 0.0244],
        [0.0592, 0.0450, 0.0288, 0.0277, 0.0241, 0.0230],
        [0.0512, 0.0410, 0.0241, 0.0240, 0.0234, 0.0209],
        [0.0189, 0.0182, 0.0181, 0.0180, 0.0178, 0.0178],
        [0.0201, 0.0200, 0.0196, 0.0195, 0.0191, 0.0187],
        [0.0359, 0.0349, 0.0314, 0.0261, 0.0250, 0.0247],
        [0.0450, 0.0357, 0.0271, 0.0265, 0.0264, 0.0230],
        [0.0391, 0.0329, 0.0239, 0.0228, 0.0227, 0.0222],
        [0.0460, 0.0322, 0.0321, 0.0244, 0.0207, 0.0199],
        [0.0228, 0.0216, 0.0214, 0.0206, 0.0203, 0.0202],
        [0.0184, 0.0182, 0.0181, 0.0178, 0.0177, 0.0177],
        [0.0221, 0.0221, 0.0221, 0.0219, 0.0216, 0.0214],
        [0.0278, 0.0255, 0.0249, 0.0239, 0.0232, 0.0225],
        [0.0285, 0.0220, 0.0214, 0.0212, 0.0204, 0.0203],
        [0.0261, 0.0249, 0.0245, 0.0232, 0.0231, 0.0228],
        [0.0531, 0.0375, 0.0336, 0.0277, 0.0260, 0.0226],
        [0.0503, 0.0262, 0.0239, 0.0233, 0.0217, 0.0213],
        [0.0357, 0.0233, 0.0224, 0.0222, 0.0220, 0.0219],
        [0.0316, 0.0217, 0.0210, 0.0204, 0.0191, 0.0191],
        [0.0380, 0.0271, 0.0255, 0.0233, 0.0223, 0.0218],
        [0.0206, 0.0200, 0.0198, 0.0195, 0.0193, 0.0191],
        [0.0193, 0.0190, 0.0190, 0.0186, 0.0184, 0.0183],
        [0.0285, 0.0237, 0.0230, 0.0223, 0.0223, 0.0215],
        [0.0207, 0.0178, 0.0176, 0.0175, 0.0174, 0.0174]])

----------------indices-----------------
torch.Size([64, 6])
tensor([[28, 16, 47, 17, 21, 20],
        [28, 32,  9,  1, 53, 48],
        [30, 26, 61,  6, 54, 62],
        [45,  6, 29,  8, 31, 52],
        [17, 53, 61, 22,  0,  6],
        [22, 21, 26, 32, 29, 41],
        [15, 43, 34, 30, 37, 62],
        [ 6, 10, 54, 50, 61, 58],
        [16, 37, 19, 41, 21,  6],
        [50, 27,  5, 18, 40, 33],
        [35,  8, 28, 58,  9, 59],
        [29, 19, 39,  5,  4, 27],
        [25, 33, 49, 11, 46, 58],
        [ 2, 58, 31, 46, 20, 37],
        [16, 12, 21,  6, 49, 39],
        [29,  5, 47, 49, 38, 63],
        [ 6, 22, 35, 25, 48, 46],
        [60,  3, 61, 12, 25, 54],
        [50, 22, 10,  7, 44,  2],
        [34, 43, 53, 19, 33, 37],
        [42, 16, 11, 55, 46, 63],
        [21, 60, 57, 31, 13,  2],
        [11, 44,  2, 34, 43, 37],
        [60, 12,  4, 41, 10,  2],
        [60, 12, 57, 37, 43, 42],
        [21, 48, 54, 35, 30,  6],
        [13,  2,  3,  7, 14, 27],
        [ 1, 29, 26, 20, 27, 49],
        [29, 31, 20, 19, 59, 47],
        [41, 48, 52, 26,  0, 58],
        [18, 13, 50, 48, 60, 44],
        [60, 13, 58, 12, 35, 53],
        [17, 28,  8, 34,  4, 31],
        [45, 20, 51, 29, 61, 37],
        [ 1, 49, 59,  9, 43, 15],
        [13, 47, 16, 55, 12, 17],
        [41, 17,  9, 33, 34,  8],
        [54,  4, 35,  1, 10, 51],
        [23, 48, 14, 34, 24, 63],
        [ 9, 36, 15,  5, 32, 44],
        [ 5, 22, 15, 34, 57, 36],
        [ 9, 17,  5, 32, 38, 63],
        [45, 47, 61, 55, 43, 33],
        [46, 53, 11, 43, 32, 36],
        [18,  2, 37,  7, 38, 44],
        [36,  8, 17,  7, 42, 63],
        [30, 45, 62, 54, 40, 61],
        [42,  2, 54, 44, 21, 25],
        [ 6, 58, 52, 44, 25, 42],
        [61, 62, 39, 23, 37, 20],
        [48, 23, 36,  0, 24, 43],
        [58, 34, 22, 39, 15, 37],
        [18, 39, 20, 50, 54, 25],
        [ 6,  3, 26,  2, 20, 10],
        [50, 13, 47, 37, 56,  6],
        [47, 19, 16, 42, 12, 51],
        [30, 54, 61, 62, 52, 31],
        [26, 10, 59, 30, 33, 22],
        [42, 54, 25, 23, 63, 28],
        [17, 60, 40, 41,  0, 10],
        [18,  7, 38, 57, 37,  2],
        [ 6, 10, 61, 50, 48, 54],
        [ 8,  0, 18, 60, 39, 11],
        [ 1, 48, 29, 23, 43, 11]])
