============================================================
METADATA (5Th token of each sequence)
============================================================
Model: flame-moe-290m
Run ID: 31066
Epoch: 5473
Layer: 20
Token Position: 4 (5th)
Shards processed: 0-0.pt, 0-1.pt
Total sequences: 64
Sequence length: 512
============================================================

----------------samples-----------------
torch.Size([64])
tensor([  247,   253,   275,   326, 11403,   281,   280,   187,   285, 10280,
           15,  3655,   864,  4439,  2825,  9214, 26940,   247,    79,   187,
         3416,    13,  8750,  4345,   659,    13,   253, 48717,   281,   310,
          387,   588,  1333,  1469,    13,   985,   562,   751,  9549, 10861,
          510,  2954,  7673,  5286,   187,    13,  2756,   273, 31910, 28190,
         3378, 10309,  4620, 47693, 34703,  4942,   521,   733,  2506,  1320,
        30254,   616, 13958, 35328])

-----------------scores-----------------
torch.Size([64, 6])
tensor([[0.0956, 0.0878, 0.0739, 0.0717, 0.0559, 0.0444],
        [0.0888, 0.0534, 0.0422, 0.0394, 0.0373, 0.0305],
        [0.1324, 0.1293, 0.0519, 0.0463, 0.0336, 0.0282],
        [0.1516, 0.1211, 0.0549, 0.0286, 0.0248, 0.0220],
        [0.0910, 0.0709, 0.0604, 0.0447, 0.0358, 0.0309],
        [0.0706, 0.0594, 0.0537, 0.0433, 0.0356, 0.0349],
        [0.0838, 0.0616, 0.0572, 0.0268, 0.0248, 0.0236],
        [0.0802, 0.0694, 0.0523, 0.0501, 0.0376, 0.0347],
        [0.1117, 0.0440, 0.0377, 0.0312, 0.0303, 0.0293],
        [0.0921, 0.0799, 0.0790, 0.0395, 0.0394, 0.0380],
        [0.1278, 0.0751, 0.0555, 0.0493, 0.0403, 0.0365],
        [0.2032, 0.1816, 0.0603, 0.0582, 0.0544, 0.0477],
        [0.1415, 0.1279, 0.0884, 0.0668, 0.0403, 0.0304],
        [0.0608, 0.0586, 0.0528, 0.0485, 0.0399, 0.0368],
        [0.0700, 0.0560, 0.0542, 0.0463, 0.0334, 0.0295],
        [0.1629, 0.1021, 0.0415, 0.0411, 0.0355, 0.0352],
        [0.0700, 0.0684, 0.0476, 0.0462, 0.0391, 0.0267],
        [0.2162, 0.1494, 0.0676, 0.0609, 0.0550, 0.0389],
        [0.1343, 0.0727, 0.0675, 0.0581, 0.0533, 0.0399],
        [0.0908, 0.0700, 0.0309, 0.0294, 0.0291, 0.0279],
        [0.0793, 0.0491, 0.0391, 0.0295, 0.0292, 0.0255],
        [0.0776, 0.0584, 0.0449, 0.0447, 0.0368, 0.0295],
        [0.3296, 0.0864, 0.0556, 0.0459, 0.0443, 0.0357],
        [0.1685, 0.0869, 0.0622, 0.0526, 0.0389, 0.0344],
        [0.1765, 0.1370, 0.1295, 0.0775, 0.0661, 0.0554],
        [0.0901, 0.0541, 0.0510, 0.0369, 0.0326, 0.0275],
        [0.1062, 0.0712, 0.0527, 0.0503, 0.0459, 0.0418],
        [0.0980, 0.0686, 0.0501, 0.0430, 0.0409, 0.0404],
        [0.2242, 0.1046, 0.0956, 0.0627, 0.0576, 0.0569],
        [0.2682, 0.1538, 0.0806, 0.0505, 0.0445, 0.0428],
        [0.1006, 0.0572, 0.0338, 0.0327, 0.0296, 0.0276],
        [0.0734, 0.0491, 0.0395, 0.0369, 0.0340, 0.0314],
        [0.1388, 0.1031, 0.0721, 0.0659, 0.0597, 0.0429],
        [0.0718, 0.0631, 0.0480, 0.0467, 0.0447, 0.0444],
        [0.1595, 0.1044, 0.0600, 0.0411, 0.0398, 0.0381],
        [0.1440, 0.0928, 0.0526, 0.0517, 0.0407, 0.0396],
        [0.2080, 0.0578, 0.0566, 0.0556, 0.0354, 0.0349],
        [0.0748, 0.0735, 0.0693, 0.0594, 0.0464, 0.0463],
        [0.1499, 0.0765, 0.0528, 0.0512, 0.0413, 0.0387],
        [0.1467, 0.1399, 0.0413, 0.0332, 0.0288, 0.0259],
        [0.1726, 0.0727, 0.0679, 0.0562, 0.0465, 0.0382],
        [0.1488, 0.1368, 0.1367, 0.0432, 0.0382, 0.0300],
        [0.0594, 0.0590, 0.0587, 0.0448, 0.0440, 0.0340],
        [0.1288, 0.0795, 0.0435, 0.0371, 0.0370, 0.0290],
        [0.1195, 0.0881, 0.0815, 0.0548, 0.0385, 0.0354],
        [0.0862, 0.0792, 0.0608, 0.0535, 0.0380, 0.0378],
        [0.1709, 0.1345, 0.0626, 0.0595, 0.0374, 0.0304],
        [0.0684, 0.0586, 0.0575, 0.0539, 0.0375, 0.0363],
        [0.1083, 0.0802, 0.0599, 0.0538, 0.0507, 0.0365],
        [0.0708, 0.0431, 0.0403, 0.0360, 0.0358, 0.0304],
        [0.1325, 0.0536, 0.0429, 0.0423, 0.0389, 0.0342],
        [0.0929, 0.0808, 0.0578, 0.0487, 0.0456, 0.0432],
        [0.1112, 0.0824, 0.0608, 0.0531, 0.0463, 0.0390],
        [0.1069, 0.0729, 0.0517, 0.0456, 0.0391, 0.0294],
        [0.0692, 0.0670, 0.0552, 0.0529, 0.0514, 0.0337],
        [0.0717, 0.0604, 0.0521, 0.0512, 0.0427, 0.0343],
        [0.1079, 0.0775, 0.0658, 0.0644, 0.0641, 0.0411],
        [0.1362, 0.0679, 0.0593, 0.0526, 0.0458, 0.0362],
        [0.0614, 0.0553, 0.0437, 0.0331, 0.0330, 0.0318],
        [0.0779, 0.0567, 0.0466, 0.0420, 0.0341, 0.0327],
        [0.1056, 0.0471, 0.0428, 0.0413, 0.0391, 0.0389],
        [0.0859, 0.0589, 0.0518, 0.0377, 0.0364, 0.0342],
        [0.1166, 0.0800, 0.0738, 0.0369, 0.0270, 0.0262],
        [0.0534, 0.0465, 0.0423, 0.0421, 0.0364, 0.0363]])

----------------indices-----------------
torch.Size([64, 6])
tensor([[20, 18,  2,  9, 52, 47],
        [25, 14, 33, 50, 29,  5],
        [16, 11,  6, 28, 57, 32],
        [60,  1, 15, 22, 52,  6],
        [51, 60, 11,  1, 48, 62],
        [55, 12, 29, 59, 23, 49],
        [ 6, 24, 30, 33, 53, 56],
        [62,  7, 11, 51, 25, 39],
        [23, 57, 16, 37, 62, 30],
        [ 8, 50, 60, 63,  7, 25],
        [62, 45, 50,  7, 39, 25],
        [43,  3,  2, 19, 61, 40],
        [57, 18,  9,  4, 20, 63],
        [42, 56, 11, 57, 60, 43],
        [ 7, 39, 50, 25, 26, 16],
        [21, 53, 12, 17, 43, 25],
        [50,  8, 34, 47, 42, 60],
        [53, 20, 44, 42, 46, 56],
        [56, 26,  3,  2, 54, 19],
        [ 6, 30, 51, 33, 24, 15],
        [23, 37, 10, 16, 51, 31],
        [33, 32, 40, 37, 38, 52],
        [46, 54, 28, 31, 13, 53],
        [32, 57, 11, 23, 15, 16],
        [26, 12, 28, 31, 54, 46],
        [16, 30,  6,  9, 51, 33],
        [ 7, 53, 59,  1, 50, 17],
        [37, 60, 39, 23, 11, 30],
        [39,  9,  4, 26, 28, 12],
        [40, 12,  5, 17, 36, 42],
        [ 6, 30, 33, 14, 49, 25],
        [24, 14, 25, 62, 63, 22],
        [18,  2, 61,  9, 58,  3],
        [21, 31, 43, 25, 53, 12],
        [19, 26, 20, 22, 61, 16],
        [ 9,  2,  3, 61, 41, 19],
        [59, 25, 20, 22, 34, 63],
        [39, 54, 56, 12, 20, 60],
        [ 2, 17,  1, 36, 48,  5],
        [40, 43, 17, 42,  0,  3],
        [ 9, 19, 36, 18,  0, 31],
        [59, 44, 20, 22,  9, 36],
        [ 6, 11, 25, 30, 57, 60],
        [ 6, 30, 33, 60, 11, 22],
        [ 9, 61,  2, 19, 18,  3],
        [46, 60,  1, 42, 56, 25],
        [17, 53,  5, 46,  8, 36],
        [34, 22, 24, 36, 25, 44],
        [ 0, 60, 48, 24, 12, 32],
        [ 7, 26, 11, 57,  0, 48],
        [ 0, 55,  8, 10, 40, 52],
        [10, 51, 48, 57,  7, 13],
        [61, 16, 57, 20, 35, 41],
        [24, 22, 60, 57, 11, 33],
        [57, 60, 11, 51, 23, 45],
        [51, 60, 11, 23, 45, 16],
        [38, 14, 58, 29,  8, 47],
        [ 9, 61, 36, 19,  5, 20],
        [22, 23, 51, 14, 13,  7],
        [14, 50, 25, 49, 29, 13],
        [ 0, 55, 27,  3, 12, 54],
        [48, 41, 25,  8,  7, 60],
        [30, 33,  6, 57, 22,  5],
        [33,  6, 11,  8, 60, 25]])
