PIM Expert Operations - Total Cycles
Decoder-BS64/4th/pim/5
Note: 2 activation movements (fc1 and fc2)
BS16 - Activation divider: 128

--- Activation Movements ---
layer0.ffn.activation_movement_2: 1118 cycles
layer0.ffn.activation_movement_1: 1124 cycles
Total activation movement cycles: 2242
----------------------------

================================================================================
 Expert Number  fc1  gelu  fc2  total compute
             1 2865    28 2851           5744
             2 2865    44 2865           5774
             3 2866    28 2851           5745
             5 2865    43 2854           5762
             6 2898    29 2865           5792
             7 2865    43 2865           5773
             8 3028    28 2851           5907
             9 5681   304 5681          11666
            11 2865    43 2854           5762
            12 3093    28 2851           5972
            13 2865    44 2865           5774
            16 3043    28 2851           5922
            17 2865    42 2865           5772
            18 3016    29 2851           5896
            19 2835    44 2866           5745
            20 3094    28 2851           5973
            21 2865    44 2865           5774
            23 3042    29 2851           5922
            24 2865    43 2865           5773
            25 3049    28 2836           5913
            28 2865    43 2865           5773
            29 3057    28 2852           5937
            30 2865    43 2865           5773
            31 3046    31 2851           5928
            32 2865    42 2865           5772
            33 3042    28 2851           5921
            34 2865    45 2865           5775
            35 5856    46 5681          11583
            36 3177    28 2851           6056
            37 2865    42 2865           5772
            38 3024    28 2851           5903
            39 2836    42 2854           5732
            40 3086    28 2835           5949
            44 2865    43 2865           5773
            46 3058    29 2851           5938
            47 2865    43 2865           5773
            48 3045    28 2836           5909
            49 2865    42 2865           5772
            51 3035    28 2836           5899
            52 2865    43 2865           5773
            53 3078    28 2851           5957
            54 2865    42 2865           5772
            55 3048    30 2851           5929
            56 2865    45 2865           5775
            58 3042    29 2851           5922
            59 2865    44 2865           5774
            60 3042    31 2851           5924
            62 2865    42 2854           5761
            63 3052    28 2851           5931