PIM Expert Operations - Total Cycles
Decoder-BS64/9th/pim/6
Note: 2 activation movements (fc1 and fc2)
BS16 - Activation divider: 128

--- Activation Movements ---
layer0.ffn.activation_movement_2: 1118 cycles
layer0.ffn.activation_movement_1: 1124 cycles
Total activation movement cycles: 2242
----------------------------

================================================================================
 Expert Number  fc1  gelu  fc2  total compute
             0 2865    30 2852           5747
             1 2865    43 2854           5762
             2 2865    28 2851           5744
             3 2865    42 2854           5761
             4 2865    28 2851           5744
             5 2865    42 2854           5761
             6 3099    30 2851           5980
             7 2835    42 2865           5742
             8 3055    28 2852           5935
            10 2842    45 2865           5752
            11 3085    28 2851           5964
            12 2865    43 2854           5762
            14 3057    28 2851           5936
            16 2842    42 2854           5738
            17 3078    28 2851           5957
            19 2865    43 2865           5773
            20 3046    28 2836           5910
            22 2865    43 2865           5773
            23 3036    43 2852           5931
            24 2865    42 2855           5762
            26 3056    29 2851           5936
            27 2865    43 2865           5773
            28 3043    29 2851           5923
            29 2865    42 2854           5761
            31 3058    29 2851           5938
            32 2865    42 2865           5772
            33 3046    31 2851           5928
            34 2865    45 2865           5775
            35 3037    29 2851           5917
            36 2865    43 2865           5773
            37 3046    28 2836           5910
            38 2865    42 2865           5772
            39 3060    29 2852           5941
            40 2865    43 2854           5762
            41 3024    42 2865           5931
            42 2865    44 2866           5775
            43 3037    28 2851           5916
            44 2866    42 2865           5773
            45 3043    28 2851           5922
            46 2865    44 2865           5774
            47 3026    28 2851           5905
            48 2846    43 2866           5755
            49 3083    29 2836           5948
            50 2865    43 2865           5773
            52 3060    31 2851           5942
            54 2865    42 2865           5772
            58 3043    29 2836           5908
            59 2865    42 2865           5772
            60 3057    28 2836           5921
            61 2865    42 2865           5772
            62 5872    47 5667          11586