PIM Expert Operations - Total Cycles
Decoder-BS64/4th/pim/2
Note: 2 activation movements (fc1 and fc2)
BS16 - Activation divider: 128

--- Activation Movements ---
layer0.ffn.activation_movement_2: 1118 cycles
layer0.ffn.activation_movement_1: 1124 cycles
Total activation movement cycles: 2242
----------------------------

================================================================================
 Expert Number  fc1  gelu  fc2  total compute
             0 2865    29 2851           5745
             1 2866    44 2865           5775
             2 2865    29 2836           5730
             3 2866    44 2866           5776
             5 2896    43 2866           5805
             7 2865    43 2855           5763
             8 3024    30 2851           5905
             9 2865    44 2865           5774
            10 3040    28 2851           5919
            11 2865    42 2865           5772
            12 3049    29 2851           5929
            13 2835    44 2865           5744
            14 3074    29 2851           5954
            15 2865    43 2865           5773
            17 3041    28 2836           5905
            19 2865    42 2865           5772
            20 3063    31 2851           5945
            21 2865    45 2865           5775
            22 3039    28 2851           5918
            23 2865    42 2854           5761
            24 3054    43 2865           5962
            25 2842    43 2865           5750
            27 3015    29 2851           5895
            28 2865    42 2854           5761
            29 3074    29 2851           5954
            32 2865    42 2865           5772
            33 3049    28 2851           5928
            34 2865    44 2865           5774
            35 3041    28 2851           5920
            36 2846    44 2865           5755
            37 3064    28 2852           5944
            38 2865    42 2865           5772
            39 3022    28 2836           5886
            42 2865    42 2850           5757
            43 3096    29 2851           5976
            44 2865    43 2854           5762
            45 3023    12 2865           5900
            46 2850    42 2836           5728
            47 3118    28 2851           5997
            48 2865    42 2846           5753
            49 3069    29 2851           5949
            50 2866    42 2865           5773
            51 3018    28 2852           5898
            52 2854    13 2865           5732
            53 3109    29 2851           5989
            55 2865    43 2865           5773
            57 3044    28 2851           5923
            58 2865    44 2865           5774
            59 3041    29 2851           5921
            60 2865    43 2866           5774
            61 3044    43 2836           5923
            62 2865    42 2866           5773
            63 3038    28 2836           5902