PIM Expert Operations - Total Cycles
Decoder-BS64/5th/pim/5
Note: 2 activation movements (fc1 and fc2)
BS16 - Activation divider: 128

--- Activation Movements ---
layer0.ffn.activation_movement_2: 1118 cycles
layer0.ffn.activation_movement_1: 1124 cycles
Total activation movement cycles: 2242
----------------------------

================================================================================
 Expert Number  fc1  gelu  fc2  total compute
             0 2865    29 2851           5745
             1 2866    43 2865           5774
             2 2866    29 2851           5746
             5 2866    43 2865           5774
             6 2883    42 2865           5790
             8 2865    43 2867           5775
             9 5832    46 5681          11559
            10 3182    30 2851           6063
            12 2865    44 2865           5774
            14 3018    28 2851           5897
            15 2865    42 2865           5772
            17 3045    28 2852           5925
            19 2865    42 2850           5757
            20 3053    45 2865           5963
            22 2865    42 2866           5773
            25 3013    29 2851           5893
            26 2865    44 2865           5774
            27 3042    28 2851           5921
            28 2865    42 2854           5761
            29 3061    28 2851           5940
            30 2865    42 2850           5757
            31 3058    28 2836           5922
            32 2865    13 2865           5743
            33 3092    28 2835           5955
            34 2865    45 2865           5775
            35 3058    29 2836           5923
            36 2865    42 2865           5772
            37 3057    42 2836           5935
            40 2865    44 2865           5774
            41 3040    42 2865           5947
            42 2865    43 2865           5773
            43 3016    30 2851           5897
            44 5681   303 5668          11652
            45 2865    42 2865           5772
            46 3093    28 2851           5972
            47 2865    43 2865           5773
            48 3046    31 2851           5928
            50 2865    44 2865           5774
            52 3038    29 2851           5918
            53 2865    42 2854           5761
            54 3051    28 2851           5930
            55 2846    42 2854           5742
            57 3079    29 2851           5959
            58 2866    43 2865           5774
            59 3028    29 2851           5908
            61 2865    42 2854           5761
            63 3070    30 2851           5951