============================================================
METADATA (4Th token of each sequence)
============================================================
Model: flame-moe-290m
Run ID: 31066
Epoch: 5473
Layer: 9
Token Position: 3 (4th)
Shards processed: 0-0.pt, 0-1.pt
Total sequences: 64
Sequence length: 512
============================================================

----------------samples-----------------
torch.Size([64])
tensor([  824,   342,  1974,  9059,   344,  1646,    56,    15,  2896,   588,
          805, 50276,    91,  4720,  2573,  4834,   449,   923, 14815,  7186,
         2872, 24504,   247,   253, 20336,  3522,   275,   326,   285,  1953,
        31914,  7122,   281,  7063, 44152,  3462, 14002,    69,   281,   247,
          187,   697,   187,  6729,    15,  5181,  4787,   954,   285,  6685,
           32, 43728,   352,    15,  9166,   323,    13,    15,   352,   763,
        49619,   323,   253,  7520])

-----------------scores-----------------
torch.Size([64, 6])
tensor([[0.1280, 0.0980, 0.0813, 0.0574, 0.0424, 0.0345],
        [0.2099, 0.1072, 0.1031, 0.0845, 0.0380, 0.0311],
        [0.2575, 0.0772, 0.0722, 0.0620, 0.0482, 0.0433],
        [0.2506, 0.0768, 0.0737, 0.0575, 0.0453, 0.0367],
        [0.0872, 0.0747, 0.0447, 0.0444, 0.0372, 0.0342],
        [0.0728, 0.0625, 0.0585, 0.0574, 0.0542, 0.0509],
        [0.2396, 0.0601, 0.0437, 0.0387, 0.0328, 0.0307],
        [0.2321, 0.1637, 0.0901, 0.0839, 0.0463, 0.0324],
        [0.0991, 0.0619, 0.0557, 0.0513, 0.0441, 0.0430],
        [0.0981, 0.0972, 0.0636, 0.0612, 0.0562, 0.0400],
        [0.1627, 0.1600, 0.0526, 0.0495, 0.0377, 0.0369],
        [0.0848, 0.0703, 0.0576, 0.0495, 0.0408, 0.0353],
        [0.1339, 0.1205, 0.0583, 0.0563, 0.0540, 0.0466],
        [0.1124, 0.1019, 0.0733, 0.0408, 0.0362, 0.0305],
        [0.1461, 0.0685, 0.0560, 0.0373, 0.0313, 0.0311],
        [0.2814, 0.1306, 0.0520, 0.0415, 0.0402, 0.0265],
        [0.1590, 0.1280, 0.1132, 0.0698, 0.0655, 0.0492],
        [0.2387, 0.1601, 0.0655, 0.0472, 0.0363, 0.0314],
        [0.3013, 0.0829, 0.0502, 0.0497, 0.0304, 0.0294],
        [0.2115, 0.1980, 0.1103, 0.0837, 0.0746, 0.0606],
        [0.2585, 0.0994, 0.0858, 0.0752, 0.0657, 0.0420],
        [0.0762, 0.0677, 0.0655, 0.0462, 0.0460, 0.0398],
        [0.1410, 0.1021, 0.0571, 0.0460, 0.0364, 0.0342],
        [0.0883, 0.0632, 0.0589, 0.0577, 0.0497, 0.0422],
        [0.1479, 0.0932, 0.0930, 0.0827, 0.0394, 0.0358],
        [0.1724, 0.1588, 0.0866, 0.0747, 0.0539, 0.0523],
        [0.1359, 0.0778, 0.0778, 0.0579, 0.0560, 0.0512],
        [0.1792, 0.0923, 0.0725, 0.0657, 0.0557, 0.0475],
        [0.1347, 0.1137, 0.1118, 0.0956, 0.0477, 0.0379],
        [0.2471, 0.0708, 0.0502, 0.0437, 0.0374, 0.0324],
        [0.1854, 0.1323, 0.1064, 0.0704, 0.0566, 0.0274],
        [0.3090, 0.1500, 0.0744, 0.0569, 0.0282, 0.0252],
        [0.1936, 0.1693, 0.1163, 0.0780, 0.0672, 0.0609],
        [0.1451, 0.1309, 0.1095, 0.0711, 0.0551, 0.0498],
        [0.2647, 0.0926, 0.0686, 0.0674, 0.0577, 0.0488],
        [0.2186, 0.1215, 0.1082, 0.0800, 0.0269, 0.0252],
        [0.1926, 0.1364, 0.0615, 0.0298, 0.0289, 0.0258],
        [0.2010, 0.1704, 0.1539, 0.0408, 0.0382, 0.0355],
        [0.1260, 0.1088, 0.0976, 0.0622, 0.0408, 0.0348],
        [0.2226, 0.1782, 0.0920, 0.0643, 0.0364, 0.0184],
        [0.2271, 0.1564, 0.1042, 0.0549, 0.0328, 0.0322],
        [0.1237, 0.1027, 0.0798, 0.0776, 0.0737, 0.0422],
        [0.2067, 0.2041, 0.1532, 0.1147, 0.0395, 0.0358],
        [0.2402, 0.1037, 0.0880, 0.0742, 0.0548, 0.0408],
        [0.1375, 0.0610, 0.0435, 0.0364, 0.0321, 0.0314],
        [0.2985, 0.1494, 0.1041, 0.0662, 0.0292, 0.0260],
        [0.1287, 0.1043, 0.0707, 0.0588, 0.0561, 0.0551],
        [0.1429, 0.1315, 0.0842, 0.0826, 0.0730, 0.0552],
        [0.1323, 0.1182, 0.1158, 0.0812, 0.0703, 0.0342],
        [0.1180, 0.0934, 0.0833, 0.0744, 0.0573, 0.0478],
        [0.2281, 0.1828, 0.1787, 0.0616, 0.0447, 0.0291],
        [0.1032, 0.1017, 0.1011, 0.0913, 0.0741, 0.0493],
        [0.2277, 0.1134, 0.1084, 0.0402, 0.0325, 0.0292],
        [0.0997, 0.0700, 0.0582, 0.0483, 0.0456, 0.0448],
        [0.1514, 0.0978, 0.0760, 0.0735, 0.0654, 0.0530],
        [0.1310, 0.0720, 0.0703, 0.0670, 0.0636, 0.0477],
        [0.1776, 0.1029, 0.0610, 0.0524, 0.0423, 0.0386],
        [0.1585, 0.0853, 0.0837, 0.0691, 0.0507, 0.0447],
        [0.1621, 0.1437, 0.1065, 0.0993, 0.0377, 0.0375],
        [0.1409, 0.1012, 0.0637, 0.0513, 0.0437, 0.0418],
        [0.1952, 0.1710, 0.1351, 0.0745, 0.0410, 0.0299],
        [0.1548, 0.1494, 0.0807, 0.0581, 0.0453, 0.0439],
        [0.2240, 0.1088, 0.0757, 0.0368, 0.0361, 0.0354],
        [0.1663, 0.1083, 0.0536, 0.0523, 0.0481, 0.0420]])

----------------indices-----------------
torch.Size([64, 6])
tensor([[19, 48, 31, 20, 13, 33],
        [63, 11, 24,  7, 35, 58],
        [61, 55, 26,  3, 33, 57],
        [ 5, 16, 50, 30, 20, 62],
        [ 6, 19, 43, 40, 57, 48],
        [ 1, 26, 14, 33, 55, 45],
        [34,  3, 55, 14, 20, 45],
        [ 3, 26, 47, 61, 29, 59],
        [63, 24, 42, 29, 32, 60],
        [45, 22, 31, 11, 53, 48],
        [47,  7, 52,  3, 63, 54],
        [17, 19, 31, 34, 55, 58],
        [34, 17, 40, 19, 54, 16],
        [40,  6, 57, 10, 55, 14],
        [60,  4,  1, 55, 12, 56],
        [57, 41, 46, 55,  6, 30],
        [10,  0, 51, 50,  5, 30],
        [26,  3, 61, 47, 55, 25],
        [23, 25, 52, 47, 28, 54],
        [44,  0, 51, 30, 55,  5],
        [56, 12, 59, 21, 36, 32],
        [45, 34, 11,  1, 14, 22],
        [60,  1, 45, 14, 53, 56],
        [53, 45, 60, 22, 11, 26],
        [22, 59,  1, 53, 15, 45],
        [46, 57, 58, 41, 30, 27],
        [52, 13, 40, 27, 38, 46],
        [ 9,  8,  5, 50, 27, 49],
        [31, 53, 48, 19, 39, 43],
        [33, 15, 14,  8, 19, 34],
        [24, 40, 35, 47, 63, 17],
        [ 5, 43, 18, 20,  9, 31],
        [18, 33, 15, 50, 31, 62],
        [52, 13, 43, 17, 16, 38],
        [62, 56, 12, 15, 43, 21],
        [43,  9, 56, 49, 44, 21],
        [31, 15, 43, 13, 53, 17],
        [ 3, 61, 26, 35, 59, 46],
        [ 6, 25, 47, 40, 23, 19],
        [ 4, 49, 38, 37, 11, 30],
        [26,  1, 59,  3, 53, 61],
        [59, 22, 11, 45,  1, 53],
        [35,  2, 36, 25, 47, 29],
        [63, 35, 19, 24, 54, 41],
        [ 1, 14, 34, 30, 26, 33],
        [20,  8, 27, 50, 30,  2],
        [19,  0, 48, 20, 53,  8],
        [ 1, 14, 34, 33, 45, 22],
        [20, 31, 39, 19, 27, 43],
        [59, 55,  1, 48, 22, 56],
        [61, 26,  3, 55, 47, 23],
        [34, 57, 14,  6, 40, 19],
        [48, 31, 55, 53, 59, 32],
        [ 1, 55, 45, 59, 10, 48],
        [ 1, 56, 55, 59, 48, 60],
        [55, 22, 14, 23, 25, 59],
        [45, 14, 11, 34,  1, 22],
        [31, 26, 43, 52, 53, 48],
        [52, 38, 16, 13, 17, 40],
        [ 6, 17, 57, 40, 42, 16],
        [24,  3, 63, 35, 26, 61],
        [ 4, 49, 38, 15,  5, 37],
        [52, 16, 13, 25, 38, 43],
        [49,  4, 30, 38, 51,  8]])
