PIM Expert Operations - Total Cycles
Decoder-BS64/8th/pim/8
Note: 2 activation movements (fc1 and fc2)
BS16 - Activation divider: 128

--- Activation Movements ---
layer0.ffn.activation_movement_2: 1118 cycles
layer0.ffn.activation_movement_1: 1124 cycles
Total activation movement cycles: 2242
----------------------------

================================================================================
 Expert Number  fc1  gelu  fc2  total compute
             1 2865    28 2851           5744
             2 2865    43 2865           5773
             4 2865    29 2836           5730
             6 2865    42 2866           5773
             7 2879    28 2836           5743
             8 2865    42 2865           5772
             9 3084    31 2851           5966
            10 2865    42 2865           5772
            11 3046    28 2852           5926
            12 2865    42 2865           5772
            13 3031    29 2851           5911
            15 2865    42 2854           5761
            16 3068    28 2851           5947
            19 2835    42 2836           5713
            20 3103    29 2851           5983
            21 2865    42 2836           5743
            22 3076    29 2851           5956
            24 2836    12 2865           5713
            26 3096    29 2866           5991
            27 5652   354 5681          11687
            28 2865    44 2865           5774
            29 3042    28 2836           5906
            30 2865    44 2865           5774
            31 3060    28 2851           5939
            32 2865    42 2866           5773
            33 5860    46 5681          11587
            34 3179    28 2851           6058
            35 2865    43 2865           5773
            36 3017    29 2852           5898
            37 2865    44 2865           5774
            38 3043    29 2851           5923
            39 2865    42 2854           5761
            41 3056    28 2851           5935
            42 2846    43 2854           5743
            44 3072    28 2851           5951
            46 2865    42 2854           5761
            47 3053    42 2865           5960
            49 2865    44 2866           5775
            51 3013    29 2851           5893
            52 2865    42 2865           5772
            53 5864    46 5681          11591
            55 3183    29 2852           6064
            56 2865    45 2865           5775
            57 3014    29 2851           5894
            58 2865    45 2865           5775
            62 3039    30 2851           5920
            63 2865    44 2865           5774