============================================================
METADATA (7Th token of each sequence)
============================================================
Model: flame-moe-290m
Run ID: 31066
Epoch: 5473
Layer: 14
Token Position: 6 (7th)
Shards processed: 0-0.pt, 0-1.pt
Total sequences: 64
Sequence length: 512
============================================================

----------------samples-----------------
torch.Size([64])
tensor([  476, 23521,  2057,  1682,   637,  3426,   310,  7371,    13,  1060,
          676, 25373,   831,  7496, 16596, 11284,  3908,  2489,   253,   510,
           13,   767,   275,   253,   457,  1335,   533,   253,  4680,   588,
          990,    15,   346,   346,    13,  1849,   533,  1211,  3076,  2223,
         6409,   253,  8688,   533, 14918,  3496, 48216,  6782,    13,   534,
         1780,   932,   457,  3430,    15,  2105,   300,    84,  4887, 18997,
         5687, 25828,   253,   285])

-----------------scores-----------------
torch.Size([64, 6])
tensor([[0.1639, 0.0752, 0.0633, 0.0412, 0.0335, 0.0291],
        [0.1518, 0.1374, 0.0639, 0.0465, 0.0366, 0.0311],
        [0.1102, 0.1042, 0.0934, 0.0685, 0.0534, 0.0388],
        [0.2402, 0.0914, 0.0703, 0.0532, 0.0526, 0.0433],
        [0.1806, 0.1179, 0.1021, 0.0893, 0.0824, 0.0251],
        [0.1261, 0.1097, 0.1081, 0.0637, 0.0555, 0.0508],
        [0.1017, 0.0504, 0.0502, 0.0475, 0.0468, 0.0457],
        [0.1438, 0.0833, 0.0599, 0.0555, 0.0482, 0.0384],
        [0.1787, 0.0897, 0.0785, 0.0480, 0.0460, 0.0411],
        [0.2159, 0.0576, 0.0493, 0.0361, 0.0314, 0.0288],
        [0.1431, 0.0807, 0.0794, 0.0334, 0.0329, 0.0313],
        [0.2820, 0.0389, 0.0338, 0.0333, 0.0294, 0.0272],
        [0.0711, 0.0703, 0.0650, 0.0648, 0.0407, 0.0407],
        [0.2514, 0.1201, 0.0878, 0.0357, 0.0284, 0.0258],
        [0.1826, 0.0693, 0.0625, 0.0586, 0.0515, 0.0418],
        [0.1233, 0.0924, 0.0875, 0.0703, 0.0698, 0.0649],
        [0.3759, 0.1656, 0.0465, 0.0296, 0.0266, 0.0199],
        [0.2798, 0.0965, 0.0689, 0.0633, 0.0454, 0.0435],
        [0.2517, 0.1069, 0.0510, 0.0456, 0.0358, 0.0335],
        [0.1028, 0.0838, 0.0814, 0.0722, 0.0659, 0.0656],
        [0.1455, 0.0868, 0.0668, 0.0545, 0.0437, 0.0409],
        [0.2629, 0.1049, 0.0948, 0.0708, 0.0561, 0.0363],
        [0.1546, 0.1345, 0.0852, 0.0802, 0.0654, 0.0633],
        [0.1857, 0.1142, 0.0655, 0.0649, 0.0441, 0.0367],
        [0.1681, 0.1093, 0.0829, 0.0643, 0.0471, 0.0441],
        [0.0994, 0.0803, 0.0615, 0.0471, 0.0442, 0.0435],
        [0.1273, 0.1073, 0.0725, 0.0416, 0.0392, 0.0317],
        [0.1094, 0.0963, 0.0792, 0.0756, 0.0412, 0.0299],
        [0.4381, 0.2880, 0.0195, 0.0163, 0.0148, 0.0140],
        [0.1296, 0.0927, 0.0471, 0.0426, 0.0395, 0.0393],
        [0.1536, 0.1035, 0.0760, 0.0741, 0.0697, 0.0379],
        [0.1767, 0.0796, 0.0565, 0.0536, 0.0523, 0.0462],
        [0.1249, 0.0570, 0.0452, 0.0396, 0.0393, 0.0374],
        [0.0830, 0.0826, 0.0670, 0.0620, 0.0514, 0.0468],
        [0.1465, 0.0699, 0.0564, 0.0464, 0.0398, 0.0323],
        [0.1454, 0.0488, 0.0400, 0.0368, 0.0364, 0.0360],
        [0.1052, 0.0768, 0.0608, 0.0453, 0.0429, 0.0412],
        [0.3348, 0.1070, 0.0372, 0.0346, 0.0317, 0.0304],
        [0.1214, 0.0864, 0.0688, 0.0493, 0.0463, 0.0352],
        [0.1603, 0.1329, 0.1049, 0.0534, 0.0262, 0.0243],
        [0.1335, 0.1082, 0.0909, 0.0551, 0.0398, 0.0353],
        [0.1129, 0.0872, 0.0861, 0.0717, 0.0524, 0.0374],
        [0.1087, 0.0830, 0.0777, 0.0577, 0.0356, 0.0346],
        [0.1544, 0.1150, 0.1098, 0.1055, 0.0615, 0.0363],
        [0.1934, 0.0452, 0.0396, 0.0358, 0.0340, 0.0337],
        [0.1732, 0.0906, 0.0707, 0.0566, 0.0419, 0.0354],
        [0.1032, 0.0897, 0.0675, 0.0474, 0.0473, 0.0378],
        [0.3112, 0.1026, 0.0438, 0.0420, 0.0364, 0.0317],
        [0.2071, 0.1901, 0.0492, 0.0379, 0.0326, 0.0305],
        [0.1805, 0.1003, 0.0441, 0.0368, 0.0338, 0.0255],
        [0.1295, 0.1080, 0.0742, 0.0672, 0.0502, 0.0461],
        [0.1269, 0.0847, 0.0729, 0.0405, 0.0335, 0.0331],
        [0.0961, 0.0734, 0.0606, 0.0500, 0.0439, 0.0412],
        [0.1378, 0.1322, 0.0827, 0.0409, 0.0390, 0.0318],
        [0.2354, 0.1253, 0.0847, 0.0650, 0.0330, 0.0291],
        [0.1776, 0.1398, 0.0492, 0.0393, 0.0345, 0.0340],
        [0.1173, 0.0794, 0.0509, 0.0403, 0.0364, 0.0332],
        [0.1289, 0.0759, 0.0724, 0.0416, 0.0380, 0.0355],
        [0.1654, 0.1322, 0.1246, 0.0363, 0.0255, 0.0242],
        [0.0938, 0.0927, 0.0780, 0.0771, 0.0637, 0.0440],
        [0.1712, 0.1244, 0.1052, 0.0449, 0.0421, 0.0327],
        [0.1511, 0.1168, 0.0834, 0.0644, 0.0633, 0.0479],
        [0.1475, 0.1171, 0.0971, 0.0850, 0.0838, 0.0353],
        [0.1287, 0.1158, 0.0909, 0.0816, 0.0539, 0.0251]])

----------------indices-----------------
torch.Size([64, 6])
tensor([[ 5, 17,  2, 45, 63, 51],
        [54, 38, 11, 53, 12, 37],
        [28, 41, 16, 46, 54,  9],
        [49, 33, 15,  8, 34, 46],
        [30, 54, 40, 48, 55, 49],
        [ 6,  5, 54,  0,  4, 26],
        [55, 57, 56, 53,  2, 11],
        [51,  2, 28, 32,  1, 63],
        [33, 22, 17,  6, 44, 61],
        [27, 52,  1, 58, 53, 61],
        [18, 38, 27, 52,  6, 48],
        [27,  8,  1, 52, 32, 59],
        [59, 53, 55, 30,  8, 56],
        [63, 28, 51,  0, 56,  3],
        [44, 41, 47, 58, 12,  7],
        [39, 40, 25, 43, 30,  7],
        [14, 35, 41, 47, 26,  9],
        [61, 27,  3, 52, 40, 22],
        [19, 28, 16, 57, 26,  9],
        [48, 25, 35,  7, 30, 55],
        [43, 42, 53, 30, 45, 61],
        [45, 37, 38, 27, 61, 23],
        [40, 37, 43, 52, 53, 57],
        [28,  9, 27, 16, 23, 26],
        [15, 31, 33, 16, 61,  3],
        [26, 63, 51, 29,  9, 50],
        [49, 17, 34, 31, 33,  4],
        [52, 50, 10, 59,  6, 44],
        [62, 29, 39, 31, 12, 49],
        [33, 34,  6, 29, 54, 10],
        [15, 16, 33, 46, 22, 11],
        [61, 38, 52, 40, 42,  5],
        [ 2, 36,  5, 45,  1, 17],
        [62,  6, 23, 34, 29, 54],
        [59, 14, 50, 10, 35, 56],
        [42, 53, 38, 56, 13, 24],
        [20, 24, 57, 56, 53, 15],
        [ 7,  3, 30, 42, 43, 58],
        [ 5,  9, 16, 39,  6, 60],
        [52, 31,  6, 18, 48, 34],
        [ 2, 41, 63, 35, 57,  7],
        [54, 30, 48, 25, 55, 43],
        [33, 11, 62, 41, 58,  3],
        [ 9, 60, 28, 16,  8, 13],
        [ 2,  1, 63, 51,  8, 37],
        [48, 25, 55, 62, 30, 54],
        [46, 41, 22,  9, 13, 16],
        [ 8, 44, 57, 49, 37, 27],
        [19, 28, 12, 60, 57, 29],
        [32, 57, 61, 16, 38, 53],
        [63,  5, 56, 14,  0, 10],
        [31, 12,  5, 54, 26, 62],
        [13, 47, 51,  4, 38, 42],
        [47, 14,  7, 53, 46, 32],
        [48, 30, 55,  7, 49, 43],
        [ 7, 58, 52, 41, 38, 44],
        [41, 46, 17, 28,  9, 26],
        [11, 39, 33, 29, 54,  9],
        [ 6, 26,  5, 60,  0, 28],
        [40, 52, 53, 32, 37, 43],
        [ 2,  1, 63,  8, 50, 17],
        [14, 63,  3, 58, 51,  2],
        [48, 55, 25, 49, 30, 43],
        [35, 59, 20, 50, 56, 14]])
