============================================================
METADATA (3Rd token of each sequence)
============================================================
Model: flame-moe-290m
Run ID: 31066
Epoch: 5473
Layer: 12
Token Position: 2 (3rd)
Shards processed: 0-0.pt, 0-1.pt
Total sequences: 64
Sequence length: 512
============================================================

----------------samples-----------------
torch.Size([64])
tensor([  342,  1175, 23437,   651,   984,   626,   187, 19626,    15,   309,
        50276,   187, 30972,  5268,  1539,  1918, 12917,  4477,    32,  1294,
          247,    13,  1379, 11752,    35,  1916, 10756, 13742,  1669,  1774,
         1669,   643,   327,   320,   380,   255, 10571,   457,   368,   273,
          187,   310,   187,   253, 19887,   368,  3277,   323, 22165,   320,
         1735,  1780,   326,  1060,   369,  1973,   594,   566,   984,  8264,
        22078,  5323,   273,  1978])

-----------------scores-----------------
torch.Size([64, 6])
tensor([[0.0779, 0.0726, 0.0564, 0.0556, 0.0495, 0.0466],
        [0.0669, 0.0606, 0.0506, 0.0422, 0.0346, 0.0346],
        [0.1678, 0.0803, 0.0526, 0.0504, 0.0393, 0.0299],
        [0.1083, 0.0607, 0.0405, 0.0350, 0.0314, 0.0312],
        [0.2692, 0.0776, 0.0643, 0.0364, 0.0249, 0.0249],
        [0.0674, 0.0464, 0.0381, 0.0328, 0.0278, 0.0276],
        [0.1430, 0.1015, 0.0906, 0.0665, 0.0432, 0.0391],
        [0.0840, 0.0583, 0.0507, 0.0470, 0.0325, 0.0260],
        [0.0930, 0.0709, 0.0674, 0.0533, 0.0511, 0.0433],
        [0.0918, 0.0397, 0.0389, 0.0348, 0.0336, 0.0299],
        [0.1319, 0.1012, 0.0606, 0.0420, 0.0406, 0.0384],
        [0.1589, 0.1518, 0.0525, 0.0341, 0.0311, 0.0281],
        [0.0665, 0.0661, 0.0644, 0.0635, 0.0541, 0.0483],
        [0.1166, 0.0401, 0.0400, 0.0371, 0.0272, 0.0258],
        [0.1101, 0.0739, 0.0736, 0.0448, 0.0432, 0.0327],
        [0.1121, 0.0902, 0.0670, 0.0463, 0.0424, 0.0382],
        [0.1663, 0.1275, 0.1215, 0.0652, 0.0629, 0.0558],
        [0.0981, 0.0706, 0.0570, 0.0366, 0.0364, 0.0354],
        [0.0877, 0.0803, 0.0674, 0.0403, 0.0358, 0.0327],
        [0.0690, 0.0629, 0.0620, 0.0481, 0.0451, 0.0391],
        [0.0900, 0.0817, 0.0571, 0.0556, 0.0433, 0.0412],
        [0.0726, 0.0637, 0.0543, 0.0461, 0.0437, 0.0352],
        [0.0817, 0.0770, 0.0565, 0.0418, 0.0395, 0.0355],
        [0.0719, 0.0600, 0.0460, 0.0433, 0.0403, 0.0328],
        [0.1381, 0.1336, 0.1161, 0.0855, 0.0621, 0.0337],
        [0.0789, 0.0492, 0.0440, 0.0418, 0.0366, 0.0269],
        [0.0683, 0.0670, 0.0596, 0.0571, 0.0488, 0.0356],
        [0.1034, 0.0987, 0.0792, 0.0693, 0.0661, 0.0384],
        [0.1158, 0.0772, 0.0748, 0.0728, 0.0404, 0.0373],
        [0.0679, 0.0450, 0.0394, 0.0392, 0.0311, 0.0272],
        [0.1579, 0.1044, 0.0756, 0.0597, 0.0441, 0.0309],
        [0.0666, 0.0486, 0.0417, 0.0365, 0.0297, 0.0296],
        [0.0760, 0.0646, 0.0616, 0.0592, 0.0480, 0.0454],
        [0.1399, 0.0780, 0.0533, 0.0439, 0.0356, 0.0278],
        [0.1230, 0.0437, 0.0363, 0.0341, 0.0284, 0.0272],
        [0.1745, 0.0643, 0.0565, 0.0421, 0.0346, 0.0300],
        [0.0964, 0.0506, 0.0495, 0.0464, 0.0455, 0.0431],
        [0.0924, 0.0828, 0.0679, 0.0668, 0.0471, 0.0343],
        [0.0932, 0.0460, 0.0346, 0.0320, 0.0305, 0.0289],
        [0.0429, 0.0334, 0.0329, 0.0317, 0.0291, 0.0284],
        [0.0562, 0.0497, 0.0343, 0.0291, 0.0290, 0.0279],
        [0.1188, 0.1123, 0.1056, 0.0981, 0.0497, 0.0495],
        [0.0882, 0.0726, 0.0516, 0.0422, 0.0370, 0.0329],
        [0.1448, 0.0513, 0.0488, 0.0409, 0.0402, 0.0362],
        [0.1875, 0.0927, 0.0674, 0.0605, 0.0404, 0.0399],
        [0.1224, 0.1068, 0.0885, 0.0789, 0.0420, 0.0391],
        [0.0778, 0.0647, 0.0439, 0.0386, 0.0309, 0.0288],
        [0.0921, 0.0439, 0.0413, 0.0352, 0.0279, 0.0271],
        [0.1279, 0.0848, 0.0578, 0.0361, 0.0335, 0.0306],
        [0.1076, 0.0634, 0.0509, 0.0343, 0.0298, 0.0283],
        [0.1239, 0.0960, 0.0663, 0.0444, 0.0405, 0.0317],
        [0.0504, 0.0469, 0.0456, 0.0440, 0.0364, 0.0357],
        [0.1043, 0.0738, 0.0527, 0.0527, 0.0483, 0.0333],
        [0.2090, 0.0375, 0.0276, 0.0259, 0.0251, 0.0236],
        [0.1989, 0.1867, 0.0358, 0.0307, 0.0293, 0.0210],
        [0.0856, 0.0810, 0.0736, 0.0480, 0.0420, 0.0417],
        [0.0951, 0.0826, 0.0826, 0.0676, 0.0553, 0.0344],
        [0.2299, 0.1315, 0.0510, 0.0487, 0.0483, 0.0342],
        [0.0699, 0.0650, 0.0411, 0.0409, 0.0403, 0.0359],
        [0.0451, 0.0402, 0.0378, 0.0375, 0.0345, 0.0332],
        [0.0504, 0.0487, 0.0478, 0.0473, 0.0453, 0.0355],
        [0.0985, 0.0656, 0.0426, 0.0357, 0.0336, 0.0305],
        [0.0603, 0.0456, 0.0441, 0.0348, 0.0344, 0.0339],
        [0.1353, 0.1037, 0.0624, 0.0536, 0.0445, 0.0435]])

----------------indices-----------------
torch.Size([64, 6])
tensor([[18,  2, 47,  9, 20, 62],
        [27, 50, 59, 45, 33, 63],
        [42, 59, 46, 62, 44, 53],
        [41, 37, 49, 38, 15,  6],
        [ 1, 63, 47, 59, 21, 12],
        [58, 14, 52, 55, 15, 27],
        [ 3, 18,  2, 47, 17, 53],
        [37, 41, 49, 38,  6,  9],
        [ 2, 17, 18, 63, 47, 61],
        [24, 48, 25, 31, 33, 34],
        [59, 44, 62, 38, 46, 47],
        [ 3,  2, 44, 17, 18, 20],
        [26,  8, 10,  4, 48, 57],
        [ 6, 22, 33, 23, 30, 45],
        [42, 53,  3, 45, 60,  8],
        [58,  0, 10,  8, 55, 21],
        [46, 26, 28, 54, 13,  4],
        [23, 34, 43, 33, 52, 55],
        [23, 34, 43, 52, 33, 50],
        [ 6, 22, 57, 33, 37, 11],
        [48, 10,  8, 55, 26, 46],
        [ 6, 32, 33, 22, 26, 11],
        [23, 34, 43, 52, 33, 50],
        [55, 58, 21, 52, 29, 27],
        [12, 54, 20, 13, 28, 26],
        [29, 49, 45, 47, 25, 53],
        [47, 52, 55, 58,  0, 19],
        [52, 58,  0, 10, 21, 55],
        [52, 31,  0, 12, 58, 40],
        [33,  6, 30, 17, 11,  3],
        [47, 46,  1, 36, 10, 14],
        [ 6, 30, 11, 22, 45, 33],
        [17, 20, 42, 44, 47,  9],
        [43, 32, 34,  6, 33, 40],
        [23, 16, 37, 33, 31,  5],
        [40, 32, 38, 43, 11, 34],
        [63, 19, 47,  1, 10, 36],
        [18, 50,  0, 25, 59, 34],
        [ 6, 24, 33, 38, 14,  8],
        [55, 27, 25, 54, 52, 13],
        [53, 34, 27, 50,  5, 40],
        [ 2, 17, 20,  5, 59, 61],
        [33, 57, 60, 22, 11, 13],
        [ 3,  2, 42, 36, 47, 19],
        [36, 56, 17, 44, 35, 20],
        [17, 42, 53, 46, 44, 59],
        [58, 15, 14, 50, 11, 29],
        [23, 37, 10, 51,  5,  6],
        [44, 24, 20, 42, 63, 47],
        [ 7, 48, 50, 60, 11, 24],
        [ 9, 61, 19, 18, 56,  3],
        [60,  5, 21, 55, 37, 23],
        [ 7, 57, 63, 51, 62,  4],
        [60,  1, 23, 37, 22,  8],
        [27, 60,  1, 37,  8, 39],
        [25,  2,  3, 63,  1, 36],
        [ 3,  1, 46, 63, 59, 47],
        [ 2, 17, 63,  1,  3, 61],
        [23, 30, 37, 43, 32, 29],
        [51, 32, 62, 48, 57, 16],
        [27, 33, 38, 49, 30, 58],
        [11, 43, 60, 57,  8, 52],
        [30, 22, 57, 43, 38, 14],
        [27, 23, 62, 34, 49, 38]])
