PIM Expert Operations - Total Cycles
Decoder-BS64/4th/pim/4
Note: 2 activation movements (fc1 and fc2)
BS16 - Activation divider: 128

--- Activation Movements ---
layer0.ffn.activation_movement_2: 1118 cycles
layer0.ffn.activation_movement_1: 1124 cycles
Total activation movement cycles: 2242
----------------------------

================================================================================
 Expert Number  fc1  gelu  fc2  total compute
             0 2865    29 2851           5745
             1 2866    42 2865           5773
             2 2865    29 2836           5730
             3 2865    42 2866           5773
             4 2901    31 2865           5797
             5 2865    45 2865           5775
             6 3025    28 2851           5904
             7 2865    42 2854           5761
             8 3055    28 2851           5934
             9 2865    42 2854           5761
            10 3060    30 2851           5941
            11 2835    44 2865           5744
            12 3073    28 2836           5937
            13 2865    44 2865           5774
            14 3057    31 2851           5939
            15 2865    43 2865           5773
            16 3043    29 2851           5923
            18 2865    42 2865           5772
            19 3044    29 2836           5909
            20 2865    42 2865           5772
            22 3053    42 2854           5949
            24 2865    44 2865           5774
            25 3026    28 2851           5905
            26 2850    42 2866           5758
            27 3031    28 2851           5910
            28 2865    42 2854           5761
            29 3066    29 2851           5946
            30 2842    42 2865           5749
            31 3088    28 2836           5952
            32 2865    42 2865           5772
            33 3063    29 2836           5928
            34 2866    43 2865           5774
            35 2994    28 2851           5873
            36 2846    12 2854           5712
            37 2851    12 2854           5717
            38 2865    45 2865           5775
            39 2851    43 2865           5759
            42 2865    43 2865           5773
            43 2851    42 2865           5758
            44 2865    44 2865           5774
            45 2851    42 2854           5747
            46 2865    57 2865           5787
            47 2835    43 2866           5744
            48 2835   251 2865           5951
            49 2851    44 2865           5760
            52 2865   208 2866           5939
            55 2851    42 2865           5758
            57 2865   205 2865           5935
            58 2851    44 2865           5760
            59 5681    46 5681          11408
            62 2865    28 2836           5729
            63 2865    43 2865           5773