PIM Expert Operations - Total Cycles
Decoder-BS64/10th/pim/8
Note: 2 activation movements (fc1 and fc2)
BS16 - Activation divider: 128

--- Activation Movements ---
layer0.ffn.activation_movement_2: 1118 cycles
layer0.ffn.activation_movement_1: 1124 cycles
Total activation movement cycles: 2242
----------------------------

================================================================================
 Expert Number  fc1  gelu  fc2  total compute
             0 2865    28 2851           5744
             1 2865    42 2854           5761
             2 2865    29 2851           5745
             4 2865    42 2865           5772
             5 2900    28 2851           5779
             6 2865    44 2865           5774
             7 3043    28 2851           5922
             9 2846    43 2866           5755
            10 3067    29 2836           5932
            11 2865    43 2865           5773
            13 3056    30 2852           5938
            14 2865    42 2865           5772
            15 3044    28 2851           5923
            17 2865    43 2854           5762
            20 3015    29 2851           5895
            21 2842    42 2865           5749
            22 3089    28 2836           5953
            23 2865    43 2865           5773
            24 3078    44 2851           5973
            25 2865    43 2865           5773
            26 3022    29 2851           5902
            27 2865    44 2865           5774
            28 5859    46 5682          11587
            29 3182    29 2851           6062
            31 2866    42 2865           5773
            33 3020    28 2851           5899
            35 2865    43 2865           5773
            36 3042    28 2836           5906
            37 2865    42 2865           5772
            38 3056    28 2836           5920
            39 2865    43 2865           5773
            40 3059    31 2851           5941
            43 2865    43 2865           5773
            46 3046    30 2851           5927
            47 5681   298 5668          11647
            48 2865    43 2865           5773
            49 3094    28 2851           5973
            50 2865    44 2865           5774
            51 3037    42 2854           5933
            52 2866    42 2865           5773
            53 3008    29 2852           5889
            54 2835    45 2865           5745
            55 3088    30 2852           5970
            56 2865    43 2854           5762
            58 3058    29 2836           5923
            59 2866    45 2865           5776
            62 3055    28 2851           5934