============================================================
METADATA (7Th token of each sequence)
============================================================
Model: flame-moe-290m
Run ID: 31066
Epoch: 5473
Layer: 15
Token Position: 6 (7th)
Shards processed: 0-0.pt, 0-1.pt
Total sequences: 64
Sequence length: 512
============================================================

----------------samples-----------------
torch.Size([64])
tensor([  476, 23521,  2057,  1682,   637,  3426,   310,  7371,    13,  1060,
          676, 25373,   831,  7496, 16596, 11284,  3908,  2489,   253,   510,
           13,   767,   275,   253,   457,  1335,   533,   253,  4680,   588,
          990,    15,   346,   346,    13,  1849,   533,  1211,  3076,  2223,
         6409,   253,  8688,   533, 14918,  3496, 48216,  6782,    13,   534,
         1780,   932,   457,  3430,    15,  2105,   300,    84,  4887, 18997,
         5687, 25828,   253,   285])

-----------------scores-----------------
torch.Size([64, 6])
tensor([[0.0775, 0.0542, 0.0460, 0.0421, 0.0337, 0.0330],
        [0.1704, 0.1615, 0.1329, 0.0425, 0.0392, 0.0303],
        [0.0832, 0.0824, 0.0706, 0.0659, 0.0628, 0.0575],
        [0.2262, 0.1231, 0.1051, 0.0710, 0.0575, 0.0541],
        [0.2905, 0.2021, 0.0385, 0.0337, 0.0317, 0.0283],
        [0.2590, 0.1543, 0.0832, 0.0545, 0.0405, 0.0370],
        [0.2086, 0.1693, 0.0753, 0.0694, 0.0505, 0.0449],
        [0.1527, 0.0922, 0.0794, 0.0451, 0.0427, 0.0416],
        [0.2095, 0.1271, 0.0766, 0.0504, 0.0413, 0.0347],
        [0.2314, 0.1770, 0.0436, 0.0389, 0.0329, 0.0308],
        [0.1138, 0.1132, 0.0990, 0.0338, 0.0303, 0.0262],
        [0.0926, 0.0767, 0.0731, 0.0648, 0.0581, 0.0515],
        [0.1961, 0.0735, 0.0700, 0.0583, 0.0431, 0.0413],
        [0.2683, 0.1157, 0.0626, 0.0537, 0.0377, 0.0353],
        [0.2551, 0.1800, 0.0861, 0.0662, 0.0414, 0.0320],
        [0.1528, 0.0957, 0.0621, 0.0520, 0.0416, 0.0392],
        [0.1009, 0.0978, 0.0953, 0.0659, 0.0639, 0.0485],
        [0.1558, 0.1047, 0.0686, 0.0518, 0.0509, 0.0374],
        [0.1821, 0.1732, 0.1068, 0.0903, 0.0307, 0.0293],
        [0.1605, 0.1561, 0.1154, 0.1143, 0.0451, 0.0340],
        [0.2090, 0.1432, 0.0696, 0.0677, 0.0453, 0.0408],
        [0.2623, 0.0876, 0.0645, 0.0364, 0.0361, 0.0352],
        [0.1816, 0.1656, 0.0774, 0.0566, 0.0478, 0.0413],
        [0.2180, 0.0931, 0.0728, 0.0651, 0.0477, 0.0286],
        [0.3820, 0.2077, 0.0451, 0.0295, 0.0288, 0.0201],
        [0.1362, 0.1190, 0.0777, 0.0733, 0.0534, 0.0499],
        [0.2001, 0.1333, 0.1125, 0.0768, 0.0739, 0.0519],
        [0.1500, 0.0704, 0.0562, 0.0550, 0.0460, 0.0345],
        [0.3276, 0.1216, 0.0744, 0.0712, 0.0276, 0.0253],
        [0.1422, 0.0919, 0.0503, 0.0472, 0.0392, 0.0375],
        [0.1932, 0.1272, 0.1124, 0.0824, 0.0535, 0.0532],
        [0.2556, 0.1146, 0.0796, 0.0400, 0.0315, 0.0301],
        [0.0800, 0.0722, 0.0645, 0.0617, 0.0325, 0.0322],
        [0.1781, 0.0837, 0.0757, 0.0523, 0.0382, 0.0367],
        [0.1037, 0.1030, 0.0669, 0.0596, 0.0486, 0.0406],
        [0.1130, 0.1086, 0.0988, 0.0603, 0.0493, 0.0373],
        [0.1623, 0.0847, 0.0780, 0.0546, 0.0460, 0.0372],
        [0.1777, 0.0803, 0.0497, 0.0467, 0.0418, 0.0307],
        [0.1438, 0.1027, 0.0985, 0.0626, 0.0444, 0.0313],
        [0.1382, 0.1192, 0.1046, 0.0518, 0.0373, 0.0280],
        [0.2932, 0.2143, 0.0531, 0.0412, 0.0387, 0.0362],
        [0.1496, 0.1331, 0.1164, 0.0666, 0.0351, 0.0343],
        [0.2180, 0.1217, 0.1069, 0.0674, 0.0469, 0.0271],
        [0.2434, 0.1598, 0.0335, 0.0305, 0.0303, 0.0291],
        [0.1165, 0.1074, 0.0857, 0.0596, 0.0303, 0.0286],
        [0.1189, 0.0823, 0.0772, 0.0536, 0.0513, 0.0318],
        [0.1813, 0.1058, 0.0827, 0.0735, 0.0724, 0.0637],
        [0.1974, 0.0828, 0.0596, 0.0521, 0.0443, 0.0303],
        [0.1919, 0.1536, 0.0548, 0.0504, 0.0387, 0.0357],
        [0.5717, 0.0566, 0.0424, 0.0374, 0.0259, 0.0181],
        [0.2156, 0.1537, 0.0629, 0.0526, 0.0390, 0.0343],
        [0.1041, 0.0976, 0.0916, 0.0630, 0.0510, 0.0446],
        [0.1207, 0.1142, 0.0599, 0.0557, 0.0526, 0.0389],
        [0.1039, 0.0890, 0.0718, 0.0574, 0.0455, 0.0417],
        [0.2801, 0.1081, 0.0951, 0.0673, 0.0545, 0.0261],
        [0.1681, 0.0867, 0.0803, 0.0669, 0.0456, 0.0365],
        [0.1587, 0.1250, 0.1108, 0.0689, 0.0511, 0.0353],
        [0.2504, 0.1108, 0.0840, 0.0555, 0.0260, 0.0257],
        [0.1148, 0.1115, 0.1064, 0.0907, 0.0508, 0.0353],
        [0.1831, 0.1113, 0.0950, 0.0681, 0.0421, 0.0375],
        [0.3795, 0.0761, 0.0604, 0.0396, 0.0336, 0.0297],
        [0.1402, 0.1010, 0.0541, 0.0512, 0.0482, 0.0386],
        [0.1540, 0.1496, 0.0784, 0.0668, 0.0634, 0.0438],
        [0.1253, 0.1125, 0.0812, 0.0687, 0.0623, 0.0429]])

----------------indices-----------------
torch.Size([64, 6])
tensor([[34, 54,  5, 12, 13, 51],
        [16, 25, 20, 15, 44, 10],
        [ 4, 32, 55, 56, 42, 33],
        [56,  4, 36,  9, 55, 52],
        [59, 53, 45, 55, 44, 10],
        [12,  2,  0, 10,  3, 58],
        [44, 40, 15,  3, 59, 58],
        [42, 44, 11, 54, 52, 57],
        [52, 57, 56, 55, 36,  4],
        [20, 21, 48, 18,  6, 38],
        [ 9, 25, 16, 63, 15, 44],
        [48, 20, 43, 21, 25, 18],
        [44, 46, 35, 32, 13, 15],
        [ 5,  0, 31, 16,  2, 60],
        [28, 19, 40, 20, 35, 50],
        [49, 59, 30, 18, 43,  8],
        [17, 47, 22, 25, 41, 39],
        [26, 38, 52, 37, 50,  2],
        [ 4, 22, 57, 47,  1, 12],
        [59, 44, 53, 58, 45, 18],
        [49, 51, 13, 26, 19,  8],
        [62, 38,  6, 37, 26, 15],
        [49, 26, 19, 50,  8, 13],
        [47, 11, 38,  1,  4, 14],
        [52, 36, 56,  1, 38, 28],
        [ 9, 21, 61, 60, 32,  2],
        [56, 42, 55,  4, 27,  9],
        [46, 14, 25, 17, 39, 48],
        [ 2, 21, 31, 10, 16, 12],
        [ 1, 12, 22, 29, 57,  3],
        [52, 56, 36,  4, 55, 22],
        [62, 37, 26, 50, 19, 38],
        [54, 53, 40, 34, 60,  5],
        [57, 16, 42,  1, 27, 20],
        [39, 17, 14, 43, 25, 50],
        [37, 29, 30, 62, 50, 26],
        [40, 44, 58, 27, 35, 50],
        [58, 50, 45,  8, 44, 33],
        [ 7, 27,  0,  2, 47, 33],
        [61, 25,  3, 10, 16, 20],
        [58, 42, 50, 39, 40, 44],
        [10, 59, 45, 53, 18, 43],
        [36, 55, 52, 57, 56, 42],
        [11, 32, 47, 24, 61,  6],
        [61, 32, 40, 24,  6, 34],
        [53, 44, 59, 58, 15, 45],
        [32, 55,  4, 24, 56,  9],
        [24, 19,  1, 28, 61, 22],
        [ 4, 47, 24, 17, 61, 32],
        [12, 28, 19, 35, 36, 50],
        [ 5,  0, 14, 60, 29, 16],
        [10, 20,  6, 57, 54, 12],
        [38, 62, 26,  2, 21, 37],
        [48, 25, 28, 50, 43, 17],
        [45, 53, 59, 10, 18, 49],
        [50, 28, 19, 49, 35, 40],
        [32, 24,  4,  9, 56, 61],
        [42, 55, 57, 27,  1, 24],
        [ 2, 58, 31,  0,  5, 16],
        [62, 29, 49,  8, 30, 37],
        [61,  9, 34,  2, 32, 40],
        [52, 28, 39, 58, 57,  8],
        [45, 15, 59, 53, 44, 18],
        [46, 14, 18, 39, 17, 41]])
