============================================================
METADATA (10Th token of each sequence)
============================================================
Model: flame-moe-290m
Run ID: 31066
Epoch: 5473
Layer: 8
Token Position: 9 (10th)
Shards processed: 0-0.pt, 0-1.pt
Total sequences: 64
Sequence length: 512
============================================================

----------------samples-----------------
torch.Size([64])
tensor([  247,    15,   717,   417,  2762,   434,   436,   253,   273,   273,
        50276, 16922,   327,  2825,  8981,    19,   187,   285,   247, 49163,
          310,   253,   273,   285,   317,   281,   310,  7636,   187,   342,
        18417,    42,   273,   275,   247,    15, 18226,   273, 19487,  9446,
         9632,  2570,  3253,  1537, 22777, 11678,    32, 16280,   476, 11369,
          368,   253,  1878,     2,   326,  5053,   247, 12427,  3753,  8920,
        24787,  4493,   379,   731])

-----------------scores-----------------
torch.Size([64, 6])
tensor([[0.1067, 0.0888, 0.0850, 0.0711, 0.0618, 0.0416],
        [0.1789, 0.1182, 0.1138, 0.1053, 0.0848, 0.0332],
        [0.1472, 0.0781, 0.0768, 0.0575, 0.0373, 0.0311],
        [0.1539, 0.0909, 0.0762, 0.0734, 0.0732, 0.0601],
        [0.1538, 0.1377, 0.1357, 0.0829, 0.0811, 0.0359],
        [0.1727, 0.1289, 0.1129, 0.0745, 0.0457, 0.0402],
        [0.2976, 0.1068, 0.0743, 0.0604, 0.0509, 0.0323],
        [0.1580, 0.1380, 0.0893, 0.0457, 0.0385, 0.0377],
        [0.1685, 0.0862, 0.0510, 0.0508, 0.0420, 0.0403],
        [0.1317, 0.0936, 0.0791, 0.0776, 0.0739, 0.0501],
        [0.1612, 0.1172, 0.0700, 0.0646, 0.0471, 0.0451],
        [0.2295, 0.1654, 0.0905, 0.0503, 0.0369, 0.0351],
        [0.1398, 0.1340, 0.0726, 0.0648, 0.0493, 0.0444],
        [0.1833, 0.1797, 0.0991, 0.0662, 0.0326, 0.0318],
        [0.4536, 0.1148, 0.0431, 0.0428, 0.0352, 0.0258],
        [0.1352, 0.1096, 0.0880, 0.0582, 0.0515, 0.0386],
        [0.4350, 0.0907, 0.0865, 0.0652, 0.0593, 0.0406],
        [0.1794, 0.0749, 0.0643, 0.0580, 0.0519, 0.0476],
        [0.1501, 0.1059, 0.0956, 0.0722, 0.0416, 0.0397],
        [0.2393, 0.0828, 0.0764, 0.0637, 0.0579, 0.0316],
        [0.1424, 0.0990, 0.0882, 0.0787, 0.0679, 0.0569],
        [0.2230, 0.0958, 0.0784, 0.0529, 0.0493, 0.0488],
        [0.1533, 0.1423, 0.1294, 0.1162, 0.0367, 0.0289],
        [0.1262, 0.1254, 0.1126, 0.0490, 0.0365, 0.0348],
        [0.1714, 0.1445, 0.1299, 0.0909, 0.0545, 0.0336],
        [0.1647, 0.1402, 0.1296, 0.0811, 0.0651, 0.0602],
        [0.1333, 0.1132, 0.0907, 0.0867, 0.0536, 0.0298],
        [0.2956, 0.1056, 0.0998, 0.0724, 0.0658, 0.0303],
        [0.1400, 0.1034, 0.1029, 0.0747, 0.0579, 0.0383],
        [0.2813, 0.1663, 0.0644, 0.0458, 0.0432, 0.0345],
        [0.1763, 0.1273, 0.1098, 0.0654, 0.0653, 0.0358],
        [0.2046, 0.0937, 0.0934, 0.0589, 0.0553, 0.0402],
        [0.2175, 0.0608, 0.0488, 0.0374, 0.0369, 0.0319],
        [0.3283, 0.0532, 0.0470, 0.0403, 0.0397, 0.0315],
        [0.1487, 0.0868, 0.0480, 0.0439, 0.0387, 0.0350],
        [0.1611, 0.1402, 0.0587, 0.0523, 0.0439, 0.0437],
        [0.4301, 0.0721, 0.0567, 0.0464, 0.0299, 0.0259],
        [0.1465, 0.1069, 0.1058, 0.0928, 0.0539, 0.0380],
        [0.2024, 0.1660, 0.1644, 0.0480, 0.0477, 0.0222],
        [0.1061, 0.0675, 0.0645, 0.0599, 0.0578, 0.0506],
        [0.1900, 0.1042, 0.0924, 0.0911, 0.0687, 0.0473],
        [0.2220, 0.0685, 0.0551, 0.0530, 0.0441, 0.0391],
        [0.1157, 0.0803, 0.0577, 0.0431, 0.0392, 0.0380],
        [0.1109, 0.0967, 0.0798, 0.0595, 0.0459, 0.0453],
        [0.1561, 0.1245, 0.1075, 0.0581, 0.0372, 0.0369],
        [0.1744, 0.1064, 0.1004, 0.0959, 0.0650, 0.0630],
        [0.1637, 0.1172, 0.0600, 0.0495, 0.0399, 0.0357],
        [0.3356, 0.0664, 0.0589, 0.0556, 0.0512, 0.0380],
        [0.1369, 0.1240, 0.0910, 0.0579, 0.0525, 0.0399],
        [0.1086, 0.0737, 0.0625, 0.0623, 0.0445, 0.0390],
        [0.1835, 0.1686, 0.1244, 0.0534, 0.0484, 0.0404],
        [0.1581, 0.1201, 0.1131, 0.0839, 0.0481, 0.0452],
        [0.1473, 0.1076, 0.0699, 0.0432, 0.0431, 0.0383],
        [0.3636, 0.1461, 0.0502, 0.0326, 0.0242, 0.0201],
        [0.1448, 0.0672, 0.0611, 0.0563, 0.0412, 0.0398],
        [0.2205, 0.1232, 0.0536, 0.0456, 0.0430, 0.0430],
        [0.1007, 0.0828, 0.0578, 0.0541, 0.0479, 0.0420],
        [0.1569, 0.1427, 0.1306, 0.1171, 0.1082, 0.0529],
        [0.1868, 0.0666, 0.0562, 0.0450, 0.0372, 0.0340],
        [0.1567, 0.1473, 0.1104, 0.1012, 0.0360, 0.0324],
        [0.2956, 0.1429, 0.0917, 0.0412, 0.0248, 0.0222],
        [0.1754, 0.1445, 0.1073, 0.0811, 0.0550, 0.0548],
        [0.1030, 0.0704, 0.0617, 0.0511, 0.0413, 0.0361],
        [0.1412, 0.1368, 0.1274, 0.0910, 0.0741, 0.0516]])

----------------indices-----------------
torch.Size([64, 6])
tensor([[14, 17,  7,  9,  3, 27],
        [15, 22, 62, 36, 16, 40],
        [50, 32, 24, 36,  3, 21],
        [50, 41, 26, 20, 10, 39],
        [10, 20, 31,  3, 50, 26],
        [22, 50, 62, 32, 12, 46],
        [63, 58, 55, 13, 49, 27],
        [59, 23,  6, 21, 47, 54],
        [21, 39, 59, 43, 23, 29],
        [37, 49, 58, 28, 13,  3],
        [34, 25, 19,  0, 60,  7],
        [59, 48, 23, 21, 54, 51],
        [50,  1, 32, 39, 25, 24],
        [39, 10, 17, 21, 50, 40],
        [46, 12, 43, 61, 34,  5],
        [31, 14, 27, 56,  9, 20],
        [16, 15, 62,  8, 22, 40],
        [61,  0, 44, 46,  4, 39],
        [35, 33, 20, 47, 38, 57],
        [25,  7, 39,  0, 34, 19],
        [39,  1, 50, 24, 23, 32],
        [20, 50, 41, 10, 59, 40],
        [ 6, 54, 59, 23, 57, 47],
        [22, 50, 62, 32, 18, 46],
        [33, 31, 44, 38, 20, 57],
        [48, 54, 23, 39, 35,  7],
        [22, 50, 32, 62, 12,  3],
        [18, 25, 60, 14,  4, 34],
        [31, 10, 26, 50, 20, 41],
        [35, 24, 49, 50, 29, 28],
        [58,  9, 13, 63, 55,  3],
        [31, 20, 50, 10, 44, 59],
        [ 5, 11,  3, 60,  8, 30],
        [ 3, 34,  2, 14, 25, 60],
        [17,  7, 11, 34, 39,  3],
        [14, 27, 56,  9, 35, 44],
        [29, 49, 63, 58, 28,  3],
        [48, 54, 17,  7, 35, 18],
        [46, 62, 22, 15, 36,  3],
        [46, 61, 48,  4, 12, 43],
        [54, 48, 52, 23,  7, 24],
        [24, 52, 29, 63, 28, 50],
        [30, 11, 27, 52,  9, 45],
        [10,  7, 31, 26, 52, 41],
        [56, 53,  5, 60, 11,  8],
        [ 7, 48, 25, 39, 23, 54],
        [24, 35, 26,  1, 28, 59],
        [22, 46, 45, 36, 62, 24],
        [29, 58, 28, 42, 52,  2],
        [33, 56, 53, 11,  9,  5],
        [22, 62, 46, 15, 25, 50],
        [62, 50, 22, 18, 30, 36],
        [ 9, 11, 30, 53, 52, 27],
        [24, 55, 25, 63, 45, 13],
        [24, 50, 36, 26,  2, 32],
        [ 3, 17, 30, 11,  8,  7],
        [53, 63,  9, 12, 27, 16],
        [61, 46,  4, 43, 40, 12],
        [24, 51, 29,  2, 26, 50],
        [58, 52, 48, 37, 13,  2],
        [35, 47,  9, 29,  3,  1],
        [21, 59, 23,  6, 39, 47],
        [14, 18,  8, 40, 27, 44],
        [62, 46, 22, 36, 15,  3]])
