============================================================
METADATA (8Th token of each sequence)
============================================================
Model: flame-moe-290m
Run ID: 31066
Epoch: 5473
Layer: 13
Token Position: 7 (8th)
Shards processed: 0-0.pt, 0-1.pt
Total sequences: 64
Sequence length: 512
============================================================

----------------samples-----------------
torch.Size([64])
tensor([ 7826,     3,    13,  1445,   347,   533, 35954,   310,   253,   275,
           70,   249,   310,   342,   452,   187,    15,  4633,  3513, 44853,
          347,  1897,   253,  1249,    84,  1908,   521,  5810,  7108,   368,
          273,   187,   395,    40,   326,  2455,   253,  1052,  9894,  7479,
          476,  4668,     6,   352,   715,   261,  6995,  1495,   390,   310,
        43728,   475,   250,    13,   309,   533,   569, 33804,   253,  4957,
         5402,    13,   288,  1361])

-----------------scores-----------------
torch.Size([64, 6])
tensor([[0.0760, 0.0423, 0.0391, 0.0316, 0.0303, 0.0288],
        [0.1043, 0.0827, 0.0800, 0.0721, 0.0423, 0.0350],
        [0.1113, 0.0671, 0.0493, 0.0463, 0.0414, 0.0406],
        [0.2418, 0.0989, 0.0776, 0.0337, 0.0302, 0.0288],
        [0.1644, 0.0765, 0.0750, 0.0702, 0.0507, 0.0448],
        [0.1254, 0.0726, 0.0596, 0.0532, 0.0405, 0.0338],
        [0.2740, 0.1169, 0.0453, 0.0439, 0.0298, 0.0250],
        [0.0877, 0.0788, 0.0677, 0.0627, 0.0552, 0.0529],
        [0.1428, 0.0952, 0.0551, 0.0516, 0.0414, 0.0393],
        [0.1863, 0.1146, 0.0752, 0.0477, 0.0470, 0.0412],
        [0.0936, 0.0592, 0.0500, 0.0428, 0.0403, 0.0364],
        [0.1429, 0.0857, 0.0612, 0.0549, 0.0478, 0.0387],
        [0.1345, 0.1250, 0.0771, 0.0654, 0.0538, 0.0301],
        [0.1719, 0.1298, 0.1295, 0.0504, 0.0409, 0.0339],
        [0.2093, 0.0797, 0.0662, 0.0557, 0.0345, 0.0345],
        [0.0546, 0.0543, 0.0506, 0.0485, 0.0464, 0.0347],
        [0.2633, 0.2278, 0.0669, 0.0635, 0.0446, 0.0360],
        [0.1110, 0.0478, 0.0451, 0.0431, 0.0430, 0.0422],
        [0.1203, 0.0730, 0.0706, 0.0601, 0.0558, 0.0475],
        [0.0833, 0.0619, 0.0585, 0.0406, 0.0399, 0.0366],
        [0.0767, 0.0704, 0.0631, 0.0414, 0.0388, 0.0375],
        [0.1592, 0.1194, 0.0623, 0.0599, 0.0551, 0.0452],
        [0.0938, 0.0747, 0.0603, 0.0588, 0.0482, 0.0366],
        [0.1803, 0.0959, 0.0820, 0.0562, 0.0426, 0.0348],
        [0.0772, 0.0609, 0.0414, 0.0346, 0.0329, 0.0304],
        [0.1473, 0.1170, 0.0564, 0.0563, 0.0517, 0.0456],
        [0.1084, 0.0984, 0.0814, 0.0658, 0.0515, 0.0464],
        [0.1246, 0.0610, 0.0504, 0.0449, 0.0411, 0.0352],
        [0.1063, 0.0677, 0.0531, 0.0442, 0.0338, 0.0334],
        [0.1241, 0.0810, 0.0580, 0.0517, 0.0511, 0.0379],
        [0.2519, 0.0924, 0.0373, 0.0277, 0.0260, 0.0251],
        [0.2004, 0.0538, 0.0391, 0.0383, 0.0375, 0.0310],
        [0.0448, 0.0401, 0.0393, 0.0375, 0.0362, 0.0335],
        [0.1240, 0.0915, 0.0788, 0.0613, 0.0553, 0.0320],
        [0.1298, 0.0858, 0.0586, 0.0548, 0.0445, 0.0319],
        [0.0763, 0.0687, 0.0633, 0.0365, 0.0357, 0.0331],
        [0.2163, 0.2070, 0.0330, 0.0270, 0.0268, 0.0225],
        [0.0879, 0.0846, 0.0743, 0.0507, 0.0500, 0.0412],
        [0.1443, 0.1388, 0.1313, 0.0786, 0.0576, 0.0221],
        [0.0665, 0.0548, 0.0450, 0.0414, 0.0399, 0.0393],
        [0.0655, 0.0569, 0.0545, 0.0462, 0.0308, 0.0307],
        [0.0868, 0.0697, 0.0619, 0.0557, 0.0514, 0.0411],
        [0.1399, 0.1289, 0.0730, 0.0643, 0.0387, 0.0346],
        [0.0896, 0.0681, 0.0656, 0.0421, 0.0313, 0.0293],
        [0.4005, 0.1454, 0.0655, 0.0310, 0.0207, 0.0195],
        [0.1245, 0.1058, 0.0754, 0.0614, 0.0473, 0.0433],
        [0.0884, 0.0791, 0.0780, 0.0439, 0.0376, 0.0314],
        [0.1259, 0.1162, 0.1000, 0.0785, 0.0360, 0.0351],
        [0.2319, 0.0744, 0.0625, 0.0418, 0.0327, 0.0320],
        [0.0654, 0.0615, 0.0585, 0.0575, 0.0526, 0.0518],
        [0.0887, 0.0882, 0.0736, 0.0460, 0.0355, 0.0326],
        [0.2667, 0.1459, 0.1038, 0.0833, 0.0475, 0.0316],
        [0.1380, 0.1366, 0.0604, 0.0445, 0.0403, 0.0392],
        [0.2764, 0.0626, 0.0593, 0.0509, 0.0339, 0.0312],
        [0.1354, 0.1021, 0.0683, 0.0540, 0.0455, 0.0416],
        [0.0745, 0.0596, 0.0529, 0.0392, 0.0381, 0.0356],
        [0.1546, 0.1120, 0.0604, 0.0335, 0.0282, 0.0279],
        [0.1738, 0.0810, 0.0433, 0.0416, 0.0411, 0.0355],
        [0.1764, 0.0553, 0.0428, 0.0325, 0.0313, 0.0263],
        [0.0956, 0.0524, 0.0450, 0.0416, 0.0356, 0.0341],
        [0.1104, 0.1030, 0.1021, 0.0314, 0.0312, 0.0299],
        [0.1664, 0.1322, 0.0671, 0.0526, 0.0500, 0.0461],
        [0.1161, 0.1105, 0.1024, 0.0570, 0.0528, 0.0442],
        [0.1345, 0.0930, 0.0854, 0.0842, 0.0680, 0.0483]])

----------------indices-----------------
torch.Size([64, 6])
tensor([[48, 58, 31,  9, 46, 51],
        [ 7, 34, 22, 51, 28, 14],
        [31, 40, 48, 33,  9, 59],
        [11, 21, 25, 51, 45, 26],
        [11, 51, 17, 24, 16, 25],
        [59, 27, 16, 19, 14, 18],
        [55, 18, 53, 61, 30, 17],
        [25, 21,  7, 18, 26,  6],
        [19, 59,  9, 21, 11,  5],
        [19, 16, 59, 46, 31, 55],
        [53, 26, 56,  2, 11, 17],
        [51, 13, 17, 28, 37, 24],
        [63, 35, 42,  4, 62, 15],
        [25, 62, 52, 20,  1, 48],
        [13, 40, 14, 63, 22, 37],
        [32, 25, 14, 24, 12, 57],
        [20, 44, 62, 48, 63, 26],
        [55, 30, 18, 35, 58, 61],
        [42, 28, 52, 47, 63, 38],
        [12, 22, 14,  9, 13, 19],
        [60, 22, 32, 34, 38, 21],
        [58, 30, 52, 31,  2, 47],
        [ 5,  9, 22, 52, 14, 12],
        [32, 57, 61,  0,  1, 10],
        [19, 24, 15, 59, 17,  9],
        [30, 58, 47,  2,  3, 32],
        [25,  7, 18, 21,  8, 26],
        [39, 45, 51, 54, 11, 56],
        [36, 35,  3, 57, 29, 33],
        [45, 39, 46, 23, 51, 54],
        [35, 12, 15, 56, 50, 13],
        [19, 59, 16, 17,  7, 14],
        [ 6, 23, 54, 28, 48, 46],
        [15,  4, 62, 35, 63, 44],
        [18, 59,  6, 19, 31, 24],
        [45,  7, 23, 35, 61,  1],
        [35,  2, 30, 32, 58, 62],
        [35, 32, 61, 24, 53, 63],
        [12, 22, 40, 63, 14, 33],
        [37, 52, 43,  5, 28, 60],
        [45, 36, 33, 60, 21, 49],
        [ 7, 39, 18, 21,  6,  8],
        [ 2, 47, 30, 58, 57, 49],
        [39, 45, 11, 16, 54, 46],
        [20, 48, 62, 44, 60,  9],
        [62, 43,  8, 44, 60, 20],
        [ 5, 39, 37, 48,  6, 42],
        [49, 38, 37, 43, 42, 52],
        [28, 51, 61, 24, 63, 50],
        [39, 21,  6, 18,  1, 23],
        [16, 33, 59,  5, 19, 50],
        [47, 30,  2, 58, 13,  3],
        [52,  3, 60, 38, 29,  5],
        [62, 44,  4, 20, 52,  8],
        [29, 36, 11,  3, 54, 60],
        [54, 33, 45, 36, 60, 11],
        [61, 32, 63, 24,  0, 30],
        [ 2, 55, 57, 36, 34, 60],
        [24, 45,  6, 46, 23,  7],
        [30,  0,  2, 32, 53, 58],
        [24, 16, 19, 17, 59,  1],
        [20, 62, 50,  4, 23, 44],
        [ 4, 15, 41, 42, 52, 40],
        [44, 27, 63, 40, 62,  4]])
