PIM Expert Operations - Total Cycles
Decoder-BS64/6th/pim/2
Note: 2 activation movements (fc1 and fc2)
BS16 - Activation divider: 128

--- Activation Movements ---
layer0.ffn.activation_movement_2: 1118 cycles
layer0.ffn.activation_movement_1: 1124 cycles
Total activation movement cycles: 2242
----------------------------

================================================================================
 Expert Number  fc1  gelu  fc2  total compute
             1 2865    28 2851           5744
             2 2865    42 2854           5761
             3 2865    30 2851           5746
             4 2865    44 2865           5774
             5 2897    28 2854           5779
             6 2865    42 2865           5772
             7 3042    31 2851           5924
             8 2865    42 2865           5772
             9 3041    28 2836           5905
            10 5681   354 5682          11717
            12 2865    43 2865           5773
            13 5863    46 5681          11590
            14 3179    28 2851           6058
            15 2865    42 2865           5772
            16 3018    30 2851           5899
            17 2865    42 2865           5772
            18 3027    30 2851           5908
            19 2865    42 2866           5773
            20 3061    28 2851           5940
            21 2846    44 2865           5755
            23 3060    28 2851           5939
            24 2846    42 2865           5753
            25 3060    29 2851           5940
            26 2836    43 2865           5744
            27 3053    28 2836           5917
            28 2865    43 2865           5773
            29 3077    29 2851           5957
            30 2865    43 2865           5773
            31 3047    29 2851           5927
            33 2865    42 2854           5761
            34 3057    28 2851           5936
            35 2865    42 2865           5772
            36 3046    29 2851           5926
            37 2865    42 2854           5761
            38 3054    13 2851           5918
            40 2865    42 2865           5772
            41 3061    42 2865           5968
            42 2835    42 2866           5743
            45 3001    29 2851           5881
            46 2835    42 2854           5731
            47 3123    30 2852           6005
            48 2865    44 2865           5774
            49 3044    28 2836           5908
            50 2866    43 2865           5774
            51 3060    28 2851           5939
            54 2835    42 2854           5731
            55 3087    28 2851           5966
            56 2865    42 2850           5757
            57 3058    30 2851           5939
            58 2865    42 2865           5772
            59 3026    12 2854           5892
            60 2836    42 2835           5713
            61 3119    28 2836           5983
            62 2865    45 2866           5776