============================================================
METADATA (5Th token of each sequence)
============================================================
Model: flame-moe-290m
Run ID: 31066
Epoch: 5473
Layer: 16
Token Position: 4 (5th)
Shards processed: 0-0.pt, 0-1.pt
Total sequences: 64
Sequence length: 512
============================================================

----------------samples-----------------
torch.Size([64])
tensor([  247,   253,   275,   326, 11403,   281,   280,   187,   285, 10280,
           15,  3655,   864,  4439,  2825,  9214, 26940,   247,    79,   187,
         3416,    13,  8750,  4345,   659,    13,   253, 48717,   281,   310,
          387,   588,  1333,  1469,    13,   985,   562,   751,  9549, 10861,
          510,  2954,  7673,  5286,   187,    13,  2756,   273, 31910, 28190,
         3378, 10309,  4620, 47693, 34703,  4942,   521,   733,  2506,  1320,
        30254,   616, 13958, 35328])

-----------------scores-----------------
torch.Size([64, 6])
tensor([[0.1231, 0.0430, 0.0412, 0.0402, 0.0382, 0.0380],
        [0.1350, 0.0874, 0.0549, 0.0383, 0.0373, 0.0332],
        [0.6051, 0.0520, 0.0389, 0.0381, 0.0232, 0.0201],
        [0.2179, 0.1329, 0.1227, 0.0851, 0.0510, 0.0298],
        [0.1781, 0.1767, 0.1203, 0.0771, 0.0273, 0.0265],
        [0.1946, 0.0888, 0.0784, 0.0671, 0.0662, 0.0658],
        [0.1187, 0.0833, 0.0708, 0.0425, 0.0393, 0.0369],
        [0.0894, 0.0694, 0.0557, 0.0538, 0.0528, 0.0520],
        [0.1551, 0.0986, 0.0737, 0.0686, 0.0528, 0.0340],
        [0.1967, 0.1219, 0.0393, 0.0365, 0.0363, 0.0265],
        [0.1522, 0.1144, 0.1091, 0.0991, 0.0647, 0.0598],
        [0.2987, 0.0983, 0.0665, 0.0643, 0.0421, 0.0396],
        [0.3530, 0.0601, 0.0546, 0.0481, 0.0479, 0.0469],
        [0.3733, 0.0824, 0.0363, 0.0353, 0.0331, 0.0260],
        [0.1991, 0.1502, 0.0814, 0.0615, 0.0585, 0.0372],
        [0.1838, 0.1005, 0.0978, 0.0878, 0.0449, 0.0369],
        [0.3844, 0.0446, 0.0410, 0.0406, 0.0402, 0.0316],
        [0.1408, 0.1074, 0.1050, 0.0871, 0.0550, 0.0531],
        [0.0927, 0.0909, 0.0685, 0.0643, 0.0516, 0.0478],
        [0.1760, 0.0820, 0.0636, 0.0530, 0.0527, 0.0397],
        [0.1462, 0.1324, 0.0945, 0.0780, 0.0550, 0.0311],
        [0.0946, 0.0904, 0.0727, 0.0451, 0.0429, 0.0391],
        [0.2099, 0.1813, 0.0800, 0.0462, 0.0425, 0.0378],
        [0.2446, 0.1073, 0.0569, 0.0433, 0.0387, 0.0329],
        [0.1641, 0.1330, 0.0918, 0.0770, 0.0571, 0.0487],
        [0.1703, 0.1188, 0.0644, 0.0539, 0.0505, 0.0460],
        [0.0979, 0.0965, 0.0805, 0.0686, 0.0593, 0.0466],
        [0.3308, 0.0730, 0.0619, 0.0456, 0.0440, 0.0361],
        [0.1372, 0.0869, 0.0808, 0.0649, 0.0537, 0.0519],
        [0.1246, 0.0868, 0.0812, 0.0715, 0.0708, 0.0581],
        [0.1430, 0.1090, 0.0881, 0.0577, 0.0570, 0.0510],
        [0.1440, 0.0877, 0.0852, 0.0797, 0.0738, 0.0674],
        [0.0618, 0.0610, 0.0493, 0.0477, 0.0473, 0.0409],
        [0.2444, 0.0622, 0.0587, 0.0391, 0.0358, 0.0344],
        [0.1837, 0.1478, 0.1231, 0.0588, 0.0546, 0.0358],
        [0.1287, 0.0761, 0.0708, 0.0692, 0.0484, 0.0436],
        [0.1962, 0.1187, 0.0521, 0.0463, 0.0388, 0.0380],
        [0.0922, 0.0681, 0.0675, 0.0558, 0.0465, 0.0348],
        [0.1601, 0.0916, 0.0653, 0.0588, 0.0539, 0.0442],
        [0.1894, 0.1549, 0.0942, 0.0639, 0.0605, 0.0264],
        [0.1278, 0.0729, 0.0683, 0.0554, 0.0449, 0.0408],
        [0.1823, 0.1657, 0.0690, 0.0538, 0.0394, 0.0249],
        [0.1597, 0.1519, 0.1387, 0.0685, 0.0407, 0.0340],
        [0.1259, 0.1061, 0.0977, 0.0834, 0.0493, 0.0407],
        [0.1407, 0.0682, 0.0591, 0.0541, 0.0504, 0.0412],
        [0.2199, 0.0802, 0.0582, 0.0534, 0.0386, 0.0349],
        [0.1296, 0.0876, 0.0836, 0.0663, 0.0530, 0.0494],
        [0.1914, 0.1464, 0.0971, 0.0705, 0.0510, 0.0419],
        [0.2616, 0.1770, 0.0519, 0.0324, 0.0303, 0.0302],
        [0.1026, 0.0908, 0.0730, 0.0662, 0.0623, 0.0546],
        [0.3134, 0.0843, 0.0656, 0.0460, 0.0444, 0.0434],
        [0.1585, 0.1338, 0.0865, 0.0736, 0.0556, 0.0376],
        [0.2114, 0.0503, 0.0500, 0.0467, 0.0385, 0.0350],
        [0.1007, 0.0934, 0.0899, 0.0626, 0.0513, 0.0479],
        [0.2557, 0.0792, 0.0604, 0.0472, 0.0310, 0.0306],
        [0.1467, 0.1110, 0.1051, 0.0550, 0.0394, 0.0335],
        [0.2296, 0.1603, 0.1393, 0.0557, 0.0385, 0.0345],
        [0.1583, 0.0757, 0.0660, 0.0473, 0.0428, 0.0335],
        [0.1310, 0.1151, 0.0659, 0.0636, 0.0629, 0.0518],
        [0.1272, 0.1045, 0.0621, 0.0512, 0.0447, 0.0441],
        [0.2374, 0.0944, 0.0722, 0.0498, 0.0444, 0.0358],
        [0.1262, 0.0759, 0.0743, 0.0437, 0.0410, 0.0317],
        [0.2275, 0.1083, 0.0533, 0.0509, 0.0490, 0.0341],
        [0.3380, 0.0930, 0.0492, 0.0391, 0.0310, 0.0282]])

----------------indices-----------------
torch.Size([64, 6])
tensor([[60, 14, 34, 63, 25, 33],
        [26,  1, 59, 41, 42, 57],
        [46, 25,  4,  1, 57, 18],
        [46, 22, 62, 15, 36, 25],
        [28, 58, 13, 55, 49, 63],
        [35, 43, 12, 26, 57, 46],
        [24, 36, 32, 51, 50, 29],
        [43, 21, 54, 23, 59, 44],
        [22, 62, 15, 32, 46,  4],
        [53, 26, 48, 54, 28,  8],
        [48,  1, 54,  7, 39, 28],
        [30, 60,  9, 53, 45, 14],
        [ 8, 11, 40, 30, 16, 14],
        [24, 35, 13, 29,  6, 55],
        [27, 48, 39, 54, 23, 21],
        [37, 51, 29, 13, 58, 50],
        [41,  3, 49, 20, 38, 51],
        [33, 27, 63, 56,  9, 35],
        [18, 33, 20, 14, 11,  5],
        [32, 56, 19, 50,  1, 36],
        [62, 22, 12, 36, 32, 50],
        [49, 13, 37, 51, 26, 58],
        [ 5, 12, 57, 16, 19, 30],
        [15, 22,  0, 18, 40, 32],
        [43, 34, 19, 12, 61,  4],
        [32,  3, 19,  8,  1, 18],
        [33, 35, 27, 56, 38,  8],
        [37, 46, 49, 45, 51, 13],
        [60, 18,  5, 30, 34,  3],
        [38,  3, 57, 41, 33, 20],
        [ 1, 24, 39, 32, 21, 47],
        [48, 39, 21, 28, 54, 47],
        [ 5, 60, 34, 11, 53,  7],
        [43, 61, 21, 57,  4,  1],
        [18, 30, 60, 17, 25, 16],
        [ 9, 27, 14, 11, 30, 63],
        [55, 13, 63, 16, 37, 58],
        [ 0, 60, 38, 15, 25, 46],
        [34, 38,  8, 33, 19, 11],
        [51, 38, 44, 41, 53,  3],
        [11, 18, 14, 27, 17, 16],
        [55, 63, 58, 13, 37, 40],
        [ 8, 34,  4, 15, 62, 16],
        [26, 42,  2,  1, 37, 58],
        [11, 18,  9, 14, 27, 30],
        [38, 60, 40, 42, 33, 55],
        [20, 53, 31, 33, 40, 41],
        [29, 55, 13, 58, 49,  2],
        [17, 48, 23, 52, 27, 59],
        [ 7,  3, 34, 38, 44, 14],
        [43, 61, 19, 46, 22,  0],
        [28, 15, 47, 24, 55, 46],
        [15, 60, 18,  8, 16, 14],
        [55, 42, 37, 13, 15,  4],
        [15, 32, 46, 22, 26,  1],
        [ 0, 15, 46, 18, 32, 34],
        [37, 55, 49, 43, 29, 60],
        [ 9, 34, 11,  8, 60, 63],
        [23, 39, 42, 21, 17, 27],
        [51, 42,  0, 38, 61, 26],
        [43, 61,  0, 44, 34,  5],
        [24, 55, 28, 47, 15, 42],
        [ 1, 42, 15, 21,  2, 61],
        [15,  1, 22, 42, 32, 36]])
