PIM Expert Operations - Total Cycles
Decoder-BS64/3rd/pim/9
Note: 2 activation movements (fc1 and fc2)
BS16 - Activation divider: 128

--- Activation Movements ---
layer0.ffn.activation_movement_2: 1118 cycles
layer0.ffn.activation_movement_1: 1124 cycles
Total activation movement cycles: 2242
----------------------------

================================================================================
 Expert Number  fc1  gelu  fc2  total compute
             0 2865    28 2851           5744
             1 2865    42 2854           5761
             2 2865    30 2851           5746
             3 2865    43 2854           5762
             4 2909    28 2851           5788
             5 2865    42 2854           5761
             6 3009    28 2851           5888
             7 2865    45 2865           5775
             8 3088    28 2851           5967
             9 2865    42 2854           5761
            11 3060    29 2851           5940
            12 2842    43 2865           5750
            13 3045    28 2851           5924
            16 5651    46 5945          11642
            17 5682    46 5681          11409
            18 2865    42 2865           5772
            21 2851    43 2865           5759
            22 2865    43 2866           5774
            23 2851    43 2854           5748
            24 2865    43 2865           5773
            25 2851    43 2865           5759
            26 2865    98 2865           5828
            27 2851    43 2865           5759
            28 2865   208 2865           5938
            29 2851    44 2865           5760
            30 2865   208 2854           5927
            31 2865    42 2865           5772
            32 2865   201 2854           5920
            33 2836    42 2865           5743
            35 2865   234 2865           5964
            36 2851    43 2854           5748
            37 2835   247 2865           5947
            38 2851    42 2865           5758
            39 2865   208 2854           5927
            40 2851    45 2865           5761
            42 2865   217 2866           5948
            43 2851    43 2865           5759
            45 2866   205 2865           5936
            46 2835    43 2865           5743
            47 2846   243 2854           5943
            48 2865    42 2865           5772
            49 2865   204 2854           5923
            50 2852    43 2865           5760
            51 2865   217 2865           5947
            52 2851    44 2865           5760
            53 2865   205 2866           5936
            54 2852    45 2865           5762
            57 2865   203 2865           5933
            60 2851    42 2865           5758
            61 2865   208 2865           5938
            63 2835    44 2865           5744