PIM Expert Operations - Total Cycles
Decoder-BS64/6th/pim/8
Note: 2 activation movements (fc1 and fc2)
BS16 - Activation divider: 128

--- Activation Movements ---
layer0.ffn.activation_movement_2: 1118 cycles
layer0.ffn.activation_movement_1: 1124 cycles
Total activation movement cycles: 2242
----------------------------

================================================================================
 Expert Number  fc1  gelu  fc2  total compute
             0 2865    28 2851           5744
             1 2865    43 2865           5773
             2 2865    28 2851           5744
             5 2865    42 2865           5772
             6 2889    28 2851           5768
             7 2866    42 2854           5762
             8 3055    28 2835           5918
             9 2865    43 2854           5762
            11 3076    28 2836           5940
            12 2865    42 2865           5772
            13 5874    47 5667          11588
            14 2865    44 2851           5760
            17 2865    42 2866           5773
            20 2851    43 2865           5759
            21 2865    42 2865           5772
            22 2835    42 2854           5731
            23 2865    42 2865           5772
            24 2851    44 2865           5760
            25 2842    59 2854           5755
            26 2835    42 2865           5742
            27 2846   253 2865           5964
            28 2851    44 2865           5760
            29 5682    46 5681          11409
            30 2866    29 2851           5746
            31 2865    43 2865           5773
            32 2865    28 2851           5744
            33 2865    43 2854           5762
            34 2865    28 2851           5744
            35 2865    42 2854           5761
            36 2865    28 2851           5744
            37 2865    43 2865           5773
            38 3021    28 2851           5900
            39 2866    43 2865           5774
            41 3033    12 2836           5881
            45 2865    43 2865           5773
            46 3065    28 2851           5944
            47 2865    44 2865           5774
            49 3068    28 2852           5948
            51 2865    42 2865           5772
            53 3034    29 2851           5914
            55 5681   354 5681          11716
            56 8497    50 8484          17031
            57 2865    44 2865           5774
            58 2866    45 2865           5776
            59 2851    43 2865           5759
            60 2865    42 2865           5772
            63 2851    44 2865           5760