PIM Expert Operations - Total Cycles
Decoder-BS64/10th/pim/6
Note: 2 activation movements (fc1 and fc2)
BS16 - Activation divider: 128

--- Activation Movements ---
layer0.ffn.activation_movement_1: 1124 cycles
layer0.ffn.activation_movement_2: 1118 cycles
Total activation movement cycles: 2242
----------------------------

================================================================================
 Expert Number  fc1  gelu  fc2  total compute
             1 2865    29 2851           5745
             2 2866    44 2865           5775
             3 2865    28 2851           5744
             4 2866    43 2865           5774
             5 2884    43 2865           5792
             6 2865    42 2866           5773
             8 3016    28 2851           5895
             9 2865    42 2866           5773
            10 3042    30 2851           5923
            12 5662    47 5942          11651
            14 2865    42 2854           5761
            15 3108    28 2851           5987
            17 2865    43 2865           5773
            18 3038    44 2865           5947
            19 2865    43 2865           5773
            22 3014    28 2836           5878
            23 2865    43 2865           5773
            26 3058    28 2851           5937
            27 5681   305 5681          11667
            28 2865    43 2854           5762
            29 3092    29 2851           5972
            31 2865    45 2865           5775
            32 3042    42 2852           5936
            33 2865    43 2865           5773
            34 3027    28 2851           5906
            35 2865    42 2854           5761
            36 3051    28 2851           5930
            37 2865    42 2865           5772
            38 3049    30 2851           5930
            39 5658    46 5912          11616
            40 2865    42 2865           5772
            41 3122    44 2865           6031
            42 2865    42 2866           5773
            44 3014    28 2851           5893
            45 2865    44 2865           5774
            47 3046    29 2851           5926
            48 2865    42 2865           5772
            49 3046    31 2851           5928
            50 2865    42 2865           5772
            51 3042    29 2851           5922
            52 2865    44 2865           5774
            53 3040    28 2836           5904
            54 2865    42 2865           5772
            56 3063    28 2836           5927
            57 2865    44 2865           5774
            59 3029    28 2851           5908
            61 2842    42 2866           5750
            62 3063    42 2865           5970