============================================================
METADATA (3Rd token of each sequence)
============================================================
Model: flame-moe-290m
Run ID: 31066
Epoch: 5473
Layer: 7
Token Position: 2 (3rd)
Shards processed: 0-0.pt, 0-1.pt
Total sequences: 64
Sequence length: 512
============================================================

----------------samples-----------------
torch.Size([64])
tensor([  342,  1175, 23437,   651,   984,   626,   187, 19626,    15,   309,
        50276,   187, 30972,  5268,  1539,  1918, 12917,  4477,    32,  1294,
          247,    13,  1379, 11752,    35,  1916, 10756, 13742,  1669,  1774,
         1669,   643,   327,   320,   380,   255, 10571,   457,   368,   273,
          187,   310,   187,   253, 19887,   368,  3277,   323, 22165,   320,
         1735,  1780,   326,  1060,   369,  1973,   594,   566,   984,  8264,
        22078,  5323,   273,  1978])

-----------------scores-----------------
torch.Size([64, 6])
tensor([[0.0651, 0.0589, 0.0532, 0.0526, 0.0493, 0.0471],
        [0.6038, 0.0498, 0.0348, 0.0248, 0.0224, 0.0172],
        [0.1814, 0.1061, 0.0833, 0.0437, 0.0371, 0.0352],
        [0.2181, 0.2169, 0.0637, 0.0604, 0.0432, 0.0405],
        [0.2522, 0.0886, 0.0492, 0.0375, 0.0328, 0.0296],
        [0.0981, 0.0829, 0.0698, 0.0660, 0.0593, 0.0414],
        [0.2172, 0.2025, 0.0845, 0.0450, 0.0394, 0.0377],
        [0.2723, 0.1331, 0.0731, 0.0568, 0.0327, 0.0317],
        [0.1472, 0.1309, 0.0689, 0.0407, 0.0345, 0.0328],
        [0.0908, 0.0730, 0.0666, 0.0377, 0.0334, 0.0313],
        [0.2818, 0.1276, 0.0506, 0.0491, 0.0423, 0.0407],
        [0.0962, 0.0922, 0.0840, 0.0763, 0.0758, 0.0371],
        [0.1696, 0.1162, 0.1144, 0.0551, 0.0418, 0.0378],
        [0.1459, 0.1099, 0.0533, 0.0511, 0.0405, 0.0360],
        [0.2624, 0.1219, 0.0920, 0.0621, 0.0397, 0.0375],
        [0.1488, 0.0817, 0.0766, 0.0756, 0.0693, 0.0590],
        [0.1970, 0.0876, 0.0809, 0.0778, 0.0546, 0.0396],
        [0.2497, 0.0725, 0.0524, 0.0516, 0.0480, 0.0328],
        [0.2259, 0.0631, 0.0601, 0.0355, 0.0347, 0.0216],
        [0.1630, 0.0905, 0.0709, 0.0441, 0.0387, 0.0340],
        [0.3684, 0.1401, 0.0548, 0.0278, 0.0271, 0.0255],
        [0.1129, 0.1011, 0.0595, 0.0570, 0.0493, 0.0346],
        [0.1666, 0.0524, 0.0508, 0.0489, 0.0273, 0.0244],
        [0.2129, 0.1062, 0.0849, 0.0798, 0.0553, 0.0326],
        [0.1821, 0.1527, 0.1251, 0.0624, 0.0435, 0.0336],
        [0.1385, 0.0839, 0.0630, 0.0462, 0.0386, 0.0357],
        [0.1986, 0.1517, 0.1248, 0.0739, 0.0395, 0.0346],
        [0.1909, 0.1030, 0.0888, 0.0750, 0.0438, 0.0410],
        [0.1570, 0.1236, 0.0882, 0.0483, 0.0481, 0.0462],
        [0.1551, 0.0697, 0.0693, 0.0481, 0.0379, 0.0376],
        [0.2122, 0.0815, 0.0788, 0.0503, 0.0399, 0.0381],
        [0.2352, 0.0906, 0.0524, 0.0378, 0.0331, 0.0311],
        [0.0738, 0.0613, 0.0546, 0.0445, 0.0444, 0.0424],
        [0.1730, 0.1099, 0.1053, 0.1048, 0.0653, 0.0623],
        [0.1188, 0.0788, 0.0696, 0.0682, 0.0467, 0.0393],
        [0.1970, 0.0888, 0.0649, 0.0641, 0.0639, 0.0492],
        [0.1928, 0.1774, 0.1067, 0.0401, 0.0385, 0.0380],
        [0.1334, 0.1176, 0.0860, 0.0427, 0.0360, 0.0352],
        [0.1639, 0.1387, 0.1071, 0.0728, 0.0713, 0.0636],
        [0.2109, 0.1216, 0.0802, 0.0643, 0.0449, 0.0396],
        [0.1256, 0.1014, 0.0862, 0.0832, 0.0498, 0.0384],
        [0.1135, 0.0799, 0.0663, 0.0619, 0.0333, 0.0310],
        [0.1309, 0.0914, 0.0775, 0.0693, 0.0459, 0.0421],
        [0.1361, 0.0593, 0.0544, 0.0490, 0.0407, 0.0376],
        [0.1523, 0.0784, 0.0552, 0.0525, 0.0373, 0.0307],
        [0.2356, 0.1009, 0.0903, 0.0505, 0.0378, 0.0369],
        [0.1738, 0.0951, 0.0549, 0.0407, 0.0351, 0.0346],
        [0.1065, 0.0894, 0.0756, 0.0707, 0.0698, 0.0443],
        [0.1645, 0.1053, 0.0622, 0.0444, 0.0419, 0.0382],
        [0.4201, 0.0568, 0.0385, 0.0255, 0.0251, 0.0189],
        [0.2447, 0.1027, 0.0565, 0.0463, 0.0435, 0.0348],
        [0.0976, 0.0777, 0.0641, 0.0449, 0.0434, 0.0377],
        [0.2101, 0.0989, 0.0595, 0.0520, 0.0478, 0.0386],
        [0.1925, 0.1458, 0.1045, 0.0979, 0.0500, 0.0421],
        [0.1962, 0.1589, 0.0708, 0.0473, 0.0435, 0.0383],
        [0.1226, 0.0761, 0.0754, 0.0484, 0.0458, 0.0441],
        [0.3105, 0.1632, 0.1003, 0.0346, 0.0284, 0.0251],
        [0.1299, 0.1218, 0.0804, 0.0673, 0.0502, 0.0435],
        [0.1003, 0.0874, 0.0833, 0.0657, 0.0588, 0.0554],
        [0.1026, 0.0886, 0.0723, 0.0607, 0.0418, 0.0362],
        [0.3141, 0.1843, 0.0536, 0.0514, 0.0231, 0.0221],
        [0.2152, 0.1054, 0.1051, 0.0596, 0.0368, 0.0363],
        [0.1441, 0.1394, 0.1044, 0.0571, 0.0507, 0.0377],
        [0.3650, 0.0983, 0.0615, 0.0597, 0.0441, 0.0321]])

----------------indices-----------------
torch.Size([64, 6])
tensor([[ 8, 26, 28, 58, 36, 37],
        [20, 18, 21, 35, 39, 19],
        [28, 19, 36, 52,  9, 41],
        [61, 23,  9, 51, 54, 12],
        [37,  2, 27, 31, 28, 38],
        [39, 46, 14, 25, 17,  3],
        [ 8, 58, 49, 30, 50, 37],
        [54, 23, 51, 34, 62, 63],
        [ 8, 49, 50, 58, 26, 38],
        [20, 48, 30, 36, 25, 62],
        [ 2, 56, 42,  9, 45, 58],
        [13, 44, 45, 26, 50, 63],
        [44,  0, 58,  8, 59, 45],
        [34, 54, 49, 12, 23, 48],
        [35, 48, 17, 28, 18, 11],
        [44, 60, 59, 58, 15, 53],
        [45, 59, 11, 53, 18, 24],
        [34, 24,  0, 32, 53, 60],
        [34, 32,  0, 53, 24, 63],
        [54, 23, 34, 12, 29, 51],
        [58, 44, 14, 40, 50, 24],
        [54, 23, 34, 51, 53, 49],
        [34,  0, 32, 24, 39, 33],
        [40, 60, 44, 15,  7, 42],
        [ 8, 45, 49, 13, 58, 59],
        [ 6,  7, 51, 38, 58, 40],
        [44, 42, 40, 59, 15,  0],
        [44, 59, 58, 33,  8, 15],
        [44, 59, 58, 60, 53, 15],
        [ 0, 24, 33, 19, 31,  7],
        [28, 50, 36,  8, 33, 19],
        [ 5, 60,  0, 41, 33, 61],
        [26, 56, 28, 36, 62, 37],
        [54, 23, 12, 34, 63, 24],
        [54, 23, 63, 29, 22, 60],
        [57, 55, 27, 56,  4, 42],
        [44, 49, 13, 41, 30, 50],
        [21, 16,  2, 39, 43,  9],
        [ 5,  2,  4, 32,  9, 21],
        [14, 17, 39,  0, 20, 18],
        [46, 17, 14, 39, 20, 18],
        [37, 50, 38, 26, 30, 15],
        [37, 16, 21, 10, 47, 62],
        [38, 50, 35, 37,  2, 16],
        [50, 49, 41, 30, 33, 40],
        [28, 36, 19, 40, 58,  4],
        [18, 48, 44, 15, 40, 60],
        [29,  9, 54, 23, 13, 46],
        [56, 55, 52,  9, 42,  4],
        [39, 20,  6,  0, 25, 16],
        [62, 30, 43, 59, 16, 10],
        [17, 47, 20, 25, 35, 28],
        [12, 10,  2, 38,  5, 20],
        [29, 34, 12, 25, 54, 32],
        [25, 34, 29, 27, 54, 51],
        [30,  8, 49, 38, 58, 37],
        [58, 28, 19, 12, 52, 20],
        [37, 50, 38, 26, 36, 58],
        [ 4, 47, 11, 23, 55, 32],
        [ 1, 29, 61,  3, 51, 22],
        [11,  0, 47, 55,  4, 60],
        [29, 34, 54, 12, 23, 51],
        [14, 11, 47,  4, 33, 32],
        [34, 31, 24, 53, 27, 32]])
