============================================================
METADATA (4Th token of each sequence)
============================================================
Model: flame-moe-290m
Run ID: 31066
Epoch: 5473
Layer: 16
Token Position: 3 (4th)
Shards processed: 0-0.pt, 0-1.pt
Total sequences: 64
Sequence length: 512
============================================================

----------------samples-----------------
torch.Size([64])
tensor([  824,   342,  1974,  9059,   344,  1646,    56,    15,  2896,   588,
          805, 50276,    91,  4720,  2573,  4834,   449,   923, 14815,  7186,
         2872, 24504,   247,   253, 20336,  3522,   275,   326,   285,  1953,
        31914,  7122,   281,  7063, 44152,  3462, 14002,    69,   281,   247,
          187,   697,   187,  6729,    15,  5181,  4787,   954,   285,  6685,
           32, 43728,   352,    15,  9166,   323,    13,    15,   352,   763,
        49619,   323,   253,  7520])

-----------------scores-----------------
torch.Size([64, 6])
tensor([[0.0574, 0.0489, 0.0485, 0.0481, 0.0474, 0.0469],
        [0.1707, 0.0963, 0.0657, 0.0637, 0.0541, 0.0288],
        [0.3225, 0.1259, 0.0462, 0.0400, 0.0358, 0.0353],
        [0.1612, 0.1177, 0.1019, 0.0672, 0.0598, 0.0373],
        [0.1138, 0.0873, 0.0805, 0.0722, 0.0434, 0.0384],
        [0.1561, 0.0896, 0.0676, 0.0469, 0.0304, 0.0298],
        [0.1408, 0.0747, 0.0556, 0.0548, 0.0373, 0.0364],
        [0.1660, 0.1157, 0.1073, 0.0728, 0.0704, 0.0574],
        [0.2268, 0.0739, 0.0674, 0.0674, 0.0505, 0.0312],
        [0.0937, 0.0443, 0.0406, 0.0374, 0.0363, 0.0281],
        [0.2221, 0.0958, 0.0755, 0.0700, 0.0636, 0.0412],
        [0.1378, 0.0881, 0.0611, 0.0500, 0.0418, 0.0410],
        [0.1279, 0.1135, 0.0945, 0.0691, 0.0556, 0.0424],
        [0.1689, 0.1064, 0.0811, 0.0496, 0.0489, 0.0485],
        [0.1092, 0.0997, 0.0466, 0.0379, 0.0375, 0.0335],
        [0.1805, 0.1740, 0.1618, 0.0276, 0.0250, 0.0238],
        [0.4293, 0.1029, 0.0301, 0.0286, 0.0278, 0.0251],
        [0.2301, 0.1436, 0.1072, 0.0694, 0.0359, 0.0333],
        [0.1283, 0.0714, 0.0506, 0.0406, 0.0401, 0.0383],
        [0.2252, 0.2069, 0.1697, 0.0613, 0.0436, 0.0262],
        [0.2410, 0.0630, 0.0612, 0.0489, 0.0469, 0.0432],
        [0.1419, 0.1365, 0.1175, 0.0781, 0.0390, 0.0372],
        [0.2038, 0.0654, 0.0542, 0.0516, 0.0496, 0.0445],
        [0.1352, 0.0977, 0.0468, 0.0467, 0.0424, 0.0415],
        [0.0953, 0.0581, 0.0557, 0.0514, 0.0441, 0.0342],
        [0.2882, 0.0878, 0.0649, 0.0389, 0.0344, 0.0294],
        [0.1562, 0.0862, 0.0740, 0.0696, 0.0548, 0.0511],
        [0.1144, 0.0916, 0.0742, 0.0415, 0.0396, 0.0362],
        [0.1947, 0.1133, 0.0718, 0.0514, 0.0431, 0.0422],
        [0.1018, 0.0998, 0.0948, 0.0586, 0.0522, 0.0390],
        [0.1182, 0.1150, 0.1058, 0.0678, 0.0556, 0.0321],
        [0.1772, 0.1265, 0.1174, 0.0440, 0.0334, 0.0329],
        [0.0802, 0.0685, 0.0529, 0.0507, 0.0487, 0.0478],
        [0.2120, 0.1544, 0.1134, 0.0423, 0.0337, 0.0229],
        [0.1162, 0.1008, 0.0816, 0.0700, 0.0523, 0.0516],
        [0.1772, 0.0904, 0.0622, 0.0557, 0.0455, 0.0358],
        [0.1907, 0.0580, 0.0490, 0.0438, 0.0401, 0.0361],
        [0.1478, 0.1258, 0.0876, 0.0845, 0.0755, 0.0715],
        [0.1691, 0.1266, 0.0752, 0.0545, 0.0532, 0.0486],
        [0.1567, 0.1413, 0.0821, 0.0770, 0.0697, 0.0301],
        [0.1429, 0.0716, 0.0630, 0.0394, 0.0393, 0.0358],
        [0.1751, 0.0639, 0.0499, 0.0436, 0.0354, 0.0336],
        [0.2321, 0.1164, 0.0882, 0.0877, 0.0588, 0.0464],
        [0.2261, 0.1855, 0.0849, 0.0402, 0.0354, 0.0243],
        [0.1386, 0.0716, 0.0559, 0.0529, 0.0526, 0.0381],
        [0.2175, 0.1433, 0.0953, 0.0731, 0.0450, 0.0376],
        [0.2162, 0.1082, 0.0725, 0.0652, 0.0651, 0.0446],
        [0.1716, 0.0880, 0.0699, 0.0666, 0.0449, 0.0274],
        [0.2319, 0.0874, 0.0864, 0.0520, 0.0428, 0.0413],
        [0.0881, 0.0773, 0.0708, 0.0541, 0.0525, 0.0374],
        [0.1256, 0.1048, 0.1033, 0.0709, 0.0604, 0.0554],
        [0.2325, 0.1609, 0.1119, 0.0940, 0.0307, 0.0289],
        [0.0703, 0.0609, 0.0498, 0.0494, 0.0441, 0.0392],
        [0.0814, 0.0772, 0.0680, 0.0464, 0.0452, 0.0393],
        [0.1362, 0.1049, 0.0811, 0.0690, 0.0525, 0.0488],
        [0.1936, 0.1738, 0.0637, 0.0348, 0.0311, 0.0269],
        [0.1541, 0.0979, 0.0528, 0.0461, 0.0435, 0.0431],
        [0.1010, 0.0870, 0.0710, 0.0663, 0.0578, 0.0506],
        [0.2192, 0.1024, 0.0799, 0.0748, 0.0646, 0.0478],
        [0.1287, 0.1039, 0.1033, 0.1012, 0.0997, 0.0624],
        [0.1871, 0.1813, 0.1790, 0.0396, 0.0378, 0.0372],
        [0.1185, 0.1023, 0.0626, 0.0554, 0.0490, 0.0422],
        [0.1932, 0.0930, 0.0710, 0.0444, 0.0430, 0.0388],
        [0.1779, 0.0826, 0.0765, 0.0732, 0.0668, 0.0614]])

----------------indices-----------------
torch.Size([64, 6])
tensor([[38, 57, 53, 41, 63, 60],
        [32,  8,  1, 19, 18,  2],
        [32,  5, 63, 49,  9, 13],
        [44,  4,  0, 61, 21, 43],
        [55, 63, 58, 13, 49,  2],
        [ 9, 27, 63,  6, 45, 56],
        [53, 33, 60, 56, 35, 54],
        [23, 59, 54,  6, 21, 39],
        [50,  1, 24, 39, 32, 36],
        [14, 11, 27, 18, 35,  0],
        [21, 47, 42, 31,  1, 10],
        [38, 33, 60,  0, 57,  5],
        [33, 38, 20,  2, 31, 41],
        [63, 55, 58,  2, 49, 13],
        [50, 24,  6, 54, 14, 60],
        [51, 37, 49, 58, 52, 38],
        [46,  0,  4, 43, 12, 19],
        [54, 59, 47,  6, 23, 28],
        [28, 53, 40,  2, 31, 26],
        [15, 16, 62, 22,  8, 43],
        [17, 25, 27, 39, 11,  7],
        [30, 44, 27, 56, 33,  9],
        [27, 14, 11, 36,  9, 44],
        [11, 30, 19, 17,  8,  9],
        [11, 30, 17,  9, 44, 60],
        [37, 51, 49, 13, 55, 41],
        [10, 41, 26, 20, 31, 42],
        [40, 15, 43, 62, 22, 45],
        [19, 57, 53, 33, 60, 41],
        [13, 58, 63,  5, 55,  9],
        [47,  1, 21, 33,  0,  2],
        [44, 60,  4, 16, 61, 40],
        [ 5, 34, 60, 29,  4, 57],
        [10, 31, 41, 20, 51,  2],
        [19, 14,  5, 18, 25, 30],
        [40, 14, 53, 18, 60, 30],
        [57,  5, 34, 19, 25, 53],
        [ 6, 23, 59, 21, 42, 54],
        [42, 55, 28, 58, 13, 54],
        [62, 22, 32, 12, 36, 50],
        [ 9,  6, 11, 19, 34,  8],
        [11, 53, 34, 56, 17, 30],
        [54, 48, 42, 28,  6, 23],
        [ 1, 42, 52, 41,  2, 61],
        [14, 27, 11, 44,  9, 35],
        [39, 43, 35, 61,  0, 44],
        [ 8, 60, 19, 44, 61,  0],
        [63,  9, 27,  8, 34, 43],
        [60, 43, 16, 19, 52, 38],
        [53, 11, 16,  5, 17, 33],
        [59,  6, 54, 23, 52, 35],
        [55, 52, 63, 13, 58, 27],
        [ 5, 12, 17, 14, 19, 52],
        [11, 53, 17,  9, 63, 27],
        [11, 60, 27, 17, 30,  5],
        [27, 63, 60, 14, 40, 35],
        [27, 56,  9, 63, 14,  8],
        [20,  7, 11, 14, 35, 33],
        [20, 10, 31, 41, 44, 26],
        [58, 37, 49,  2, 13, 51],
        [ 1, 59, 47,  2, 21, 26],
        [22, 62, 32, 12, 36, 18],
        [10, 31, 20, 41, 57, 40],
        [22, 32, 36, 62, 56, 45]])
