============================================================
METADATA (9Th token of each sequence)
============================================================
Model: flame-moe-290m
Run ID: 31066
Epoch: 5473
Layer: 22
Token Position: 8 (9th)
Shards processed: 0-0.pt, 0-1.pt
Total sequences: 64
Sequence length: 512
============================================================

----------------samples-----------------
torch.Size([64])
tensor([  452,  3762,   309,   310,   247,   326,   407,  2139,  5020, 19916,
          187,     8,  1754,   247, 12103,   187,   187,    13,  2489,   310,
          703,  1309,  1495,    14,  3196,   352,  3045,   309,    15,   513,
          253,   187,  1682,  1519,   310, 14494,  5312, 10764,   323,   281,
         3365,  9787,   273,   816,   253, 11017,  1520,    13,   368,  2139,
           13, 28771,   387,  3430,  8344,  1142,  2489,    81, 17825,    13,
         1292,   285,  1032, 14003])

-----------------scores-----------------
torch.Size([64, 6])
tensor([[0.1439, 0.1030, 0.0858, 0.0810, 0.0570, 0.0463],
        [0.1866, 0.0818, 0.0805, 0.0510, 0.0476, 0.0441],
        [0.2176, 0.0683, 0.0624, 0.0506, 0.0391, 0.0267],
        [0.2247, 0.1190, 0.0608, 0.0421, 0.0363, 0.0343],
        [0.1390, 0.0636, 0.0602, 0.0570, 0.0433, 0.0343],
        [0.1090, 0.0908, 0.0820, 0.0775, 0.0549, 0.0441],
        [0.1923, 0.0751, 0.0446, 0.0433, 0.0431, 0.0398],
        [0.1278, 0.1260, 0.0630, 0.0623, 0.0381, 0.0324],
        [0.1326, 0.0761, 0.0595, 0.0505, 0.0468, 0.0399],
        [0.1337, 0.0875, 0.0701, 0.0416, 0.0349, 0.0318],
        [0.1223, 0.0796, 0.0785, 0.0591, 0.0539, 0.0438],
        [0.1531, 0.0894, 0.0466, 0.0311, 0.0305, 0.0284],
        [0.3360, 0.0615, 0.0419, 0.0405, 0.0370, 0.0324],
        [0.2001, 0.0965, 0.0709, 0.0404, 0.0392, 0.0384],
        [0.2085, 0.0578, 0.0537, 0.0470, 0.0468, 0.0465],
        [0.0882, 0.0856, 0.0658, 0.0547, 0.0425, 0.0343],
        [0.1512, 0.1053, 0.0931, 0.0740, 0.0694, 0.0283],
        [0.1631, 0.1019, 0.0862, 0.0523, 0.0472, 0.0421],
        [0.1850, 0.1458, 0.0848, 0.0466, 0.0332, 0.0301],
        [0.1034, 0.0739, 0.0717, 0.0673, 0.0476, 0.0446],
        [0.2508, 0.1070, 0.0952, 0.0651, 0.0525, 0.0330],
        [0.1294, 0.0980, 0.0909, 0.0784, 0.0510, 0.0426],
        [0.3856, 0.0804, 0.0547, 0.0494, 0.0411, 0.0345],
        [0.1579, 0.1283, 0.0697, 0.0580, 0.0355, 0.0263],
        [0.1401, 0.1383, 0.0557, 0.0533, 0.0510, 0.0421],
        [0.1668, 0.1471, 0.0811, 0.0344, 0.0299, 0.0290],
        [0.1459, 0.0760, 0.0757, 0.0663, 0.0638, 0.0457],
        [0.1384, 0.0977, 0.0966, 0.0744, 0.0727, 0.0383],
        [0.1540, 0.1470, 0.0741, 0.0475, 0.0366, 0.0280],
        [0.1228, 0.1219, 0.0696, 0.0515, 0.0259, 0.0243],
        [0.1161, 0.1069, 0.0954, 0.0892, 0.0414, 0.0323],
        [0.2751, 0.2100, 0.0480, 0.0469, 0.0318, 0.0235],
        [0.1120, 0.0884, 0.0777, 0.0644, 0.0520, 0.0382],
        [0.2562, 0.0689, 0.0476, 0.0413, 0.0304, 0.0290],
        [0.1382, 0.0947, 0.0918, 0.0577, 0.0524, 0.0345],
        [0.1958, 0.0781, 0.0646, 0.0594, 0.0509, 0.0395],
        [0.1236, 0.1060, 0.0787, 0.0622, 0.0472, 0.0439],
        [0.1678, 0.0834, 0.0414, 0.0412, 0.0343, 0.0315],
        [0.2639, 0.1247, 0.0524, 0.0498, 0.0439, 0.0359],
        [0.1489, 0.0954, 0.0582, 0.0459, 0.0357, 0.0345],
        [0.1349, 0.0958, 0.0695, 0.0618, 0.0598, 0.0388],
        [0.0941, 0.0703, 0.0618, 0.0600, 0.0462, 0.0449],
        [0.1428, 0.1339, 0.0710, 0.0659, 0.0582, 0.0520],
        [0.2253, 0.1859, 0.0795, 0.0305, 0.0285, 0.0282],
        [0.1474, 0.0972, 0.0533, 0.0396, 0.0327, 0.0268],
        [0.2655, 0.1249, 0.0311, 0.0309, 0.0284, 0.0237],
        [0.1876, 0.1543, 0.0671, 0.0648, 0.0404, 0.0352],
        [0.1041, 0.0663, 0.0608, 0.0473, 0.0386, 0.0342],
        [0.1514, 0.0922, 0.0708, 0.0645, 0.0618, 0.0422],
        [0.1077, 0.0945, 0.0626, 0.0521, 0.0396, 0.0342],
        [0.1368, 0.0717, 0.0620, 0.0371, 0.0368, 0.0336],
        [0.1346, 0.0826, 0.0782, 0.0699, 0.0569, 0.0520],
        [0.1218, 0.0662, 0.0624, 0.0450, 0.0431, 0.0327],
        [0.1224, 0.0750, 0.0509, 0.0418, 0.0392, 0.0331],
        [0.0712, 0.0581, 0.0374, 0.0355, 0.0324, 0.0300],
        [0.1345, 0.0810, 0.0756, 0.0727, 0.0309, 0.0281],
        [0.1673, 0.0706, 0.0649, 0.0589, 0.0567, 0.0525],
        [0.1245, 0.0946, 0.0611, 0.0603, 0.0507, 0.0325],
        [0.1496, 0.0954, 0.0807, 0.0481, 0.0337, 0.0316],
        [0.4902, 0.0742, 0.0468, 0.0315, 0.0245, 0.0237],
        [0.1308, 0.0830, 0.0803, 0.0673, 0.0454, 0.0401],
        [0.1125, 0.0930, 0.0609, 0.0567, 0.0517, 0.0511],
        [0.0972, 0.0617, 0.0556, 0.0466, 0.0430, 0.0365],
        [0.1497, 0.0587, 0.0450, 0.0384, 0.0369, 0.0340]])

----------------indices-----------------
torch.Size([64, 6])
tensor([[44, 58, 22, 41, 24, 33],
        [22, 46, 33, 27, 31, 41],
        [47, 27, 32, 15, 44,  8],
        [42, 43, 22, 25, 58,  7],
        [59, 20, 35, 13,  1, 32],
        [56, 51,  1, 26,  2, 58],
        [48, 52, 54, 18, 39, 31],
        [47, 12, 37, 31, 49,  7],
        [47, 32, 39, 34, 31, 14],
        [41, 57,  2, 62, 63, 15],
        [49, 55, 38, 27, 62, 39],
        [33, 22, 12, 17, 25, 21],
        [32,  7, 22, 57, 58, 53],
        [28, 59, 44, 47, 14,  5],
        [62, 29, 38, 35, 19, 49],
        [40, 39, 52, 19, 54,  3],
        [ 5, 60,  0, 14, 31, 28],
        [12,  3, 49, 33, 31, 44],
        [ 1, 50, 36, 23, 20, 10],
        [51, 53,  7, 38, 61, 15],
        [ 9, 16, 19,  1, 28, 11],
        [43, 27,  7, 30, 53, 45],
        [20, 55, 58, 57, 56, 24],
        [ 5, 63, 51, 56, 10,  0],
        [11, 38, 18,  6, 54, 48],
        [31, 49, 33, 48, 62, 29],
        [59, 28, 13, 35,  8, 50],
        [ 5,  6,  0, 28,  9, 16],
        [12, 33, 44, 23, 48,  3],
        [47, 13, 20, 34, 36, 51],
        [53,  7, 15, 32, 47, 24],
        [60, 28,  9, 19, 16, 41],
        [33,  3, 49, 31, 62, 34],
        [17, 63,  1, 51,  6,  5],
        [35, 48, 41,  0, 55, 57],
        [36, 10, 50, 63,  1, 26],
        [24,  7, 53, 57, 56, 58],
        [52, 48, 32, 49,  6, 59],
        [51, 29, 39, 62, 23, 60],
        [23, 17, 62,  1, 10, 34],
        [11, 35, 38, 34,  6, 54],
        [55, 11, 35, 23, 20, 25],
        [12, 35, 62,  3, 39, 31],
        [28, 19, 16, 60, 57,  9],
        [62, 20,  2, 55, 29, 11],
        [ 8, 21, 23, 45, 61, 37],
        [30, 43, 24, 61, 40, 42],
        [34,  9, 12, 16,  3, 54],
        [36, 50, 26, 10, 60,  1],
        [33, 11, 22, 49, 48, 16],
        [26, 36, 63, 10, 60, 20],
        [36, 26, 51, 60, 10, 63],
        [59,  8, 10, 50, 14, 55],
        [45,  2, 15, 38, 57, 61],
        [ 2, 20, 55, 62, 32, 57],
        [54, 48, 30, 25,  4, 55],
        [57,  7, 56, 43, 25, 53],
        [13, 47,  1, 34, 59,  9],
        [23, 51, 63, 62, 32, 56],
        [24, 40, 32, 39, 57, 15],
        [60,  5,  9,  6, 23,  0],
        [53, 57, 56, 24, 32, 30],
        [23, 12, 21, 62, 45, 49],
        [62, 18, 59, 31, 38, 29]])
