============================================================
METADATA (1St token of each sequence)
============================================================
Model: flame-moe-290m
Run ID: 31066
Epoch: 5473
Layer: 8
Token Position: 0 (1st)
Shards processed: 0-0.pt, 0-1.pt
Total sequences: 64
Sequence length: 512
============================================================

----------------samples-----------------
torch.Size([64])
tensor([ 1512,  2509,  1306,   958,   436,  8813,    15,   617, 15368, 32973,
        36319,  1456,  2613,   285,    14, 41868, 38399,    15,  1097,   392,
          310,   744,   344,   535,    10, 17288,   273, 14436,   285,   253,
         1634,   840,   597,   597, 24600,  1046,   285,  1333,   831,  1056,
         3727,   253,  6684,  3430, 44887, 44901, 22156,   352,  6119, 25497,
          368,  6166,  1220,  5004,  5815,   476,    15,  2438,   323,   342,
          187,   253,   285,   644])

-----------------scores-----------------
torch.Size([64, 6])
tensor([[0.1529, 0.0870, 0.0369, 0.0325, 0.0313, 0.0305],
        [0.1314, 0.1158, 0.0960, 0.0949, 0.0684, 0.0340],
        [0.2293, 0.0770, 0.0699, 0.0688, 0.0573, 0.0385],
        [0.1987, 0.1264, 0.0691, 0.0529, 0.0465, 0.0435],
        [0.1780, 0.1735, 0.0907, 0.0822, 0.0820, 0.0357],
        [0.1707, 0.1170, 0.0796, 0.0493, 0.0366, 0.0354],
        [0.1609, 0.0844, 0.0779, 0.0423, 0.0413, 0.0371],
        [0.1566, 0.1382, 0.1106, 0.1000, 0.0760, 0.0357],
        [0.1103, 0.1094, 0.1023, 0.0723, 0.0440, 0.0412],
        [0.2611, 0.1822, 0.1199, 0.0328, 0.0298, 0.0240],
        [0.1628, 0.1222, 0.0705, 0.0473, 0.0336, 0.0303],
        [0.1949, 0.1647, 0.1086, 0.1065, 0.0872, 0.0414],
        [0.1764, 0.1758, 0.0926, 0.0874, 0.0403, 0.0315],
        [0.1679, 0.0572, 0.0507, 0.0501, 0.0373, 0.0339],
        [0.1332, 0.0521, 0.0496, 0.0463, 0.0462, 0.0369],
        [0.1841, 0.1170, 0.0697, 0.0560, 0.0514, 0.0327],
        [0.1018, 0.0887, 0.0683, 0.0660, 0.0454, 0.0436],
        [0.2030, 0.1687, 0.1682, 0.0772, 0.0413, 0.0344],
        [0.4012, 0.1182, 0.1095, 0.0337, 0.0315, 0.0284],
        [0.1763, 0.1202, 0.0645, 0.0520, 0.0519, 0.0472],
        [0.1610, 0.0888, 0.0788, 0.0736, 0.0511, 0.0276],
        [0.1693, 0.0958, 0.0580, 0.0568, 0.0562, 0.0543],
        [0.1329, 0.1117, 0.0813, 0.0655, 0.0604, 0.0468],
        [0.1238, 0.0988, 0.0698, 0.0450, 0.0351, 0.0324],
        [0.1651, 0.0995, 0.0771, 0.0652, 0.0435, 0.0301],
        [0.2159, 0.1569, 0.1063, 0.0743, 0.0582, 0.0294],
        [0.3037, 0.2140, 0.0965, 0.0414, 0.0310, 0.0208],
        [0.1691, 0.1211, 0.0424, 0.0319, 0.0319, 0.0312],
        [0.1592, 0.1517, 0.1492, 0.1255, 0.0677, 0.0421],
        [0.1089, 0.0998, 0.0803, 0.0675, 0.0555, 0.0466],
        [0.1633, 0.1470, 0.0710, 0.0503, 0.0383, 0.0319],
        [0.1635, 0.0879, 0.0626, 0.0454, 0.0418, 0.0381],
        [0.0563, 0.0502, 0.0368, 0.0343, 0.0340, 0.0328],
        [0.2810, 0.0498, 0.0436, 0.0390, 0.0387, 0.0386],
        [0.3533, 0.1268, 0.0480, 0.0305, 0.0263, 0.0253],
        [0.1447, 0.0955, 0.0902, 0.0814, 0.0467, 0.0414],
        [0.1586, 0.0663, 0.0538, 0.0518, 0.0503, 0.0481],
        [0.1387, 0.0917, 0.0835, 0.0628, 0.0327, 0.0285],
        [0.2032, 0.1364, 0.0762, 0.0460, 0.0442, 0.0347],
        [0.1704, 0.1329, 0.0612, 0.0506, 0.0463, 0.0432],
        [0.2009, 0.1122, 0.1098, 0.0654, 0.0412, 0.0362],
        [0.0973, 0.0848, 0.0671, 0.0635, 0.0402, 0.0387],
        [0.2522, 0.2063, 0.1121, 0.0559, 0.0330, 0.0165],
        [0.2177, 0.0947, 0.0837, 0.0645, 0.0570, 0.0418],
        [0.2206, 0.0489, 0.0473, 0.0349, 0.0346, 0.0335],
        [0.1165, 0.0907, 0.0763, 0.0527, 0.0481, 0.0476],
        [0.2565, 0.1560, 0.1504, 0.0795, 0.0540, 0.0301],
        [0.1472, 0.1271, 0.1192, 0.1146, 0.0509, 0.0361],
        [0.1797, 0.1334, 0.0694, 0.0503, 0.0417, 0.0358],
        [0.1962, 0.1455, 0.1027, 0.0451, 0.0443, 0.0369],
        [0.2885, 0.0845, 0.0733, 0.0567, 0.0452, 0.0312],
        [0.2640, 0.0582, 0.0457, 0.0374, 0.0371, 0.0273],
        [0.1291, 0.1063, 0.0821, 0.0590, 0.0463, 0.0435],
        [0.3228, 0.0510, 0.0350, 0.0330, 0.0322, 0.0317],
        [0.1529, 0.0534, 0.0444, 0.0444, 0.0340, 0.0335],
        [0.1169, 0.0951, 0.0896, 0.0840, 0.0553, 0.0464],
        [0.1939, 0.0936, 0.0759, 0.0725, 0.0533, 0.0507],
        [0.1849, 0.1482, 0.1379, 0.0670, 0.0661, 0.0483],
        [0.2227, 0.0763, 0.0692, 0.0437, 0.0358, 0.0263],
        [0.1986, 0.0858, 0.0671, 0.0493, 0.0492, 0.0412],
        [0.1410, 0.1052, 0.0945, 0.0779, 0.0666, 0.0468],
        [0.1841, 0.1570, 0.1432, 0.0797, 0.0515, 0.0294],
        [0.2490, 0.0480, 0.0437, 0.0430, 0.0423, 0.0346],
        [0.2226, 0.0607, 0.0572, 0.0534, 0.0378, 0.0333]])

----------------indices-----------------
torch.Size([64, 6])
tensor([[47, 29, 54, 28,  1, 57],
        [23, 48,  7, 54, 39,  4],
        [10, 31, 40, 41, 20,  7],
        [ 2, 53, 20, 33, 57, 38],
        [37, 58, 49, 51, 13,  4],
        [31, 44, 20,  7, 40, 39],
        [ 7, 11, 14, 45, 18, 56],
        [63, 13, 28, 55, 58, 37],
        [55, 13, 58, 28, 51, 49],
        [47,  1, 59, 57, 20, 35],
        [24, 26, 27, 28,  2, 50],
        [28, 48,  6, 54, 27, 35],
        [57, 38, 20, 33, 31, 41],
        [51, 56, 38, 47, 53, 42],
        [24, 50, 57, 51, 33, 53],
        [28, 58, 63, 29, 13, 47],
        [30, 33, 56, 11, 17, 60],
        [59,  6, 28, 47, 40, 54],
        [34,  4, 16, 62,  8, 30],
        [20, 31, 38, 41, 57, 26],
        [14,  8, 56, 27, 36, 55],
        [ 4, 29,  0, 44, 43, 16],
        [60, 34, 44, 19, 56, 12],
        [47, 53, 28, 38, 33, 45],
        [24, 36,  1, 47, 50, 59],
        [54, 48,  7, 23, 28, 35],
        [37, 51, 49, 13, 55,  3],
        [14, 56, 30,  3, 35, 11],
        [35, 48, 54, 28, 39, 47],
        [49, 13, 37,  3, 46, 10],
        [22, 46, 26, 45,  3,  1],
        [33, 56,  2, 27, 45, 30],
        [ 7, 48, 54,  1, 31, 17],
        [ 3, 60, 30, 17, 14,  5],
        [ 1, 57, 26, 38, 46, 41],
        [14, 11, 41,  8,  9, 45],
        [38,  5,  8, 60, 44, 19],
        [24, 29, 50, 26, 36, 51],
        [55, 24, 13, 28, 45, 56],
        [25,  4, 16, 34,  0, 12],
        [39, 48,  7, 23, 54, 25],
        [22, 62, 50, 46, 45, 15],
        [ 5,  9,  6, 56, 28, 60],
        [54,  1, 39, 36,  7, 48],
        [22, 32, 50,  1, 36, 45],
        [ 3, 40, 46,  0, 15, 49],
        [41, 57, 60,  3, 19, 53],
        [35, 24,  7, 48, 54, 23],
        [56, 33, 57, 38, 30,  3],
        [48, 28, 54, 23, 58, 35],
        [56, 53, 17, 11,  7, 19],
        [14, 18, 27, 25, 63, 41],
        [37, 63, 55, 13, 49, 25],
        [22, 32, 47, 50,  1, 24],
        [22, 36,  1, 32, 15, 50],
        [ 4, 12,  0, 61, 29, 34],
        [41, 35, 51, 26, 20, 38],
        [37, 55, 13, 49, 58,  3],
        [56, 29, 24, 40, 53, 45],
        [41, 31, 44,  9,  3, 38],
        [22, 45, 56, 30, 46, 62],
        [31, 41, 42, 26, 21,  3],
        [22, 47, 32,  1, 24, 36],
        [22, 32,  1, 47, 50, 26]])
