PIM Expert Operations - Total Cycles
Decoder-BS64/5th/pim/8
Note: 2 activation movements (fc1 and fc2)
BS16 - Activation divider: 128

--- Activation Movements ---
layer0.ffn.activation_movement_2: 1118 cycles
layer0.ffn.activation_movement_1: 1124 cycles
Total activation movement cycles: 2242
----------------------------

================================================================================
 Expert Number  fc1  gelu  fc2  total compute
             2 2865    30 2852           5747
             3 8498    51 8484          17033
             5 3179    28 2852           6059
             6 2865    43 2865           5773
             7 3016    31 2851           5898
             8 2865    42 2865           5772
             9 3040    42 2836           5918
            10 2866    44 2866           5776
            13 3038    28 2854           5920
            14 2865    45 2865           5775
            15 3039    28 2836           5903
            16 2865    43 2865           5773
            18 3058    30 2851           5939
            19 2865    42 2865           5772
            20 3047    28 2836           5911
            21 2866    43 2865           5774
            23 3013    29 2851           5893
            24 2842    42 2865           5749
            25 3115    30 2851           5996
            26 2865    44 2865           5774
            27 3039    28 2851           5918
            29 2865    43 2854           5762
            31 5873    46 5681          11600
            32 3179    28 2851           6058
            33 2865    43 2865           5773
            35 3019    28 2836           5883
            39 2865    44 2865           5774
            40 3057    30 2851           5938
            41 2865    43 2865           5773
            43 3044    29 2852           5925
            46 2865    42 2865           5772
            47 3041    29 2851           5921
            48 2865    42 2854           5761
            49 3051    42 2865           5958
            50 2865    43 2865           5773
            51 3019    28 2851           5898
            52 2865    42 2865           5772
            53 3041    30 2851           5922
            54 2865    42 2854           5761
            55 3037    28 2851           5916
            56 2846    43 2866           5755
            57 3040    28 2851           5919
            58 2865    42 2866           5773
            59 3090    29 2851           5970
            60 2865    43 2865           5773
            61 3018    28 2851           5897
            63 2846    42 2865           5753