============================================================
METADATA (7Th token of each sequence)
============================================================
Model: flame-moe-290m
Run ID: 31066
Epoch: 5473
Layer: 5
Token Position: 6 (7th)
Shards processed: 0-0.pt, 0-1.pt
Total sequences: 64
Sequence length: 512
============================================================

----------------samples-----------------
torch.Size([64])
tensor([  476, 23521,  2057,  1682,   637,  3426,   310,  7371,    13,  1060,
          676, 25373,   831,  7496, 16596, 11284,  3908,  2489,   253,   510,
           13,   767,   275,   253,   457,  1335,   533,   253,  4680,   588,
          990,    15,   346,   346,    13,  1849,   533,  1211,  3076,  2223,
         6409,   253,  8688,   533, 14918,  3496, 48216,  6782,    13,   534,
         1780,   932,   457,  3430,    15,  2105,   300,    84,  4887, 18997,
         5687, 25828,   253,   285])

-----------------scores-----------------
torch.Size([64, 6])
tensor([[0.0461, 0.0441, 0.0383, 0.0351, 0.0338, 0.0328],
        [0.1696, 0.1035, 0.0712, 0.0695, 0.0367, 0.0288],
        [0.1514, 0.0796, 0.0490, 0.0456, 0.0347, 0.0340],
        [0.2044, 0.1093, 0.0717, 0.0581, 0.0456, 0.0415],
        [0.2745, 0.1137, 0.0920, 0.0788, 0.0461, 0.0402],
        [0.1320, 0.1191, 0.0756, 0.0542, 0.0407, 0.0389],
        [0.1276, 0.0978, 0.0573, 0.0566, 0.0540, 0.0537],
        [0.1915, 0.1632, 0.0740, 0.0490, 0.0362, 0.0358],
        [0.1729, 0.0917, 0.0904, 0.0775, 0.0436, 0.0397],
        [0.1744, 0.1392, 0.0581, 0.0364, 0.0331, 0.0306],
        [0.1471, 0.1329, 0.1177, 0.0329, 0.0318, 0.0308],
        [0.1217, 0.0561, 0.0457, 0.0453, 0.0367, 0.0365],
        [0.1969, 0.1103, 0.0755, 0.0363, 0.0313, 0.0290],
        [0.1596, 0.0784, 0.0612, 0.0487, 0.0342, 0.0340],
        [0.1158, 0.0733, 0.0584, 0.0563, 0.0368, 0.0305],
        [0.2839, 0.1470, 0.0738, 0.0479, 0.0381, 0.0379],
        [0.1146, 0.0786, 0.0632, 0.0510, 0.0346, 0.0275],
        [0.1255, 0.1141, 0.0981, 0.0699, 0.0490, 0.0490],
        [0.1400, 0.1073, 0.0634, 0.0425, 0.0341, 0.0322],
        [0.3343, 0.2012, 0.0568, 0.0490, 0.0395, 0.0372],
        [0.1627, 0.0832, 0.0722, 0.0649, 0.0532, 0.0374],
        [0.1261, 0.1214, 0.0988, 0.0759, 0.0539, 0.0509],
        [0.1959, 0.1019, 0.0858, 0.0804, 0.0446, 0.0438],
        [0.1506, 0.0679, 0.0643, 0.0446, 0.0291, 0.0290],
        [0.2806, 0.0907, 0.0845, 0.0608, 0.0457, 0.0315],
        [0.1285, 0.0920, 0.0437, 0.0368, 0.0364, 0.0335],
        [0.1900, 0.1047, 0.1011, 0.0433, 0.0393, 0.0325],
        [0.0923, 0.0624, 0.0487, 0.0431, 0.0394, 0.0379],
        [0.1423, 0.1281, 0.0745, 0.0562, 0.0408, 0.0312],
        [0.1117, 0.0556, 0.0441, 0.0402, 0.0397, 0.0376],
        [0.1559, 0.0866, 0.0472, 0.0430, 0.0356, 0.0296],
        [0.1818, 0.0930, 0.0758, 0.0547, 0.0419, 0.0404],
        [0.0494, 0.0397, 0.0369, 0.0363, 0.0359, 0.0343],
        [0.1450, 0.0821, 0.0488, 0.0467, 0.0354, 0.0295],
        [0.0662, 0.0539, 0.0450, 0.0432, 0.0329, 0.0282],
        [0.1570, 0.1238, 0.0568, 0.0378, 0.0372, 0.0332],
        [0.0891, 0.0881, 0.0700, 0.0547, 0.0542, 0.0469],
        [0.5626, 0.0339, 0.0334, 0.0297, 0.0296, 0.0260],
        [0.1237, 0.1042, 0.0917, 0.0644, 0.0507, 0.0491],
        [0.1187, 0.0791, 0.0442, 0.0440, 0.0360, 0.0293],
        [0.1274, 0.0814, 0.0534, 0.0443, 0.0425, 0.0414],
        [0.4455, 0.1649, 0.0453, 0.0307, 0.0170, 0.0169],
        [0.0809, 0.0712, 0.0589, 0.0566, 0.0502, 0.0465],
        [0.1965, 0.0873, 0.0780, 0.0560, 0.0455, 0.0349],
        [0.1108, 0.1060, 0.0471, 0.0403, 0.0402, 0.0325],
        [0.1850, 0.1589, 0.0885, 0.0494, 0.0464, 0.0319],
        [0.1273, 0.1187, 0.0937, 0.0503, 0.0460, 0.0360],
        [0.1699, 0.1096, 0.1017, 0.1002, 0.0351, 0.0343],
        [0.1304, 0.0859, 0.0505, 0.0473, 0.0291, 0.0287],
        [0.0434, 0.0352, 0.0318, 0.0303, 0.0297, 0.0295],
        [0.0965, 0.0671, 0.0455, 0.0362, 0.0335, 0.0331],
        [0.1369, 0.1238, 0.0920, 0.0581, 0.0346, 0.0289],
        [0.2199, 0.1148, 0.0532, 0.0306, 0.0233, 0.0226],
        [0.1225, 0.0806, 0.0574, 0.0442, 0.0392, 0.0349],
        [0.1459, 0.1271, 0.1113, 0.0784, 0.0658, 0.0508],
        [0.1273, 0.1053, 0.0609, 0.0536, 0.0439, 0.0424],
        [0.1519, 0.0722, 0.0562, 0.0464, 0.0433, 0.0370],
        [0.1472, 0.1427, 0.0568, 0.0439, 0.0370, 0.0324],
        [0.1100, 0.1098, 0.0882, 0.0491, 0.0382, 0.0342],
        [0.1253, 0.1201, 0.0756, 0.0662, 0.0597, 0.0394],
        [0.0972, 0.0821, 0.0638, 0.0608, 0.0596, 0.0497],
        [0.1242, 0.0805, 0.0648, 0.0454, 0.0442, 0.0423],
        [0.1305, 0.1220, 0.0704, 0.0439, 0.0422, 0.0402],
        [0.0594, 0.0531, 0.0491, 0.0445, 0.0436, 0.0399]])

----------------indices-----------------
torch.Size([64, 6])
tensor([[48, 46, 53, 20, 28, 25],
        [34,  7, 60, 13, 10, 27],
        [33, 36,  2, 47, 32, 49],
        [17, 30,  2, 58, 47, 12],
        [18, 48, 20, 57, 44,  8],
        [31, 16, 24, 19, 39,  8],
        [48, 40, 42, 37, 25, 10],
        [41, 60, 43, 23, 49, 36],
        [ 2, 17, 30, 58, 12, 47],
        [29, 49, 31, 40, 14, 15],
        [59, 16, 19, 12,  6, 34],
        [29, 15, 14, 43, 54, 60],
        [48, 33, 43, 23, 27, 40],
        [45,  1, 22, 51,  7, 28],
        [14, 43, 12, 22, 41,  9],
        [44, 62, 20, 63, 40, 42],
        [54, 52, 43, 21, 57, 56],
        [ 4, 42, 15, 41, 63, 44],
        [11, 29, 36, 31, 13, 17],
        [ 1, 48, 28, 50, 18, 23],
        [25, 38, 29, 62, 44, 27],
        [63,  4, 15, 42, 49, 22],
        [38, 44,  4, 62, 28, 29],
        [36,  3, 31, 35, 17, 29],
        [58, 47, 15, 30, 17, 41],
        [46,  7, 54, 23, 33, 24],
        [ 2, 30, 13, 47, 31, 58],
        [ 9, 16, 59, 31, 22, 33],
        [55,  9, 49, 31, 63, 35],
        [61, 32, 17,  0, 12, 24],
        [30, 47, 58, 41, 52, 32],
        [ 4, 62, 63, 38, 13, 42],
        [48, 46,  6, 28, 11, 51],
        [ 0, 32, 28, 34, 57, 24],
        [38, 45, 33, 49, 51, 60],
        [42, 52, 62, 25, 27, 44],
        [10, 40, 22, 23, 42, 37],
        [57,  1, 26, 20, 18,  8],
        [16, 19, 17, 24, 11, 51],
        [19, 59, 16, 28, 34, 55],
        [39,  8, 13, 37,  0,  5],
        [20, 26, 48, 18, 28, 44],
        [58, 32, 29, 47, 30,  0],
        [11, 17, 25, 36, 26, 41],
        [23, 27,  7, 13, 31, 10],
        [18, 48, 50,  1, 23, 20],
        [36, 47, 32,  2, 49, 33],
        [33, 32, 57, 12, 58, 54],
        [36, 35, 29, 53, 31,  6],
        [41, 33,  9,  4, 35, 46],
        [45, 61, 51, 25, 23, 17],
        [17, 53, 46,  0, 13, 16],
        [ 4, 35, 41, 13, 49, 43],
        [14, 49,  7, 22,  5, 38],
        [26, 48, 20, 23, 43, 25],
        [14, 22,  5, 63, 29, 44],
        [36, 47, 32, 35, 33, 49],
        [32, 49, 47, 57,  0, 25],
        [19, 16, 39,  1, 59, 24],
        [44, 20,  4, 29, 62, 48],
        [16, 27, 19, 21, 39, 23],
        [49, 43,  8, 60, 23, 41],
        [ 8, 50, 44, 48, 26, 23],
        [43, 60, 21, 28, 25, 45]])
