PIM Expert Operations - Total Cycles
Decoder-BS64/7th/pim/3
Note: 2 activation movements (fc1 and fc2)
BS16 - Activation divider: 128

--- Activation Movements ---
layer0.ffn.activation_movement_2: 1118 cycles
layer0.ffn.activation_movement_1: 1124 cycles
Total activation movement cycles: 2242
----------------------------

================================================================================
 Expert Number  fc1  gelu  fc2  total compute
             0 2865    28 2851           5744
             1 2865    42 2854           5761
             2 2865    29 2851           5745
             5 2865    43 2865           5773
             7 2876    30 2851           5757
             8 2865    42 2865           5772
            11 3066    29 2852           5947
            12 2865    43 2854           5762
            14 3052    29 2851           5932
            15 2865    43 2865           5773
            16 3047    28 2851           5926
            17 2865    44 2865           5774
            18 3045    28 2836           5909
            20 2865    42 2865           5772
            21 3040    30 2851           5921
            22 2865    43 2865           5773
            23 3063    29 2851           5943
            24 2865    44 2865           5774
            25 3042    44 2851           5937
            28 2865    42 2865           5772
            29 3023    42 2854           5919
            30 2866    44 2867           5777
            31 3023    30 2851           5904
            32 2865    44 2865           5774
            33 3041    29 2851           5921
            34 2865    42 2865           5772
            38 3049    28 2851           5928
            39 2836    45 2866           5747
            40 3068    28 2836           5932
            41 2866    42 2865           5773
            42 3062    29 2852           5943
            43 2846    43 2854           5743
            44 3049    31 2851           5931
            45 2865    42 2865           5772
            46 3063    30 2851           5944
            47 2865    43 2865           5773
            48 3044    30 2851           5925
            49 2866    43 2865           5774
            50 3035    30 2851           5916
            51 2865    43 2865           5773
            52 3042    28 2851           5921
            54 2865    43 2854           5762
            55 3054    29 2836           5919
            56 2865    42 2865           5772
            60 3046    28 2836           5910
            61 2865    42 2865           5772
            63 5895    47 5667          11609