PIM Expert Operations - Total Cycles
Decoder-BS64/6th/pim/3
Note: 2 activation movements (fc1 and fc2)
BS16 - Activation divider: 128

--- Activation Movements ---
layer0.ffn.activation_movement_2: 1118 cycles
layer0.ffn.activation_movement_1: 1124 cycles
Total activation movement cycles: 2242
----------------------------

================================================================================
 Expert Number  fc1  gelu  fc2  total compute
             1 2865    28 2851           5744
             2 2865    42 2854           5761
             3 2865    29 2851           5745
             4 2865    42 2865           5772
             5 2900    30 2851           5781
             6 2865    43 2865           5773
             7 3042    31 2851           5924
             9 2865    42 2865           5772
            10 3041    30 2851           5922
            11 2865    45 2865           5775
            15 3044    31 2851           5926
            17 2865    42 2854           5761
            18 3055    28 2851           5934
            19 2865    42 2865           5772
            20 2955    28 2836           5819
            21 2865    43 2865           5773
            22 2851    30 2852           5733
            23 2865    42 2865           5772
            24 2851    42 2865           5758
            25 2865    43 2854           5762
            26 2835    42 2865           5742
            27 2865    42 2855           5762
            28 2851    44 2865           5760
            29 2865    53 2865           5783
            31 2842    42 2866           5750
            32 2865   218 2865           5948
            33 2851    43 2865           5759
            34 2865   204 2865           5934
            35 2851    42 2866           5759
            36 2865   207 2865           5937
            37 2836    43 2865           5744
            39 2865   222 2854           5941
            40 2851    44 2865           5760
            41 2865   219 2854           5938
            42 2851    44 2865           5760
            43 2865   219 2865           5949
            44 2851    42 2865           5758
            45 2865   207 2865           5937
            46 2851    42 2865           5758
            47 5681    46 5681          11408
            50 2865    29 2836           5730
            52 2865    42 2865           5772
            53 2865    29 2851           5745
            54 2865    43 2865           5773
            56 2865    28 2836           5729
            57 2842    42 2865           5749
            58 2879    30 2851           5760
            59 2865    43 2865           5773
            61 3041    28 2836           5905
            62 2865    42 2865           5772
            63 3019    28 2851           5898