============================================================
METADATA (2Nd token of each sequence)
============================================================
Model: flame-moe-290m
Run ID: 31066
Epoch: 5473
Layer: 8
Token Position: 1 (2nd)
Shards processed: 0-0.pt, 0-1.pt
Total sequences: 64
Sequence length: 512
============================================================

----------------samples-----------------
torch.Size([64])
tensor([ 3206,   690,   390,   309,  2285,  2506,   187,  6424,  3305,    15,
          187,  1664,   275,   253,    41,    13,     8,  3808,  7123, 37502,
          670,  6122,   812, 50274,  4632,    15,  4588,   253,   253,   625,
          575,   690,   564,  1833,    15, 20365, 37616,   368,  4483,   897,
           15,  4668,    15,   342,   763, 11678, 16541,    28, 24320,   476,
          564,  1676,   584,  1386,  1659,  1335,  1244,  7675,   479,   253,
        22096,  9556,  4062,   281])

-----------------scores-----------------
torch.Size([64, 6])
tensor([[0.0669, 0.0575, 0.0554, 0.0382, 0.0379, 0.0350],
        [0.1875, 0.1477, 0.1206, 0.0520, 0.0451, 0.0342],
        [0.1009, 0.0788, 0.0570, 0.0465, 0.0463, 0.0447],
        [0.1799, 0.1260, 0.0684, 0.0641, 0.0569, 0.0280],
        [0.1915, 0.1338, 0.1278, 0.0463, 0.0334, 0.0332],
        [0.1701, 0.1240, 0.1089, 0.0645, 0.0616, 0.0573],
        [0.2102, 0.0878, 0.0478, 0.0451, 0.0419, 0.0278],
        [0.1590, 0.0784, 0.0779, 0.0759, 0.0575, 0.0495],
        [0.1426, 0.1140, 0.0666, 0.0641, 0.0586, 0.0564],
        [0.2607, 0.0756, 0.0659, 0.0342, 0.0311, 0.0292],
        [0.1761, 0.1265, 0.0765, 0.0763, 0.0539, 0.0439],
        [0.1543, 0.1469, 0.1003, 0.0785, 0.0420, 0.0292],
        [0.1843, 0.0860, 0.0792, 0.0585, 0.0366, 0.0353],
        [0.1139, 0.0903, 0.0719, 0.0462, 0.0426, 0.0318],
        [0.1933, 0.0950, 0.0914, 0.0794, 0.0527, 0.0421],
        [0.2326, 0.1474, 0.0960, 0.0431, 0.0424, 0.0402],
        [0.1232, 0.1055, 0.0750, 0.0609, 0.0604, 0.0604],
        [0.1752, 0.1355, 0.0762, 0.0615, 0.0494, 0.0354],
        [0.2401, 0.1057, 0.0999, 0.0689, 0.0314, 0.0298],
        [0.2366, 0.1183, 0.0882, 0.0724, 0.0443, 0.0392],
        [0.1093, 0.0999, 0.0783, 0.0525, 0.0441, 0.0385],
        [0.3205, 0.1408, 0.0756, 0.0585, 0.0346, 0.0298],
        [0.1272, 0.1093, 0.0646, 0.0644, 0.0540, 0.0528],
        [0.1254, 0.1219, 0.0998, 0.0713, 0.0441, 0.0393],
        [0.1711, 0.0967, 0.0949, 0.0735, 0.0368, 0.0309],
        [0.1850, 0.1306, 0.1006, 0.0919, 0.0484, 0.0413],
        [0.1205, 0.0829, 0.0805, 0.0804, 0.0787, 0.0411],
        [0.5960, 0.1396, 0.0627, 0.0183, 0.0159, 0.0155],
        [0.1205, 0.1061, 0.0795, 0.0727, 0.0339, 0.0333],
        [0.2891, 0.0956, 0.0734, 0.0486, 0.0486, 0.0383],
        [0.0927, 0.0862, 0.0855, 0.0704, 0.0514, 0.0448],
        [0.1265, 0.1144, 0.0949, 0.0466, 0.0391, 0.0327],
        [0.0858, 0.0456, 0.0379, 0.0342, 0.0317, 0.0307],
        [0.5872, 0.0724, 0.0495, 0.0287, 0.0271, 0.0204],
        [0.1323, 0.1162, 0.0750, 0.0681, 0.0400, 0.0389],
        [0.3454, 0.0812, 0.0468, 0.0465, 0.0348, 0.0292],
        [0.1511, 0.1506, 0.1055, 0.0612, 0.0581, 0.0528],
        [0.1379, 0.0909, 0.0853, 0.0792, 0.0639, 0.0598],
        [0.3351, 0.1362, 0.1239, 0.0533, 0.0491, 0.0443],
        [0.2944, 0.1263, 0.0841, 0.0633, 0.0411, 0.0378],
        [0.1704, 0.0846, 0.0769, 0.0468, 0.0396, 0.0372],
        [0.1253, 0.0827, 0.0655, 0.0578, 0.0446, 0.0419],
        [0.2606, 0.1636, 0.0961, 0.0931, 0.0394, 0.0324],
        [0.0936, 0.0909, 0.0900, 0.0819, 0.0673, 0.0554],
        [0.2281, 0.0584, 0.0527, 0.0515, 0.0490, 0.0446],
        [0.1292, 0.0844, 0.0777, 0.0416, 0.0407, 0.0404],
        [0.1691, 0.0850, 0.0680, 0.0474, 0.0445, 0.0421],
        [0.1570, 0.1535, 0.1033, 0.0466, 0.0456, 0.0351],
        [0.0904, 0.0737, 0.0726, 0.0684, 0.0578, 0.0527],
        [0.1554, 0.0639, 0.0592, 0.0561, 0.0555, 0.0518],
        [0.2665, 0.1274, 0.1268, 0.0661, 0.0661, 0.0539],
        [0.0895, 0.0640, 0.0638, 0.0603, 0.0601, 0.0345],
        [0.0864, 0.0771, 0.0744, 0.0733, 0.0615, 0.0552],
        [0.1545, 0.1070, 0.0766, 0.0688, 0.0384, 0.0347],
        [0.1238, 0.0935, 0.0386, 0.0359, 0.0352, 0.0328],
        [0.2782, 0.1678, 0.1296, 0.0475, 0.0295, 0.0182],
        [0.1883, 0.1117, 0.1072, 0.0821, 0.0644, 0.0574],
        [0.1317, 0.1249, 0.1171, 0.1068, 0.0891, 0.0625],
        [0.2083, 0.1468, 0.0966, 0.0459, 0.0450, 0.0317],
        [0.1078, 0.0877, 0.0866, 0.0594, 0.0564, 0.0461],
        [0.2446, 0.0772, 0.0579, 0.0578, 0.0427, 0.0321],
        [0.2161, 0.0719, 0.0616, 0.0581, 0.0559, 0.0492],
        [0.0939, 0.0730, 0.0673, 0.0573, 0.0472, 0.0447],
        [0.3433, 0.1078, 0.1036, 0.0628, 0.0564, 0.0356]])

----------------indices-----------------
torch.Size([64, 6])
tensor([[41, 31, 20, 38, 47, 40],
        [22, 50, 62,  3, 18, 15],
        [36, 14,  9, 50, 30, 35],
        [50, 24, 32, 36, 51, 26],
        [13, 37, 58,  3, 28, 55],
        [22, 62, 50, 12, 32, 46],
        [17,  7, 11,  8, 53, 18],
        [25,  7, 34, 18, 17, 14],
        [17, 53, 25,  7, 39, 50],
        [63, 57,  9, 27,  6, 33],
        [43,  5, 39,  0, 46, 61],
        [39, 25, 48,  7, 23, 43],
        [14, 30,  9, 27, 35, 56],
        [50, 24, 36, 40, 26, 32],
        [46,  3, 44, 34,  5, 61],
        [58, 13, 37, 48, 49, 28],
        [22, 62, 32, 12, 50, 46],
        [ 6, 50, 24, 29, 26, 51],
        [53, 47, 57, 27, 35,  5],
        [43,  5,  0, 39, 46, 61],
        [56, 57, 14, 30, 11, 33],
        [37, 51, 29, 49, 13, 46],
        [23,  7, 25, 54, 39, 18],
        [22, 62, 50, 18, 12, 46],
        [31, 38, 44, 10,  3, 61],
        [25, 39, 23,  7, 48, 34],
        [22, 62, 50, 12, 32, 18],
        [34,  4, 25, 12, 43,  5],
        [58, 13, 49, 37, 50, 28],
        [35, 54, 57, 53, 56,  3],
        [38, 39, 23, 50, 57,  7],
        [25, 14, 34, 19,  6,  9],
        [ 1, 29, 47, 31, 37, 57],
        [46, 43,  3, 12, 61, 52],
        [10,  7, 26, 31, 20,  2],
        [41, 35, 27, 51, 54, 44],
        [59, 48, 21, 28, 23, 39],
        [10, 26, 31, 41,  7, 20],
        [46, 62,  8, 15, 22, 18],
        [48, 23, 54, 52,  7, 17],
        [24, 55, 52, 29, 62, 28],
        [17, 10, 26, 39, 41,  3],
        [44,  0, 61, 39, 52, 43],
        [24, 62, 28, 26, 29, 50],
        [21, 42,  7, 20, 31, 10],
        [26, 28, 24,  2,  3, 50],
        [57, 27, 56,  3, 38, 35],
        [63, 24, 55, 25, 29, 58],
        [17, 10, 39, 20, 26, 59],
        [33,  2, 52, 47, 38,  1],
        [46, 62,  8, 15, 18, 22],
        [45, 14, 27, 30, 11, 35],
        [33, 16,  2, 38, 52, 53],
        [48, 54, 28, 23, 59, 35],
        [54, 38, 50, 47,  1, 16],
        [41,  3, 57, 54, 38, 42],
        [29, 55, 13, 58, 49,  3],
        [21, 48, 54, 23, 28,  6],
        [48, 39, 62, 21, 23,  7],
        [ 9, 30, 11, 52, 45, 17],
        [ 9, 63, 55, 47, 58, 27],
        [ 7, 39, 48, 14, 11, 18],
        [30, 14, 27, 18, 31,  3],
        [16, 62, 15, 22,  8, 46]])
