============================================================
METADATA (3Rd token of each sequence)
============================================================
Model: flame-moe-290m
Run ID: 31066
Epoch: 5473
Layer: 17
Token Position: 2 (3rd)
Shards processed: 0-0.pt, 0-1.pt
Total sequences: 64
Sequence length: 512
============================================================

----------------samples-----------------
torch.Size([64])
tensor([  342,  1175, 23437,   651,   984,   626,   187, 19626,    15,   309,
        50276,   187, 30972,  5268,  1539,  1918, 12917,  4477,    32,  1294,
          247,    13,  1379, 11752,    35,  1916, 10756, 13742,  1669,  1774,
         1669,   643,   327,   320,   380,   255, 10571,   457,   368,   273,
          187,   310,   187,   253, 19887,   368,  3277,   323, 22165,   320,
         1735,  1780,   326,  1060,   369,  1973,   594,   566,   984,  8264,
        22078,  5323,   273,  1978])

-----------------scores-----------------
torch.Size([64, 6])
tensor([[0.2036, 0.0933, 0.0933, 0.0926, 0.0573, 0.0377],
        [0.1529, 0.1441, 0.0684, 0.0372, 0.0361, 0.0337],
        [0.1525, 0.0751, 0.0483, 0.0454, 0.0391, 0.0359],
        [0.2461, 0.1931, 0.1233, 0.0846, 0.0811, 0.0699],
        [0.0957, 0.0781, 0.0684, 0.0558, 0.0382, 0.0340],
        [0.1302, 0.0857, 0.0773, 0.0508, 0.0475, 0.0443],
        [0.1691, 0.1571, 0.0955, 0.0593, 0.0422, 0.0402],
        [0.2459, 0.1288, 0.1123, 0.0748, 0.0593, 0.0326],
        [0.1269, 0.0832, 0.0730, 0.0517, 0.0429, 0.0423],
        [0.1265, 0.1151, 0.0717, 0.0675, 0.0491, 0.0371],
        [0.1016, 0.0712, 0.0674, 0.0632, 0.0598, 0.0549],
        [0.1911, 0.1386, 0.0633, 0.0511, 0.0479, 0.0467],
        [0.2874, 0.2339, 0.0838, 0.0556, 0.0363, 0.0244],
        [0.1653, 0.0887, 0.0780, 0.0689, 0.0500, 0.0465],
        [0.1972, 0.1466, 0.1347, 0.0655, 0.0463, 0.0428],
        [0.4340, 0.1246, 0.1158, 0.0595, 0.0429, 0.0247],
        [0.2336, 0.0775, 0.0748, 0.0745, 0.0652, 0.0404],
        [0.1745, 0.1325, 0.0687, 0.0684, 0.0451, 0.0401],
        [0.1193, 0.0646, 0.0593, 0.0478, 0.0440, 0.0424],
        [0.3849, 0.0769, 0.0602, 0.0591, 0.0381, 0.0374],
        [0.4561, 0.0971, 0.0833, 0.0591, 0.0270, 0.0198],
        [0.3642, 0.0749, 0.0535, 0.0451, 0.0448, 0.0356],
        [0.1051, 0.0705, 0.0590, 0.0549, 0.0517, 0.0489],
        [0.1959, 0.1825, 0.1283, 0.1215, 0.0970, 0.0396],
        [0.0999, 0.0962, 0.0828, 0.0558, 0.0525, 0.0506],
        [0.1830, 0.0821, 0.0581, 0.0579, 0.0457, 0.0323],
        [0.1932, 0.1467, 0.0977, 0.0733, 0.0675, 0.0613],
        [0.1541, 0.1219, 0.1038, 0.0959, 0.0628, 0.0611],
        [0.2070, 0.1937, 0.1373, 0.1073, 0.0614, 0.0356],
        [0.1702, 0.1358, 0.1256, 0.0839, 0.0776, 0.0535],
        [0.1605, 0.1322, 0.0662, 0.0516, 0.0495, 0.0442],
        [0.1760, 0.1114, 0.1095, 0.0536, 0.0506, 0.0418],
        [0.2686, 0.0996, 0.0526, 0.0445, 0.0441, 0.0396],
        [0.2736, 0.1250, 0.1136, 0.0927, 0.0382, 0.0342],
        [0.1880, 0.1302, 0.0935, 0.0826, 0.0331, 0.0299],
        [0.1113, 0.1042, 0.0985, 0.0847, 0.0502, 0.0465],
        [0.2835, 0.1454, 0.1005, 0.0968, 0.0766, 0.0320],
        [0.1327, 0.1114, 0.0751, 0.0647, 0.0565, 0.0368],
        [0.2693, 0.0871, 0.0762, 0.0534, 0.0313, 0.0300],
        [0.2540, 0.1137, 0.0946, 0.0577, 0.0319, 0.0303],
        [0.1839, 0.0989, 0.0743, 0.0537, 0.0418, 0.0355],
        [0.1671, 0.0685, 0.0655, 0.0567, 0.0430, 0.0370],
        [0.1706, 0.1577, 0.1311, 0.1121, 0.0562, 0.0556],
        [0.1101, 0.0793, 0.0603, 0.0463, 0.0401, 0.0393],
        [0.0845, 0.0810, 0.0651, 0.0641, 0.0592, 0.0553],
        [0.1190, 0.0696, 0.0650, 0.0481, 0.0448, 0.0438],
        [0.1672, 0.1639, 0.0984, 0.0673, 0.0570, 0.0286],
        [0.1842, 0.1581, 0.1175, 0.0513, 0.0376, 0.0348],
        [0.1257, 0.0798, 0.0708, 0.0473, 0.0429, 0.0385],
        [0.2819, 0.1009, 0.0872, 0.0429, 0.0334, 0.0237],
        [0.0937, 0.0735, 0.0706, 0.0507, 0.0439, 0.0406],
        [0.1627, 0.0773, 0.0560, 0.0428, 0.0414, 0.0376],
        [0.2029, 0.1059, 0.0883, 0.0849, 0.0298, 0.0291],
        [0.1560, 0.1494, 0.1321, 0.1089, 0.0951, 0.0571],
        [0.1749, 0.1605, 0.1264, 0.1214, 0.0954, 0.0315],
        [0.0671, 0.0548, 0.0443, 0.0387, 0.0374, 0.0371],
        [0.1093, 0.1026, 0.0904, 0.0430, 0.0358, 0.0330],
        [0.1478, 0.1194, 0.0514, 0.0481, 0.0343, 0.0339],
        [0.1371, 0.1236, 0.1022, 0.0525, 0.0480, 0.0457],
        [0.2516, 0.1733, 0.1626, 0.0447, 0.0293, 0.0270],
        [0.2444, 0.2426, 0.0775, 0.0655, 0.0407, 0.0338],
        [0.2153, 0.2135, 0.0925, 0.0732, 0.0625, 0.0517],
        [0.1912, 0.0762, 0.0734, 0.0682, 0.0565, 0.0478],
        [0.1785, 0.0826, 0.0704, 0.0696, 0.0376, 0.0360]])

----------------indices-----------------
torch.Size([64, 6])
tensor([[48, 19, 31, 33, 10, 20],
        [13, 52, 47, 16, 23, 17],
        [14, 34,  1, 33, 56, 26],
        [44,  0, 55, 30, 51,  5],
        [34, 32, 22, 59, 42, 14],
        [16, 52, 13, 17, 27, 38],
        [31, 50, 20, 48,  8, 15],
        [55, 49,  0, 44, 10, 51],
        [31, 48, 53, 22, 19, 15],
        [14, 45,  1, 22, 34, 11],
        [ 4, 32, 10, 33, 42, 40],
        [39, 13, 19, 37, 56, 32],
        [ 8, 15, 50, 31, 62, 39],
        [ 0, 49, 30,  8, 51, 44],
        [54, 19, 13, 52, 43, 17],
        [10, 50, 62, 15,  8, 39],
        [62, 39, 18, 15,  9, 49],
        [62, 37, 41, 63, 30, 13],
        [37, 13, 63, 49, 62, 55],
        [55,  0, 44, 49, 15, 51],
        [27,  8, 20, 50, 44, 15],
        [55,  0, 49, 44, 15, 10],
        [37, 49, 38, 13, 63,  7],
        [ 5, 31, 16, 50, 13, 27],
        [31, 39, 15, 49, 37, 18],
        [ 9, 28, 50,  5,  8, 25],
        [ 8, 16, 62, 50, 31, 27],
        [ 8, 62, 31, 50, 33, 15],
        [15,  8, 20, 62, 39, 50],
        [ 3, 35, 24, 26, 63, 61],
        [19, 20, 27, 58, 47, 46],
        [ 7, 63, 46,  3, 26, 58],
        [48, 19, 31, 10, 14, 33],
        [ 0, 30, 51, 44,  8,  5],
        [ 4, 49, 38, 37, 63, 58],
        [61,  2, 35, 57, 40, 29],
        [39, 20, 19, 15, 13, 53],
        [61, 45, 22, 11, 14,  1],
        [60, 42,  7, 63, 41, 37],
        [16, 17, 52, 13, 63, 54],
        [16, 52, 13, 17, 40, 38],
        [60, 48, 34, 45, 53,  5],
        [36, 21, 56, 12, 35,  2],
        [11, 22, 45, 53, 60, 31],
        [48, 19, 53, 34, 17, 31],
        [14, 34, 45, 20, 11, 10],
        [ 7, 54,  5, 52, 16, 43],
        [49,  4, 38, 37,  5,  7],
        [56, 14, 45, 34, 60, 12],
        [23, 17, 33, 25, 55, 36],
        [53,  1, 45, 22, 11,  5],
        [17, 43, 40, 34, 16, 54],
        [11, 45, 14, 22, 34, 44],
        [44,  0, 54, 30, 51, 49],
        [44, 54, 30,  0, 51, 49],
        [22, 19, 31, 15, 59,  1],
        [14, 45, 59, 61, 33, 26],
        [59, 10, 56, 22, 48,  1],
        [16,  6, 57, 42, 41, 40],
        [26,  3, 61, 22, 59,  7],
        [41, 63, 57,  6, 46, 16],
        [ 0, 44, 51, 30, 55, 49],
        [41, 57, 42,  6, 43, 40],
        [49, 38,  4, 37, 25, 35]])
