Expert Operations - Total Cycles
================================================================================
 Expert Number  param_load  fc1  gelu  fc2  total compute
             0      353536 2090   181 2090           4361
             1      353600 3049   263 3050           6362
             2      353536 2474   214 2474           5162
             3      353536 2329   200 2330           4859
             4      353536 2712   232 2714           5658
             5      353600 1849   163 1850           3862
             6      353600 2089   180 2090           4359
             7      353536 1945   168 1946           4059
             8      353600 1800   156 1802           3758
             9      353536 3337   286 3338           6961
            10      353536 2617   224 2618           5459
            11      353536 2138   185 2138           4461
            12      353536 2713   233 2714           5660
            13      353536 2473   214 2474           5161
            14      353536 2425   211 2426           5062
            15      353536 1945   168 1946           4059
            16      353536 3385   291 3386           7062
            17      353536 2713   232 2714           5659
            18      353536 2329   200 2329           4858
            19      353536 2954   255 2953           6162
            20      353536 2377   206 2378           4961
            21      353536 2233   193 2234           4660
            22      353536 2042   177 2042           4261
            23      353536 2426   211 2426           5063
            24      353536 2090   183 2090           4363
            25      353536 2617   224 2617           5458
            26      353536 2329   202 2330           4861
            27      353536 1897   167 1898           3962
            28      353536 2233   193 2234           4660
            29      353536 2761   238 2762           5761
            30      353536 2377   205 2378           4960
            31      353600 2378   205 2378           4961
            32      353600 3001   259 3002           6262
            33      353536  889    81  890           1860
            34      353536 2377   204 2378           4959
            35      353536 2377   206 2378           4961
            36      353536 2184   188 2186           4558
            37      353536 1993   174 1994           4161
            38      353536 2233   195 2234           4662
            39      353600 2473   212 2474           5159
            40      353536 2137   185 2137           4459
            41      353536  889    81  889           1859
            42      353536 2137   186 2138           4461
            43      353536 2857   244 2857           5958
            44      353536 2713   234 2714           5661
            45      353536 2617   227 2618           5462
            46      353536 2474   215 2474           5163
            47      353536 2089   181 2089           4359
            48      353536 2042   178 2042           4262
            49      353536 3002   259 3001           6262
            50      353536 2425   209 2426           5060
            51      353536 2042   178 2042           4262
            52      353536 2522   217 2522           5261
            53      353536 2186   191 2186           4563
            54      353536 2329   202 2330           4861
            55      353536 3001   256 3002           6259
            56      353536 2185   188 2186           4559
            57      353536 2713   232 2714           5659
            58      353536 2473   214 2473           5160
            59      353536 2906   251 2906           6063
            60      353536 2089   180 2090           4359
            61      353536 2857   244 2857           5958
            62      353536 2233   195 2234           4662
            63      353536  698    66  697           1461