============================================================
METADATA (4Th token of each sequence)
============================================================
Model: flame-moe-290m
Run ID: 31066
Epoch: 5473
Layer: 19
Token Position: 3 (4th)
Shards processed: 0-0.pt, 0-1.pt
Total sequences: 64
Sequence length: 512
============================================================

----------------samples-----------------
torch.Size([64])
tensor([  824,   342,  1974,  9059,   344,  1646,    56,    15,  2896,   588,
          805, 50276,    91,  4720,  2573,  4834,   449,   923, 14815,  7186,
         2872, 24504,   247,   253, 20336,  3522,   275,   326,   285,  1953,
        31914,  7122,   281,  7063, 44152,  3462, 14002,    69,   281,   247,
          187,   697,   187,  6729,    15,  5181,  4787,   954,   285,  6685,
           32, 43728,   352,    15,  9166,   323,    13,    15,   352,   763,
        49619,   323,   253,  7520])

-----------------scores-----------------
torch.Size([64, 6])
tensor([[0.2119, 0.0586, 0.0576, 0.0472, 0.0427, 0.0387],
        [0.0710, 0.0267, 0.0254, 0.0239, 0.0231, 0.0222],
        [0.0739, 0.0625, 0.0505, 0.0464, 0.0372, 0.0281],
        [0.0589, 0.0430, 0.0331, 0.0328, 0.0274, 0.0274],
        [0.1968, 0.1180, 0.0505, 0.0457, 0.0322, 0.0318],
        [0.0950, 0.0729, 0.0358, 0.0323, 0.0283, 0.0243],
        [0.1785, 0.1039, 0.0476, 0.0340, 0.0297, 0.0276],
        [0.0399, 0.0390, 0.0288, 0.0286, 0.0286, 0.0270],
        [0.0508, 0.0427, 0.0372, 0.0242, 0.0211, 0.0204],
        [0.1568, 0.1201, 0.0865, 0.0659, 0.0485, 0.0336],
        [0.0358, 0.0304, 0.0301, 0.0297, 0.0266, 0.0243],
        [0.1332, 0.1122, 0.0853, 0.0389, 0.0341, 0.0273],
        [0.0883, 0.0659, 0.0621, 0.0587, 0.0560, 0.0472],
        [0.3014, 0.1076, 0.0451, 0.0367, 0.0325, 0.0305],
        [0.1266, 0.0799, 0.0520, 0.0438, 0.0348, 0.0317],
        [0.0638, 0.0463, 0.0392, 0.0308, 0.0299, 0.0265],
        [0.2344, 0.0953, 0.0613, 0.0490, 0.0341, 0.0284],
        [0.0409, 0.0355, 0.0346, 0.0322, 0.0293, 0.0288],
        [0.0636, 0.0485, 0.0400, 0.0327, 0.0255, 0.0253],
        [0.0274, 0.0271, 0.0267, 0.0233, 0.0230, 0.0224],
        [0.1651, 0.0738, 0.0524, 0.0496, 0.0446, 0.0316],
        [0.1797, 0.0875, 0.0694, 0.0584, 0.0402, 0.0341],
        [0.1718, 0.0650, 0.0525, 0.0443, 0.0391, 0.0378],
        [0.1649, 0.1474, 0.0530, 0.0414, 0.0366, 0.0348],
        [0.0769, 0.0635, 0.0532, 0.0468, 0.0457, 0.0424],
        [0.0298, 0.0277, 0.0277, 0.0258, 0.0255, 0.0253],
        [0.0254, 0.0247, 0.0244, 0.0236, 0.0234, 0.0230],
        [0.0676, 0.0610, 0.0504, 0.0384, 0.0360, 0.0353],
        [0.0976, 0.0795, 0.0493, 0.0462, 0.0381, 0.0244],
        [0.3249, 0.0778, 0.0702, 0.0627, 0.0406, 0.0396],
        [0.0423, 0.0315, 0.0299, 0.0263, 0.0254, 0.0244],
        [0.1105, 0.0854, 0.0847, 0.0526, 0.0522, 0.0323],
        [0.1744, 0.1558, 0.1201, 0.0476, 0.0282, 0.0253],
        [0.0393, 0.0286, 0.0267, 0.0260, 0.0254, 0.0253],
        [0.1741, 0.0760, 0.0649, 0.0458, 0.0404, 0.0392],
        [0.1339, 0.1326, 0.0465, 0.0386, 0.0350, 0.0303],
        [0.1897, 0.0899, 0.0602, 0.0315, 0.0314, 0.0311],
        [0.1047, 0.0573, 0.0453, 0.0332, 0.0319, 0.0284],
        [0.2470, 0.0500, 0.0286, 0.0285, 0.0271, 0.0260],
        [0.0261, 0.0254, 0.0239, 0.0235, 0.0234, 0.0232],
        [0.1577, 0.1192, 0.0706, 0.0573, 0.0330, 0.0316],
        [0.1374, 0.1052, 0.0857, 0.0488, 0.0450, 0.0423],
        [0.0491, 0.0474, 0.0331, 0.0276, 0.0271, 0.0271],
        [0.0526, 0.0414, 0.0297, 0.0290, 0.0269, 0.0258],
        [0.0730, 0.0592, 0.0572, 0.0450, 0.0412, 0.0385],
        [0.0915, 0.0474, 0.0469, 0.0427, 0.0418, 0.0381],
        [0.1667, 0.1515, 0.0366, 0.0363, 0.0290, 0.0275],
        [0.1516, 0.1209, 0.0711, 0.0594, 0.0544, 0.0359],
        [0.1446, 0.1243, 0.0851, 0.0599, 0.0425, 0.0350],
        [0.1537, 0.0665, 0.0436, 0.0420, 0.0417, 0.0407],
        [0.0578, 0.0438, 0.0433, 0.0368, 0.0319, 0.0300],
        [0.1445, 0.1010, 0.1000, 0.0431, 0.0378, 0.0360],
        [0.1609, 0.1186, 0.0518, 0.0417, 0.0341, 0.0287],
        [0.1636, 0.0801, 0.0567, 0.0428, 0.0407, 0.0397],
        [0.0717, 0.0531, 0.0406, 0.0339, 0.0302, 0.0281],
        [0.1123, 0.0857, 0.0590, 0.0512, 0.0353, 0.0275],
        [0.0857, 0.0579, 0.0461, 0.0346, 0.0316, 0.0299],
        [0.1731, 0.0693, 0.0447, 0.0386, 0.0347, 0.0339],
        [0.0471, 0.0415, 0.0397, 0.0281, 0.0262, 0.0229],
        [0.0662, 0.0344, 0.0276, 0.0264, 0.0262, 0.0257],
        [0.0348, 0.0345, 0.0332, 0.0303, 0.0267, 0.0254],
        [0.0270, 0.0252, 0.0247, 0.0227, 0.0224, 0.0221],
        [0.0457, 0.0377, 0.0304, 0.0301, 0.0278, 0.0261],
        [0.0860, 0.0483, 0.0450, 0.0388, 0.0370, 0.0366]])

----------------indices-----------------
torch.Size([64, 6])
tensor([[50, 45, 59, 38, 28, 20],
        [53, 28, 57, 55, 59, 25],
        [28, 11,  4, 34, 60, 47],
        [12, 56, 48, 38, 36,  5],
        [58, 35, 20,  7, 40, 59],
        [13, 16, 49, 36, 54, 12],
        [ 4, 31, 21, 59, 58, 40],
        [39, 21, 26, 13, 11, 18],
        [ 5, 61, 25, 33, 53, 49],
        [ 7, 41,  9, 46, 42,  2],
        [19, 16, 23, 52, 57,  0],
        [55, 52,  9, 27, 18, 46],
        [63,  7, 48, 31, 27, 20],
        [35, 58, 45, 37,  6, 43],
        [37, 22, 42, 40, 35, 17],
        [ 3, 37, 35, 39, 28, 45],
        [44, 16, 61, 40, 36, 43],
        [26,  8,  2, 30, 59, 19],
        [31, 21, 33,  5, 52, 25],
        [39, 55, 10, 12, 32, 49],
        [22, 15,  1, 11, 42, 40],
        [21, 31, 18,  0, 42, 27],
        [22,  1, 11, 42, 41, 37],
        [22, 20,  1,  7, 13, 40],
        [22,  7, 20, 41, 25, 13],
        [53, 10,  3,  8, 23, 36],
        [ 6, 18, 49, 24, 52, 30],
        [45, 62, 14, 59, 31, 51],
        [17, 20, 63, 48, 38, 28],
        [35, 40, 22,  4,  6, 29],
        [25, 17,  5, 52, 55, 54],
        [62, 38, 36,  2, 10, 12],
        [50, 44, 38, 61, 25, 27],
        [ 6, 30, 18, 56, 12, 24],
        [57, 24, 55, 48, 18, 44],
        [ 2, 62, 51, 42, 24, 19],
        [25, 41,  9, 20, 44,  1],
        [51, 37, 21, 31, 57, 39],
        [58, 43, 35, 28, 19, 21],
        [23, 60,  6, 28, 55,  8],
        [ 1, 20, 22, 41,  7, 42],
        [22,  1, 20,  7,  9, 13],
        [ 4, 26, 13, 60, 19, 21],
        [52, 57, 31, 36, 15, 25],
        [39, 46, 56, 16,  9, 26],
        [ 0,  9, 27, 61, 57, 12],
        [ 1, 31, 22, 20, 10, 41],
        [35, 11, 20, 22,  4, 29],
        [10, 38, 50,  0, 18, 20],
        [22,  1, 13, 40, 37, 17],
        [21, 51, 11, 39,  8, 59],
        [35, 29, 34,  4, 32, 40],
        [41,  7, 28,  9, 42, 17],
        [22,  9, 37, 40, 42,  1],
        [22,  7,  1, 31, 47, 40],
        [ 4, 28, 11, 35, 58, 21],
        [26, 56, 46, 13, 39, 49],
        [12, 54, 38, 47, 42, 22],
        [46, 26, 56, 30, 24, 45],
        [53, 57, 38, 11, 33, 34],
        [25, 46, 26,  5, 14,  0],
        [60, 23, 24,  6, 14, 55],
        [57, 33,  6, 44, 59, 25],
        [39, 13, 22, 32, 37, 53]])
