============================================================
METADATA (2Nd token of each sequence)
============================================================
Model: flame-moe-290m
Run ID: 31066
Epoch: 5473
Layer: 15
Token Position: 1 (2nd)
Shards processed: 0-0.pt, 0-1.pt
Total sequences: 64
Sequence length: 512
============================================================

----------------samples-----------------
torch.Size([64])
tensor([ 3206,   690,   390,   309,  2285,  2506,   187,  6424,  3305,    15,
          187,  1664,   275,   253,    41,    13,     8,  3808,  7123, 37502,
          670,  6122,   812, 50274,  4632,    15,  4588,   253,   253,   625,
          575,   690,   564,  1833,    15, 20365, 37616,   368,  4483,   897,
           15,  4668,    15,   342,   763, 11678, 16541,    28, 24320,   476,
          564,  1676,   584,  1386,  1659,  1335,  1244,  7675,   479,   253,
        22096,  9556,  4062,   281])

-----------------scores-----------------
torch.Size([64, 6])
tensor([[0.0430, 0.0345, 0.0326, 0.0323, 0.0271, 0.0267],
        [0.1445, 0.1153, 0.0886, 0.0591, 0.0396, 0.0331],
        [0.2518, 0.1238, 0.0646, 0.0638, 0.0628, 0.0539],
        [0.2251, 0.1060, 0.1021, 0.0364, 0.0287, 0.0269],
        [0.1300, 0.1134, 0.1131, 0.0757, 0.0628, 0.0549],
        [0.1707, 0.0924, 0.0868, 0.0508, 0.0416, 0.0340],
        [0.2125, 0.1190, 0.0683, 0.0637, 0.0421, 0.0419],
        [0.1499, 0.1423, 0.0672, 0.0580, 0.0571, 0.0549],
        [0.2016, 0.1186, 0.0672, 0.0605, 0.0530, 0.0340],
        [0.2427, 0.1315, 0.0890, 0.0550, 0.0495, 0.0469],
        [0.1421, 0.0832, 0.0757, 0.0519, 0.0416, 0.0389],
        [0.1722, 0.0882, 0.0651, 0.0531, 0.0427, 0.0370],
        [0.1428, 0.0975, 0.0841, 0.0511, 0.0499, 0.0483],
        [0.1709, 0.0812, 0.0792, 0.0768, 0.0395, 0.0284],
        [0.3155, 0.1620, 0.1051, 0.0469, 0.0466, 0.0459],
        [0.2011, 0.1895, 0.0630, 0.0482, 0.0426, 0.0420],
        [0.1479, 0.1179, 0.0475, 0.0460, 0.0425, 0.0414],
        [0.1294, 0.1093, 0.0539, 0.0487, 0.0408, 0.0274],
        [0.0976, 0.0595, 0.0504, 0.0467, 0.0410, 0.0355],
        [0.1249, 0.0735, 0.0734, 0.0424, 0.0415, 0.0361],
        [0.2072, 0.1739, 0.0701, 0.0305, 0.0268, 0.0268],
        [0.2235, 0.0804, 0.0792, 0.0444, 0.0350, 0.0339],
        [0.0975, 0.0821, 0.0775, 0.0722, 0.0545, 0.0533],
        [0.1537, 0.0920, 0.0715, 0.0706, 0.0490, 0.0380],
        [0.1662, 0.1526, 0.0568, 0.0421, 0.0377, 0.0330],
        [0.1142, 0.0873, 0.0832, 0.0781, 0.0447, 0.0379],
        [0.1214, 0.0739, 0.0724, 0.0667, 0.0527, 0.0500],
        [0.1484, 0.1314, 0.1180, 0.0689, 0.0441, 0.0397],
        [0.1486, 0.1347, 0.0965, 0.0666, 0.0484, 0.0353],
        [0.1725, 0.0827, 0.0654, 0.0582, 0.0566, 0.0287],
        [0.1370, 0.1234, 0.0978, 0.0872, 0.0574, 0.0300],
        [0.2131, 0.1140, 0.0994, 0.0394, 0.0345, 0.0296],
        [0.0477, 0.0440, 0.0330, 0.0288, 0.0287, 0.0285],
        [0.4467, 0.0966, 0.0687, 0.0438, 0.0329, 0.0260],
        [0.0920, 0.0850, 0.0729, 0.0497, 0.0454, 0.0396],
        [0.1271, 0.1094, 0.0724, 0.0703, 0.0622, 0.0428],
        [0.2528, 0.2262, 0.0637, 0.0484, 0.0450, 0.0297],
        [0.1645, 0.1226, 0.0993, 0.0760, 0.0627, 0.0480],
        [0.3229, 0.1240, 0.1086, 0.0649, 0.0567, 0.0242],
        [0.1461, 0.1343, 0.1094, 0.0585, 0.0424, 0.0420],
        [0.3164, 0.0545, 0.0500, 0.0492, 0.0446, 0.0352],
        [0.1114, 0.0963, 0.0746, 0.0653, 0.0526, 0.0395],
        [0.1272, 0.1235, 0.0932, 0.0766, 0.0713, 0.0658],
        [0.2848, 0.1013, 0.0751, 0.0425, 0.0294, 0.0262],
        [0.2038, 0.0983, 0.0718, 0.0486, 0.0313, 0.0291],
        [0.1934, 0.0764, 0.0713, 0.0640, 0.0404, 0.0377],
        [0.2752, 0.2329, 0.0505, 0.0261, 0.0255, 0.0236],
        [0.2848, 0.0958, 0.0872, 0.0473, 0.0403, 0.0312],
        [0.1600, 0.1034, 0.0758, 0.0511, 0.0396, 0.0317],
        [0.0994, 0.0977, 0.0525, 0.0483, 0.0407, 0.0383],
        [0.2652, 0.1296, 0.1162, 0.0906, 0.0690, 0.0301],
        [0.0808, 0.0696, 0.0628, 0.0504, 0.0471, 0.0440],
        [0.1713, 0.0826, 0.0805, 0.0637, 0.0486, 0.0455],
        [0.1771, 0.0744, 0.0626, 0.0594, 0.0459, 0.0389],
        [0.2145, 0.1068, 0.0537, 0.0473, 0.0445, 0.0362],
        [0.0932, 0.0587, 0.0490, 0.0386, 0.0383, 0.0351],
        [0.2173, 0.1709, 0.1037, 0.0558, 0.0416, 0.0319],
        [0.1363, 0.1183, 0.1159, 0.0637, 0.0630, 0.0531],
        [0.1989, 0.1288, 0.1272, 0.0411, 0.0330, 0.0319],
        [0.2377, 0.1399, 0.0572, 0.0459, 0.0383, 0.0311],
        [0.1704, 0.1272, 0.0747, 0.0514, 0.0476, 0.0443],
        [0.1890, 0.0871, 0.0623, 0.0610, 0.0571, 0.0356],
        [0.0863, 0.0781, 0.0712, 0.0641, 0.0565, 0.0409],
        [0.1907, 0.0721, 0.0583, 0.0576, 0.0509, 0.0462]])

----------------indices-----------------
torch.Size([64, 6])
tensor([[18, 48, 28,  6, 39, 51],
        [54, 23, 13, 46,  9, 29],
        [52, 26,  1, 28, 38,  2],
        [ 2, 21,  5, 34, 31,  0],
        [ 4, 43, 55, 47, 17, 56],
        [13, 54,  9, 46, 23, 29],
        [62, 26, 37, 30, 43,  8],
        [45, 59, 18, 43, 49, 53],
        [38, 26, 15, 37,  9, 62],
        [28, 36, 52, 55, 56, 19],
        [44, 15, 40, 59, 10, 45],
        [25, 17, 10, 16, 44, 15],
        [18, 62, 49, 43, 13, 30],
        [ 2, 21, 31,  5, 34, 12],
        [44, 40, 15, 51, 46, 13],
        [ 4, 47, 27, 55, 57, 17],
        [13, 54, 46, 23, 31, 53],
        [ 2, 21, 14,  7, 38, 61],
        [20,  0, 35, 28, 37, 43],
        [44, 15, 40, 53, 59, 51],
        [49, 19, 59, 45, 58, 62],
        [61,  7, 11,  1,  6, 42],
        [45, 53, 59, 10, 43,  7],
        [54, 13, 46, 23, 29, 41],
        [43, 17, 25, 35, 48, 63],
        [59, 43, 10, 45, 16, 18],
        [13,  9, 23, 54, 46, 29],
        [44, 59, 53, 11, 10, 45],
        [ 4, 32, 47, 11,  1, 23],
        [28, 36,  5, 19, 40, 20],
        [16,  7, 25, 17, 27, 43],
        [43, 59, 30, 45, 49, 15],
        [ 0, 47, 33,  5, 40,  6],
        [51, 44, 18,  0, 60, 40],
        [25, 46, 39, 14, 17, 63],
        [39,  6, 20, 43, 57, 16],
        [ 3, 61, 27,  1, 22,  2],
        [39, 20, 46, 48, 17, 14],
        [29, 12, 54, 23, 34,  9],
        [25,  1, 16, 17, 27, 10],
        [ 2, 32, 63,  6,  9, 22],
        [25, 63, 48,  3, 21, 18],
        [51, 40, 15, 60,  5, 22],
        [ 2, 14, 21,  3, 61, 22],
        [61, 39, 18, 48, 40, 63],
        [21,  2, 20, 47, 18, 16],
        [19, 28, 40, 35,  3, 57],
        [ 9,  2, 56, 36, 52, 58],
        [ 3, 25, 63, 18, 48, 21],
        [50, 28, 39, 35, 19, 40],
        [29, 12, 23, 54, 34, 51],
        [29, 16, 38,  2, 10, 62],
        [26, 37, 50, 13,  8, 43],
        [27, 16, 57,  6,  3, 42],
        [10,  2,  6, 25, 28, 36],
        [38, 63,  7, 35, 48, 50],
        [56, 42, 27,  4, 55, 57],
        [27, 57,  3,  7, 16, 42],
        [25, 16, 27, 53, 10, 15],
        [30, 37, 62, 36, 26, 49],
        [52, 56, 42, 58, 57, 36],
        [16, 59, 43, 30, 49, 27],
        [26, 45, 13, 18, 49, 50],
        [23, 46, 12, 34, 51, 24]])
