PIM Expert Operations - Total Cycles
Decoder-BS64/7th/pim/9
Note: 2 activation movements (fc1 and fc2)
BS16 - Activation divider: 128

--- Activation Movements ---
layer0.ffn.activation_movement_2: 1118 cycles
layer0.ffn.activation_movement_1: 1124 cycles
Total activation movement cycles: 2242
----------------------------

================================================================================
 Expert Number  fc1  gelu  fc2  total compute
             0 2865    28 2851           5744
             1 2865    43 2865           5773
             2 2865    28 2851           5744
             3 2865    43 2865           5773
             4 2865    28 2836           5729
             5 2866    44 2866           5776
             7 3079    29 2852           5960
             9 2865    42 2865           5772
            12 5864    47 5667          11578
            13 2865    30 2851           5746
            16 2865    43 2865           5773
            17 2851    43 2865           5759
            18 2865    44 2865           5774
            19 2851    42 2865           5758
            21 5681    47 5667          11395
            23 2865   158 2865           5888
            25 2851    42 2854           5747
            26 2866   218 2865           5949
            28 2851    42 2865           5758
            29 5681    46 5681          11408
            31 2865    30 2851           5746
            35 2865    42 2854           5761
            36 2865    28 2851           5744
            37 2865    43 2865           5773
            39 2846    44 2865           5755
            40 2865    42 2865           5772
            41 2865    28 2836           5729
            42 2865    43 2865           5773
            43 5809    48 5667          11524
            44 2865    42 2865           5772
            45 2865    42 2854           5761
            47 2852    43 2865           5760
            48 2866    43 2865           5774
            49 2836    42 2865           5743
            51 2865    42 2865           5772
            52 2851    44 2865           5760
            53 2865    47 2865           5777
            54 2846    43 2865           5754
            56 2865   215 2842           5922
            60 2851    42 2865           5758
            61 2865   229 2865           5959
            62 5667    46 5681          11394
            63 2865    42 2865           5772