============================================================
METADATA (10Th token of each sequence)
============================================================
Model: flame-moe-290m
Run ID: 31066
Epoch: 5473
Layer: 26
Token Position: 9 (10th)
Shards processed: 0-0.pt, 0-1.pt
Total sequences: 64
Sequence length: 512
============================================================

----------------samples-----------------
torch.Size([64])
tensor([  247,    15,   717,   417,  2762,   434,   436,   253,   273,   273,
        50276, 16922,   327,  2825,  8981,    19,   187,   285,   247, 49163,
          310,   253,   273,   285,   317,   281,   310,  7636,   187,   342,
        18417,    42,   273,   275,   247,    15, 18226,   273, 19487,  9446,
         9632,  2570,  3253,  1537, 22777, 11678,    32, 16280,   476, 11369,
          368,   253,  1878,     2,   326,  5053,   247, 12427,  3753,  8920,
        24787,  4493,   379,   731])

-----------------scores-----------------
torch.Size([64, 6])
tensor([[0.0380, 0.0352, 0.0347, 0.0305, 0.0290, 0.0277],
        [0.0350, 0.0341, 0.0325, 0.0226, 0.0205, 0.0189],
        [0.0184, 0.0180, 0.0180, 0.0176, 0.0175, 0.0174],
        [0.0197, 0.0194, 0.0188, 0.0185, 0.0185, 0.0182],
        [0.0241, 0.0181, 0.0179, 0.0176, 0.0173, 0.0173],
        [0.0250, 0.0227, 0.0204, 0.0199, 0.0196, 0.0196],
        [0.0398, 0.0320, 0.0274, 0.0270, 0.0254, 0.0222],
        [0.0220, 0.0205, 0.0201, 0.0198, 0.0189, 0.0189],
        [0.0408, 0.0353, 0.0234, 0.0230, 0.0216, 0.0213],
        [0.0324, 0.0283, 0.0280, 0.0234, 0.0226, 0.0221],
        [0.0238, 0.0231, 0.0230, 0.0230, 0.0218, 0.0214],
        [0.0534, 0.0251, 0.0235, 0.0217, 0.0216, 0.0215],
        [0.0190, 0.0186, 0.0185, 0.0181, 0.0181, 0.0181],
        [0.0203, 0.0193, 0.0191, 0.0189, 0.0188, 0.0188],
        [0.0192, 0.0185, 0.0185, 0.0184, 0.0182, 0.0179],
        [0.0233, 0.0226, 0.0216, 0.0209, 0.0201, 0.0199],
        [0.0330, 0.0308, 0.0208, 0.0193, 0.0188, 0.0185],
        [0.0262, 0.0223, 0.0206, 0.0198, 0.0193, 0.0191],
        [0.0329, 0.0311, 0.0286, 0.0237, 0.0232, 0.0227],
        [0.0239, 0.0234, 0.0232, 0.0224, 0.0216, 0.0212],
        [0.0191, 0.0190, 0.0188, 0.0186, 0.0183, 0.0180],
        [0.0202, 0.0198, 0.0193, 0.0189, 0.0182, 0.0181],
        [0.0223, 0.0208, 0.0202, 0.0197, 0.0197, 0.0189],
        [0.0243, 0.0230, 0.0228, 0.0201, 0.0199, 0.0192],
        [0.0358, 0.0347, 0.0329, 0.0320, 0.0285, 0.0233],
        [0.0262, 0.0233, 0.0222, 0.0211, 0.0205, 0.0203],
        [0.0262, 0.0242, 0.0208, 0.0204, 0.0202, 0.0191],
        [0.0463, 0.0418, 0.0370, 0.0363, 0.0253, 0.0252],
        [0.0214, 0.0176, 0.0174, 0.0173, 0.0171, 0.0171],
        [0.0465, 0.0335, 0.0286, 0.0266, 0.0239, 0.0219],
        [0.0292, 0.0262, 0.0215, 0.0214, 0.0210, 0.0208],
        [0.0429, 0.0208, 0.0200, 0.0199, 0.0197, 0.0196],
        [0.0460, 0.0444, 0.0382, 0.0377, 0.0329, 0.0311],
        [0.0229, 0.0228, 0.0208, 0.0204, 0.0204, 0.0201],
        [0.0676, 0.0573, 0.0405, 0.0297, 0.0266, 0.0265],
        [0.0232, 0.0212, 0.0206, 0.0204, 0.0204, 0.0200],
        [0.0402, 0.0246, 0.0241, 0.0232, 0.0211, 0.0209],
        [0.0371, 0.0269, 0.0257, 0.0255, 0.0245, 0.0239],
        [0.0304, 0.0281, 0.0194, 0.0185, 0.0185, 0.0182],
        [0.0278, 0.0244, 0.0244, 0.0244, 0.0240, 0.0230],
        [0.0261, 0.0185, 0.0185, 0.0183, 0.0181, 0.0180],
        [0.0565, 0.0249, 0.0241, 0.0225, 0.0219, 0.0212],
        [0.0240, 0.0240, 0.0233, 0.0224, 0.0205, 0.0198],
        [0.0209, 0.0186, 0.0181, 0.0179, 0.0176, 0.0173],
        [0.0504, 0.0285, 0.0256, 0.0247, 0.0244, 0.0244],
        [0.0846, 0.0475, 0.0350, 0.0302, 0.0271, 0.0262],
        [0.0251, 0.0242, 0.0239, 0.0227, 0.0212, 0.0209],
        [0.0217, 0.0204, 0.0202, 0.0188, 0.0187, 0.0187],
        [0.0482, 0.0390, 0.0351, 0.0231, 0.0226, 0.0201],
        [0.0588, 0.0286, 0.0226, 0.0225, 0.0210, 0.0206],
        [0.0278, 0.0219, 0.0199, 0.0190, 0.0185, 0.0179],
        [0.0284, 0.0267, 0.0233, 0.0199, 0.0199, 0.0198],
        [0.0710, 0.0325, 0.0265, 0.0240, 0.0220, 0.0218],
        [0.0844, 0.0244, 0.0239, 0.0232, 0.0232, 0.0228],
        [0.0204, 0.0196, 0.0195, 0.0194, 0.0180, 0.0178],
        [0.0279, 0.0273, 0.0250, 0.0239, 0.0229, 0.0226],
        [0.0255, 0.0235, 0.0231, 0.0217, 0.0213, 0.0209],
        [0.0240, 0.0233, 0.0223, 0.0220, 0.0219, 0.0203],
        [0.0890, 0.0239, 0.0239, 0.0232, 0.0220, 0.0216],
        [0.0206, 0.0204, 0.0201, 0.0199, 0.0193, 0.0191],
        [0.0227, 0.0224, 0.0223, 0.0223, 0.0216, 0.0216],
        [0.0199, 0.0193, 0.0192, 0.0187, 0.0185, 0.0184],
        [0.0801, 0.0376, 0.0279, 0.0228, 0.0228, 0.0209],
        [0.0393, 0.0205, 0.0196, 0.0182, 0.0176, 0.0176]])

----------------indices-----------------
torch.Size([64, 6])
tensor([[16, 28, 17, 47, 38, 42],
        [28, 18, 32, 29,  3,  9],
        [ 2, 51, 43, 35, 57, 39],
        [34,  8, 33, 38, 22, 62],
        [ 1,  9, 34, 49, 48, 53],
        [11, 10, 18,  7, 61, 33],
        [21, 12, 50, 13, 32, 27],
        [41, 18,  8, 11, 19,  5],
        [54, 37, 48, 10, 53, 28],
        [30, 61, 54, 38, 45, 23],
        [63, 30, 33, 21, 52, 11],
        [23, 44, 60, 57, 51, 45],
        [14, 46, 34, 57, 51, 58],
        [ 9, 27, 18, 15, 32,  5],
        [10, 48, 33,  6, 50, 54],
        [29,  5,  7, 33, 11, 52],
        [18, 32, 28, 50,  3, 15],
        [34, 50, 57,  5, 62, 22],
        [30,  6, 22,  2, 33, 35],
        [21, 63, 30, 20, 33,  6],
        [ 3, 14, 34, 33, 42, 57],
        [32, 34,  8, 27, 18,  1],
        [41,  5,  8, 58, 48, 17],
        [11, 10, 18,  7, 61, 37],
        [ 5, 47, 33, 38,  4, 37],
        [32, 37, 52, 30, 61, 24],
        [11, 10, 18,  7, 61, 40],
        [17,  5,  9, 63, 41, 22],
        [ 1, 48, 57, 44, 51, 26],
        [40, 24, 32,  2, 45, 44],
        [21, 57, 51, 54, 39,  3],
        [30, 36, 43, 18, 10, 62],
        [16, 21, 28, 12, 55, 34],
        [ 1, 59, 44, 10, 43, 40],
        [42,  9, 55, 14, 15, 44],
        [52, 55, 39, 58, 59, 54],
        [ 2, 22,  1, 28, 36, 54],
        [19, 21, 13, 55, 35, 62],
        [18,  7, 33, 54, 39,  0],
        [ 7, 61, 31, 14, 29, 10],
        [29,  7, 32, 39, 53, 26],
        [ 2, 51, 13, 27, 61, 49],
        [44,  9, 50, 26,  1, 11],
        [ 1, 43, 32,  9, 49,  5],
        [63, 12,  2, 25, 60,  0],
        [17, 55,  4, 56,  5, 47],
        [ 2, 41,  9, 62, 40, 24],
        [ 7, 18, 37, 57, 44, 49],
        [ 2, 12, 37,  6, 57, 22],
        [47, 55, 39, 16,  6, 60],
        [18,  7, 33, 35, 59, 50],
        [23, 17, 49, 61, 59, 11],
        [13, 16, 27, 23, 31,  3],
        [20, 39, 10, 30, 33, 24],
        [ 2, 31, 58, 33, 37, 57],
        [41, 12, 52, 40, 60, 51],
        [18, 32, 10, 50, 39, 35],
        [10, 39, 33, 14,  7, 53],
        [20, 32, 36, 28, 39, 61],
        [35, 60, 44, 54,  4, 19],
        [34, 13, 41, 39, 42, 26],
        [46, 52, 45, 59, 41, 62],
        [55, 51, 49, 47, 35, 44],
        [18, 32, 28, 43, 24, 50]])
