PIM Expert Operations - Total Cycles
Decoder-BS64/7th/pim/7
Note: 2 activation movements (fc1 and fc2)
BS16 - Activation divider: 128

--- Activation Movements ---
layer0.ffn.activation_movement_2: 1118 cycles
layer0.ffn.activation_movement_1: 1124 cycles
Total activation movement cycles: 2242
----------------------------

================================================================================
 Expert Number  fc1  gelu  fc2  total compute
             0 2865    29 2851           5745
             2 2866    43 2865           5774
             3 2866    28 2851           5745
             5 2865    43 2854           5762
             6 2897    29 2865           5791
             7 2865    42 2865           5772
             8 3010    28 2836           5874
             9 2865    43 2865           5773
            10 5899    46 5681          11626
            11 3179    29 2851           6059
            12 2865    43 2865           5773
            13 3020    29 2852           5901
            15 2865    42 2865           5772
            16 3037    29 2851           5917
            17 2865    44 2866           5775
            18 5857    46 5681          11584
            19 2935    29 2851           5815
            20 2865    42 2866           5773
            23 2851    42 2865           5758
            24 2865    43 2865           5773
            25 2851    43 2865           5759
            26 2846    42 2865           5753
            27 2836    42 2865           5743
            28 2865    12 2865           5742
            29 2851    42 2836           5729
            30 2865   204 2835           5904
            31 2835    43 2854           5732
            32 2865   264 2854           5983
            34 2851    43 2865           5759
            35 2836   248 2865           5949
            36 2851    42 2866           5759
            37 2846   226 2865           5937
            38 2851    44 2865           5760
            40 2865   204 2865           5934
            43 2851    43 2865           5759
            44 2865   208 2854           5927
            45 2836    45 2865           5746
            46 2865   235 2865           5965
            48 2851    44 2865           5760
            49 2865   207 2865           5937
            50 2851    42 2854           5747
            51 2865   214 2865           5944
            53 2865    44 2865           5774
            55 2865   193 2865           5923
            59 2851    45 2865           5761
            60 2865   207 2865           5937
            61 2851    42 2865           5758
            62 2865   205 2854           5924
            63 2835    42 2865           5742