============================================================
METADATA (8Th token of each sequence)
============================================================
Model: flame-moe-290m
Run ID: 31066
Epoch: 5473
Layer: 22
Token Position: 7 (8th)
Shards processed: 0-0.pt, 0-1.pt
Total sequences: 64
Sequence length: 512
============================================================

----------------samples-----------------
torch.Size([64])
tensor([ 7826,     3,    13,  1445,   347,   533, 35954,   310,   253,   275,
           70,   249,   310,   342,   452,   187,    15,  4633,  3513, 44853,
          347,  1897,   253,  1249,    84,  1908,   521,  5810,  7108,   368,
          273,   187,   395,    40,   326,  2455,   253,  1052,  9894,  7479,
          476,  4668,     6,   352,   715,   261,  6995,  1495,   390,   310,
        43728,   475,   250,    13,   309,   533,   569, 33804,   253,  4957,
         5402,    13,   288,  1361])

-----------------scores-----------------
torch.Size([64, 6])
tensor([[0.1492, 0.0469, 0.0351, 0.0341, 0.0276, 0.0250],
        [0.1562, 0.0625, 0.0603, 0.0449, 0.0425, 0.0358],
        [0.1947, 0.1744, 0.1399, 0.0314, 0.0250, 0.0235],
        [0.1867, 0.1236, 0.0465, 0.0464, 0.0441, 0.0427],
        [0.1701, 0.0942, 0.0713, 0.0652, 0.0371, 0.0331],
        [0.1134, 0.0546, 0.0489, 0.0478, 0.0423, 0.0308],
        [0.3379, 0.2923, 0.0430, 0.0236, 0.0210, 0.0148],
        [0.1153, 0.0821, 0.0778, 0.0627, 0.0434, 0.0362],
        [0.1167, 0.0774, 0.0771, 0.0649, 0.0529, 0.0448],
        [0.1310, 0.1251, 0.1034, 0.0865, 0.0461, 0.0254],
        [0.1353, 0.1256, 0.0696, 0.0659, 0.0546, 0.0391],
        [0.1897, 0.1246, 0.0591, 0.0508, 0.0453, 0.0419],
        [0.1343, 0.1019, 0.0744, 0.0504, 0.0342, 0.0254],
        [0.1672, 0.0778, 0.0711, 0.0692, 0.0500, 0.0272],
        [0.2011, 0.0766, 0.0491, 0.0450, 0.0379, 0.0312],
        [0.1262, 0.1056, 0.0962, 0.0865, 0.0233, 0.0215],
        [0.1655, 0.0927, 0.0868, 0.0691, 0.0557, 0.0492],
        [0.2657, 0.2227, 0.0586, 0.0411, 0.0361, 0.0319],
        [0.1842, 0.1170, 0.0850, 0.0690, 0.0474, 0.0416],
        [0.0926, 0.0912, 0.0683, 0.0626, 0.0545, 0.0513],
        [0.1032, 0.0901, 0.0680, 0.0451, 0.0410, 0.0372],
        [0.1482, 0.1146, 0.0627, 0.0571, 0.0429, 0.0400],
        [0.1789, 0.1575, 0.1503, 0.0374, 0.0290, 0.0250],
        [0.0857, 0.0855, 0.0538, 0.0450, 0.0388, 0.0387],
        [0.4096, 0.1137, 0.0699, 0.0185, 0.0180, 0.0166],
        [0.2070, 0.1022, 0.0743, 0.0497, 0.0470, 0.0459],
        [0.1659, 0.1413, 0.0735, 0.0718, 0.0404, 0.0319],
        [0.1593, 0.1367, 0.0970, 0.0686, 0.0680, 0.0457],
        [0.2004, 0.1520, 0.0882, 0.0419, 0.0300, 0.0274],
        [0.1258, 0.0933, 0.0722, 0.0588, 0.0411, 0.0388],
        [0.3243, 0.1324, 0.0929, 0.0356, 0.0285, 0.0264],
        [0.2401, 0.1522, 0.0948, 0.0653, 0.0326, 0.0203],
        [0.1717, 0.0574, 0.0430, 0.0415, 0.0369, 0.0363],
        [0.2110, 0.1047, 0.0707, 0.0687, 0.0621, 0.0545],
        [0.3235, 0.2103, 0.0284, 0.0226, 0.0214, 0.0210],
        [0.0911, 0.0797, 0.0632, 0.0550, 0.0491, 0.0471],
        [0.1904, 0.1038, 0.0653, 0.0493, 0.0477, 0.0366],
        [0.2172, 0.1479, 0.0518, 0.0454, 0.0424, 0.0262],
        [0.0859, 0.0754, 0.0706, 0.0547, 0.0513, 0.0509],
        [0.1036, 0.1024, 0.0756, 0.0628, 0.0417, 0.0307],
        [0.1224, 0.0434, 0.0433, 0.0360, 0.0325, 0.0323],
        [0.1919, 0.1353, 0.0838, 0.0717, 0.0647, 0.0355],
        [0.1478, 0.1042, 0.0824, 0.0692, 0.0527, 0.0317],
        [0.2348, 0.1597, 0.0709, 0.0440, 0.0434, 0.0300],
        [0.1437, 0.0594, 0.0591, 0.0590, 0.0447, 0.0401],
        [0.1243, 0.0799, 0.0665, 0.0567, 0.0554, 0.0472],
        [0.2004, 0.0702, 0.0512, 0.0331, 0.0324, 0.0290],
        [0.1577, 0.1333, 0.0901, 0.0528, 0.0449, 0.0398],
        [0.1617, 0.1363, 0.0534, 0.0466, 0.0376, 0.0350],
        [0.1416, 0.1310, 0.0893, 0.0871, 0.0632, 0.0368],
        [0.0952, 0.0880, 0.0597, 0.0574, 0.0307, 0.0283],
        [0.2533, 0.0947, 0.0761, 0.0580, 0.0314, 0.0305],
        [0.1516, 0.0625, 0.0547, 0.0496, 0.0343, 0.0335],
        [0.0955, 0.0952, 0.0653, 0.0544, 0.0505, 0.0467],
        [0.2091, 0.1193, 0.0861, 0.0751, 0.0284, 0.0254],
        [0.1162, 0.0700, 0.0608, 0.0583, 0.0492, 0.0369],
        [0.1442, 0.1295, 0.1104, 0.0661, 0.0436, 0.0356],
        [0.1116, 0.0673, 0.0653, 0.0644, 0.0634, 0.0618],
        [0.3386, 0.0351, 0.0350, 0.0314, 0.0304, 0.0289],
        [0.1212, 0.0989, 0.0905, 0.0662, 0.0519, 0.0498],
        [0.2054, 0.0961, 0.0940, 0.0598, 0.0580, 0.0387],
        [0.1905, 0.1194, 0.0408, 0.0376, 0.0293, 0.0289],
        [0.2279, 0.0808, 0.0755, 0.0587, 0.0508, 0.0467],
        [0.1529, 0.1360, 0.0774, 0.0518, 0.0451, 0.0395]])

----------------indices-----------------
torch.Size([64, 6])
tensor([[ 5, 45,  7,  2, 17, 63],
        [28,  1, 52, 31, 59, 49],
        [27, 45, 16, 61, 32,  2],
        [36, 21, 60,  1, 26, 18],
        [ 5,  9,  6,  0, 14, 16],
        [50, 11, 47, 18,  8, 55],
        [62, 29, 33, 35, 39, 23],
        [63, 21, 36, 50,  8, 17],
        [59, 55,  8, 18, 49, 62],
        [62, 29, 52, 18, 31, 48],
        [17, 21,  5, 36,  1, 30],
        [ 5, 60,  0, 31, 14,  9],
        [38, 61, 27, 42, 40, 62],
        [ 7, 57, 37, 22, 30, 42],
        [46,  5, 32, 14, 37,  4],
        [55, 47,  9, 19, 44, 57],
        [32, 48, 43, 25, 30, 52],
        [62, 29, 33, 55, 35, 49],
        [58, 42, 22, 25,  7, 43],
        [41, 58,  7, 44, 37, 47],
        [ 1, 55, 59, 24, 14, 19],
        [22, 29, 15, 46, 33, 62],
        [41, 44,  7, 47, 58, 42],
        [36, 34, 17, 11, 54, 33],
        [31,  6, 54, 12, 27, 29],
        [22, 33, 15, 31,  3, 46],
        [50, 63, 20, 36, 21,  8],
        [36, 60, 50, 10, 59,  1],
        [16,  9, 28, 13, 26, 60],
        [36, 60, 50, 26, 63, 51],
        [62, 29, 33, 44, 49, 39],
        [56, 18,  5, 52, 49,  4],
        [ 2, 36, 50,  1, 17,  5],
        [23, 27, 61, 52, 40, 38],
        [62, 29, 23, 31, 11, 34],
        [10, 26, 36, 62, 29, 60],
        [29, 62, 39, 33, 41, 22],
        [29, 62, 49, 34, 39, 19],
        [58, 37, 23, 44, 14,  8],
        [ 2, 25, 57, 22, 63, 15],
        [59, 50, 35, 13, 10, 56],
        [50, 36, 13, 63, 20,  2],
        [22, 33, 16, 46, 15, 61],
        [36, 10, 50, 26, 60,  1],
        [30, 55, 40, 48, 25, 43],
        [58,  7, 32,  0, 57, 41],
        [ 2, 11, 35, 45, 15, 63],
        [24, 53, 32, 58,  7, 22],
        [14,  5, 60,  0, 41,  6],
        [50, 36, 63, 13, 20, 21],
        [59, 52, 10, 50, 18, 11],
        [22, 33,  3, 46, 42, 11],
        [ 4, 47, 22, 58, 43, 24],
        [37, 39, 52, 40, 48, 43],
        [19,  9, 16, 28, 55, 60],
        [59, 10, 56, 14,  8, 55],
        [33, 29,  6, 17, 34, 10],
        [39, 31, 16, 11,  9, 19],
        [ 1, 17, 10, 25, 27, 36],
        [49, 33, 34,  6,  3, 46],
        [ 5,  9,  6, 28, 60, 18],
        [57, 43,  7, 61, 42, 48],
        [42, 61, 57, 43, 22, 53],
        [56, 40, 43, 38, 42, 61]])
