PIM Expert Operations - Total Cycles
Decoder-BS64/7th/pim/8
Note: 2 activation movements (fc1 and fc2)
BS16 - Activation divider: 128

--- Activation Movements ---
layer0.ffn.activation_movement_1: 1124 cycles
layer0.ffn.activation_movement_2: 1118 cycles
Total activation movement cycles: 2242
----------------------------

================================================================================
 Expert Number  fc1  gelu  fc2  total compute
             0 2865    29 2851           5745
             1 2866    44 2865           5775
             3 2865    28 2851           5744
             4 2866    42 2854           5762
             5 2896    28 2851           5775
             6 2865    43 2865           5773
             7 5860    47 5667          11574
            10 2865    29 2851           5745
            11 2865    43 2866           5774
            13 2851    42 2865           5758
            14 2865    44 2865           5774
            15 2851    42 2865           5758
            17 2865    44 2865           5774
            18 2851    45 2866           5762
            20 2865    45 2865           5775
            21 2851    42 2865           5758
            22 2865   184 2866           5915
            23 5668    46 5681          11395
            24 2865    42 2865           5772
            25 5681    46 5681          11408
            26 2865    28 2836           5729
            27 2865    42 2865           5772
            28 2865    28 2851           5744
            29 2836    43 2865           5744
            30 2977    28 2854           5859
            31 2866    43 2865           5774
            33 3017    29 2851           5897
            35 2865    42 2865           5772
            36 3070    28 2851           5949
            38 2865    43 2865           5773
            39 3046    31 2851           5928
            40 2865    42 2865           5772
            41 3042    31 2852           5925
            45 2865    44 2865           5774
            46 3038    29 2851           5918
            47 2865    44 2865           5774
            48 3044    28 2851           5923
            49 2865    43 2865           5773
            50 3042    29 2854           5925
            53 2865    42 2865           5772
            54 3037    42 2854           5933
            57 5682   286 5682          11650
            59 2865    42 2865           5772
            60 3082    29 2851           5962
            62 2865    42 2865           5772