============================================================
METADATA (5Th token of each sequence)
============================================================
Model: flame-moe-290m
Run ID: 31066
Epoch: 5473
Layer: 10
Token Position: 4 (5th)
Shards processed: 0-0.pt, 0-1.pt
Total sequences: 64
Sequence length: 512
============================================================

----------------samples-----------------
torch.Size([64])
tensor([  247,   253,   275,   326, 11403,   281,   280,   187,   285, 10280,
           15,  3655,   864,  4439,  2825,  9214, 26940,   247,    79,   187,
         3416,    13,  8750,  4345,   659,    13,   253, 48717,   281,   310,
          387,   588,  1333,  1469,    13,   985,   562,   751,  9549, 10861,
          510,  2954,  7673,  5286,   187,    13,  2756,   273, 31910, 28190,
         3378, 10309,  4620, 47693, 34703,  4942,   521,   733,  2506,  1320,
        30254,   616, 13958, 35328])

-----------------scores-----------------
torch.Size([64, 6])
tensor([[0.0705, 0.0670, 0.0547, 0.0488, 0.0459, 0.0456],
        [0.0255, 0.0208, 0.0198, 0.0195, 0.0195, 0.0192],
        [0.0259, 0.0209, 0.0207, 0.0206, 0.0204, 0.0203],
        [0.0296, 0.0237, 0.0183, 0.0182, 0.0179, 0.0177],
        [0.0250, 0.0237, 0.0236, 0.0232, 0.0229, 0.0221],
        [0.0192, 0.0189, 0.0188, 0.0185, 0.0179, 0.0179],
        [0.0177, 0.0176, 0.0173, 0.0173, 0.0172, 0.0170],
        [0.0422, 0.0335, 0.0251, 0.0242, 0.0234, 0.0227],
        [0.0209, 0.0206, 0.0202, 0.0190, 0.0184, 0.0183],
        [0.0235, 0.0233, 0.0226, 0.0216, 0.0214, 0.0209],
        [0.0245, 0.0242, 0.0238, 0.0236, 0.0232, 0.0225],
        [0.0419, 0.0273, 0.0250, 0.0241, 0.0236, 0.0227],
        [0.0344, 0.0340, 0.0307, 0.0245, 0.0241, 0.0233],
        [0.0512, 0.0233, 0.0212, 0.0211, 0.0210, 0.0210],
        [0.0532, 0.0361, 0.0273, 0.0258, 0.0248, 0.0226],
        [0.0312, 0.0246, 0.0242, 0.0211, 0.0199, 0.0198],
        [0.0310, 0.0228, 0.0225, 0.0223, 0.0219, 0.0218],
        [0.0244, 0.0243, 0.0243, 0.0239, 0.0229, 0.0226],
        [0.0566, 0.0309, 0.0269, 0.0260, 0.0248, 0.0247],
        [0.0187, 0.0178, 0.0177, 0.0174, 0.0174, 0.0173],
        [0.0179, 0.0178, 0.0176, 0.0175, 0.0175, 0.0175],
        [0.0353, 0.0286, 0.0262, 0.0241, 0.0220, 0.0215],
        [0.0273, 0.0233, 0.0223, 0.0223, 0.0223, 0.0220],
        [0.0220, 0.0210, 0.0207, 0.0200, 0.0197, 0.0196],
        [0.0445, 0.0311, 0.0268, 0.0265, 0.0255, 0.0246],
        [0.0316, 0.0311, 0.0206, 0.0206, 0.0200, 0.0194],
        [0.0570, 0.0294, 0.0289, 0.0264, 0.0234, 0.0217],
        [0.0225, 0.0224, 0.0214, 0.0212, 0.0212, 0.0195],
        [0.0562, 0.0355, 0.0273, 0.0268, 0.0262, 0.0254],
        [0.0252, 0.0238, 0.0235, 0.0232, 0.0220, 0.0215],
        [0.0190, 0.0181, 0.0177, 0.0177, 0.0177, 0.0175],
        [0.0442, 0.0368, 0.0343, 0.0254, 0.0237, 0.0230],
        [0.0842, 0.0736, 0.0519, 0.0516, 0.0493, 0.0417],
        [0.0245, 0.0226, 0.0225, 0.0219, 0.0216, 0.0209],
        [0.0439, 0.0439, 0.0347, 0.0342, 0.0298, 0.0262],
        [0.0295, 0.0256, 0.0239, 0.0232, 0.0232, 0.0220],
        [0.0295, 0.0283, 0.0258, 0.0251, 0.0251, 0.0248],
        [0.1276, 0.0320, 0.0316, 0.0299, 0.0280, 0.0245],
        [0.0384, 0.0289, 0.0247, 0.0236, 0.0235, 0.0234],
        [0.0214, 0.0205, 0.0204, 0.0203, 0.0202, 0.0202],
        [0.0369, 0.0305, 0.0294, 0.0272, 0.0264, 0.0234],
        [0.0427, 0.0327, 0.0291, 0.0229, 0.0229, 0.0228],
        [0.0643, 0.0309, 0.0236, 0.0220, 0.0206, 0.0192],
        [0.0278, 0.0254, 0.0220, 0.0216, 0.0214, 0.0201],
        [0.0282, 0.0277, 0.0247, 0.0243, 0.0243, 0.0228],
        [0.0630, 0.0620, 0.0585, 0.0241, 0.0233, 0.0222],
        [0.0435, 0.0360, 0.0349, 0.0243, 0.0241, 0.0238],
        [0.0810, 0.0331, 0.0223, 0.0208, 0.0206, 0.0205],
        [0.0213, 0.0210, 0.0204, 0.0193, 0.0189, 0.0188],
        [0.0220, 0.0212, 0.0205, 0.0205, 0.0203, 0.0201],
        [0.0350, 0.0321, 0.0316, 0.0232, 0.0223, 0.0221],
        [0.0270, 0.0229, 0.0208, 0.0200, 0.0192, 0.0191],
        [0.0288, 0.0280, 0.0232, 0.0231, 0.0223, 0.0215],
        [0.0219, 0.0199, 0.0188, 0.0187, 0.0182, 0.0180],
        [0.0197, 0.0195, 0.0192, 0.0191, 0.0189, 0.0189],
        [0.0209, 0.0199, 0.0196, 0.0189, 0.0187, 0.0186],
        [0.0419, 0.0414, 0.0351, 0.0288, 0.0227, 0.0210],
        [0.0534, 0.0353, 0.0312, 0.0296, 0.0286, 0.0252],
        [0.0539, 0.0221, 0.0219, 0.0214, 0.0211, 0.0210],
        [0.0239, 0.0221, 0.0200, 0.0199, 0.0197, 0.0196],
        [0.0348, 0.0321, 0.0319, 0.0234, 0.0220, 0.0218],
        [0.0277, 0.0212, 0.0201, 0.0198, 0.0194, 0.0192],
        [0.0194, 0.0189, 0.0177, 0.0176, 0.0173, 0.0173],
        [0.0232, 0.0223, 0.0223, 0.0217, 0.0216, 0.0212]])

----------------indices-----------------
torch.Size([64, 6])
tensor([[28, 16, 21, 55, 42,  4],
        [10, 38, 36, 55,  3, 22],
        [34, 59, 62,  7, 16, 53],
        [18,  7, 46, 33, 59, 49],
        [48, 33,  2, 14, 30, 57],
        [10,  6, 63, 48, 33, 50],
        [15, 43, 41, 25, 30, 46],
        [54, 37, 45, 10, 40, 14],
        [31, 39,  2, 59, 26, 53],
        [39, 62, 19, 38, 52, 29],
        [37, 26, 45, 60, 41, 13],
        [28, 14, 41, 44,  4, 49],
        [ 3,  8, 13, 60,  2, 27],
        [ 2,  3, 19, 14, 24, 30],
        [27, 37, 45, 15, 20, 41],
        [38, 40, 46, 14, 58, 43],
        [28, 41, 50, 10, 45,  1],
        [25,  2,  3, 46, 58, 12],
        [49,  4, 19,  5, 11, 47],
        [19, 25, 15, 57, 58, 50],
        [11, 48, 22, 50,  3, 59],
        [ 6, 52, 54, 30, 62, 26],
        [ 4, 22, 11,  7,  2, 58],
        [39, 13, 62,  2, 40, 52],
        [63,  8, 29, 39, 16, 42],
        [45,  8, 49, 47, 14,  5],
        [ 3, 47, 21,  6, 26, 10],
        [58, 63, 56, 40, 46, 34],
        [ 9, 60, 19,  3, 56, 51],
        [12, 25,  2, 61, 40, 54],
        [14, 63, 22,  3, 49,  7],
        [26, 10, 27, 44, 36, 13],
        [55, 16, 42, 28, 34,  4],
        [11, 20, 26, 61, 35, 19],
        [16,  5, 21,  4, 17, 18],
        [18, 19, 60, 25, 46, 56],
        [10, 35, 56,  7, 51, 62],
        [16, 38, 56,  3, 51, 39],
        [16, 13, 19, 31, 45, 26],
        [28, 19, 13, 52, 16, 38],
        [19, 56, 16, 57,  0, 47],
        [12, 56, 10,  4,  6, 20],
        [18,  7, 28, 46, 33, 61],
        [ 5, 24,  1, 22, 60, 42],
        [19, 56, 31, 52, 41, 14],
        [16, 55, 53, 39,  3, 57],
        [26, 12, 47, 60, 19, 37],
        [29, 19, 59, 28, 35, 18],
        [ 7, 29, 19,  1, 32, 34],
        [43, 28, 19, 16, 61, 25],
        [34, 59,  5, 63, 27,  3],
        [20,  3, 29, 34, 50, 39],
        [47, 18, 10, 56, 44, 40],
        [32, 36, 53, 15, 22,  7],
        [35, 52, 61,  8, 45, 40],
        [52, 28, 54, 35, 61,  8],
        [15, 12, 43, 51, 20, 35],
        [60, 21, 13, 56, 51, 35],
        [27, 37, 56, 39, 32, 15],
        [56, 32, 28, 40, 27, 34],
        [34,  5, 59, 63,  3, 27],
        [31, 20, 57, 10, 37, 46],
        [34, 14, 56, 23, 58, 53],
        [38, 18, 11, 49, 29, 44]])
