PIM Expert Operations - Total Cycles
Note: 2 activation movements (fc1 and fc2)

--- Activation Movements ---
layer0.ffn.activation_movement_2: 143149 cycles
layer0.ffn.activation_movement_1: 143817 cycles
Total activation movement cycles: 286966
----------------------------

================================================================================
 Expert Number    fc1  gelu    fc2  total compute
             0  90170   167  90168         180505
             1 140856   241 140856         281953
             2 104247   186 104234         208667
             3 121146   211 121129         242486
             4 138041   236 138047         276324
             5 129592   223 129594         259409
             6 166199   277 166202         332678
             7 157754   262 157737         315753
             8 169091   290 169005         338386
             9 160568   416 160557         321541
            10 135223   231 135489         270943
            11 101434   185 101434         203053
            12 143673   244 143658         287575
            13 123960   215 123948         248123
            14 109879   195 109867         219941
            15 118330   206 118327         236863
            16 118329   207 118327         236863
            17 138195   235 138042         276472
            18 118327   220 118330         236877
            19 104250   197 104248         208695
            20 146489   247 146490         293226
            21 118328   207 118316         236851
            22 160567   268 160556         321391
            23 126778   511 126775         254064
            24 135225   233 135221         270679
            25  98710   181  98616         197507
            26 149303   252 149465         299020
            27 169018   280 169003         338301
            28 149305   250 149318         298873
            29 160568   266 160569         321403
            30 149303   252 149303         298858
            31 107066   192 107072         214330
            32 115513   204 115512         231229
            33 152282   255 152122         304659
            34 112695   294 112697         225686
            35 138273   235 138039         276547
            36 140857   365 140844         282066
            37 188728   306 188715         377749
            38 166198   290 166185         332673
            39 115514   374 115518         231406
            40 140857   246 140854         281957
            41 171939   283 171830         344052
            42 126775   221 126778         253774
            43 157754   264 157753         315771
            44 166201   280 166201         332682
            45 112696   206 112698         225600
            46 104247   188 104246         208681
            47 146490   248 146475         293213
            48 169017   287 169004         338308
            49 140856   492 140857         282205
            50 169015   279 169030         338324
            51 127034   223 126788         254045
            52 152121   255 152126         304502
            53 143672   308 143680         287660
            54 185911   303 185915         372129
            55 188730   321 188715         377766
            56  98617   181  98617         197415
            57 140854   556 140855         282265
            58 121144   213 121143         242500
            59 112698   199 112685         225582
            60 118329   215 118330         236874
            61 104460   186 104249         208895
            62 112695   198 112696         225589
            63 129594   224 129592         259410