============================================================
METADATA (3Rd token of each sequence)
============================================================
Model: flame-moe-290m
Run ID: 31066
Epoch: 5473
Layer: 26
Token Position: 2 (3rd)
Shards processed: 0-0.pt, 0-1.pt
Total sequences: 64
Sequence length: 512
============================================================

----------------samples-----------------
torch.Size([64])
tensor([  342,  1175, 23437,   651,   984,   626,   187, 19626,    15,   309,
        50276,   187, 30972,  5268,  1539,  1918, 12917,  4477,    32,  1294,
          247,    13,  1379, 11752,    35,  1916, 10756, 13742,  1669,  1774,
         1669,   643,   327,   320,   380,   255, 10571,   457,   368,   273,
          187,   310,   187,   253, 19887,   368,  3277,   323, 22165,   320,
         1735,  1780,   326,  1060,   369,  1973,   594,   566,   984,  8264,
        22078,  5323,   273,  1978])

-----------------scores-----------------
torch.Size([64, 6])
tensor([[0.0615, 0.0585, 0.0466, 0.0456, 0.0367, 0.0366],
        [0.0286, 0.0248, 0.0219, 0.0213, 0.0202, 0.0195],
        [0.0354, 0.0335, 0.0292, 0.0287, 0.0278, 0.0254],
        [0.0234, 0.0211, 0.0201, 0.0192, 0.0192, 0.0190],
        [0.0214, 0.0203, 0.0203, 0.0200, 0.0199, 0.0198],
        [0.0187, 0.0186, 0.0183, 0.0182, 0.0182, 0.0181],
        [0.0295, 0.0254, 0.0252, 0.0249, 0.0237, 0.0237],
        [0.0763, 0.0219, 0.0211, 0.0194, 0.0181, 0.0179],
        [0.0557, 0.0453, 0.0367, 0.0338, 0.0327, 0.0267],
        [0.0197, 0.0194, 0.0192, 0.0192, 0.0191, 0.0189],
        [0.0346, 0.0319, 0.0307, 0.0270, 0.0261, 0.0259],
        [0.0448, 0.0345, 0.0325, 0.0318, 0.0291, 0.0255],
        [0.0442, 0.0427, 0.0332, 0.0287, 0.0266, 0.0259],
        [0.0401, 0.0202, 0.0201, 0.0187, 0.0187, 0.0186],
        [0.0392, 0.0246, 0.0238, 0.0235, 0.0235, 0.0221],
        [0.0604, 0.0590, 0.0388, 0.0301, 0.0288, 0.0277],
        [0.0798, 0.0504, 0.0276, 0.0269, 0.0263, 0.0230],
        [0.0269, 0.0194, 0.0191, 0.0190, 0.0190, 0.0189],
        [0.0249, 0.0204, 0.0199, 0.0194, 0.0193, 0.0193],
        [0.0629, 0.0287, 0.0216, 0.0195, 0.0189, 0.0186],
        [0.1066, 0.0332, 0.0256, 0.0252, 0.0231, 0.0226],
        [0.0639, 0.0227, 0.0209, 0.0200, 0.0198, 0.0189],
        [0.0238, 0.0212, 0.0205, 0.0191, 0.0191, 0.0189],
        [0.0258, 0.0223, 0.0210, 0.0206, 0.0200, 0.0194],
        [0.0360, 0.0260, 0.0251, 0.0245, 0.0210, 0.0210],
        [0.0280, 0.0227, 0.0225, 0.0224, 0.0224, 0.0208],
        [0.0444, 0.0292, 0.0235, 0.0229, 0.0227, 0.0216],
        [0.0678, 0.0280, 0.0255, 0.0254, 0.0236, 0.0234],
        [0.0400, 0.0376, 0.0368, 0.0355, 0.0343, 0.0270],
        [0.0209, 0.0206, 0.0194, 0.0192, 0.0185, 0.0181],
        [0.0550, 0.0536, 0.0522, 0.0260, 0.0244, 0.0236],
        [0.0206, 0.0196, 0.0190, 0.0184, 0.0181, 0.0180],
        [0.1101, 0.0821, 0.0720, 0.0420, 0.0374, 0.0361],
        [0.0223, 0.0203, 0.0195, 0.0191, 0.0189, 0.0189],
        [0.0209, 0.0204, 0.0194, 0.0186, 0.0183, 0.0177],
        [0.0401, 0.0267, 0.0247, 0.0240, 0.0213, 0.0210],
        [0.0452, 0.0351, 0.0323, 0.0321, 0.0292, 0.0286],
        [0.0368, 0.0279, 0.0274, 0.0258, 0.0237, 0.0234],
        [0.0179, 0.0177, 0.0176, 0.0174, 0.0173, 0.0173],
        [0.0211, 0.0182, 0.0179, 0.0177, 0.0175, 0.0174],
        [0.0217, 0.0188, 0.0185, 0.0182, 0.0178, 0.0178],
        [0.0243, 0.0235, 0.0222, 0.0216, 0.0214, 0.0212],
        [0.0214, 0.0201, 0.0186, 0.0186, 0.0185, 0.0185],
        [0.0275, 0.0252, 0.0249, 0.0233, 0.0230, 0.0222],
        [0.0336, 0.0335, 0.0332, 0.0314, 0.0313, 0.0281],
        [0.0580, 0.0373, 0.0268, 0.0264, 0.0260, 0.0241],
        [0.0207, 0.0206, 0.0201, 0.0196, 0.0196, 0.0190],
        [0.0178, 0.0177, 0.0177, 0.0175, 0.0174, 0.0173],
        [0.0375, 0.0321, 0.0271, 0.0269, 0.0241, 0.0240],
        [0.0385, 0.0346, 0.0255, 0.0214, 0.0207, 0.0200],
        [0.0357, 0.0288, 0.0269, 0.0263, 0.0237, 0.0227],
        [0.0260, 0.0222, 0.0213, 0.0206, 0.0205, 0.0204],
        [0.0409, 0.0389, 0.0270, 0.0267, 0.0267, 0.0240],
        [0.0334, 0.0267, 0.0245, 0.0207, 0.0203, 0.0202],
        [0.0346, 0.0319, 0.0188, 0.0185, 0.0183, 0.0179],
        [0.0328, 0.0261, 0.0240, 0.0222, 0.0217, 0.0212],
        [0.0265, 0.0257, 0.0254, 0.0250, 0.0246, 0.0242],
        [0.0707, 0.0376, 0.0336, 0.0263, 0.0253, 0.0251],
        [0.0241, 0.0240, 0.0228, 0.0212, 0.0208, 0.0204],
        [0.0204, 0.0187, 0.0186, 0.0184, 0.0182, 0.0181],
        [0.0211, 0.0200, 0.0195, 0.0194, 0.0194, 0.0193],
        [0.0217, 0.0212, 0.0194, 0.0189, 0.0189, 0.0187],
        [0.0325, 0.0209, 0.0206, 0.0205, 0.0202, 0.0201],
        [0.0298, 0.0216, 0.0208, 0.0205, 0.0198, 0.0195]])

----------------indices-----------------
torch.Size([64, 6])
tensor([[12, 34, 28, 21,  4, 47],
        [52,  6, 58, 22, 44,  5],
        [56,  4, 21, 12, 50, 45],
        [18, 63,  7, 28, 15, 50],
        [25,  2, 56, 36, 44, 13],
        [45, 35, 23, 43, 52,  3],
        [53, 51,  7, 11, 62, 59],
        [18, 32, 28, 44, 48,  3],
        [60, 17, 55, 47, 56,  9],
        [26, 36, 15, 61, 44,  5],
        [20, 31, 35, 53, 51, 16],
        [ 3, 14, 28, 55, 46, 57],
        [63,  1, 34,  8, 42,  4],
        [18, 39,  2, 46,  7, 33],
        [20, 56,  5, 38, 29, 39],
        [34, 42,  9, 57, 15,  8],
        [17,  5, 47, 30,  4, 33],
        [36, 20, 37, 24, 39, 13],
        [36, 39, 20, 31, 37, 27],
        [18,  7, 37, 40, 46, 28],
        [14, 34, 53, 48, 46, 15],
        [18,  7, 37, 40, 39, 27],
        [36, 20, 39, 26, 10, 13],
        [34, 50, 57, 62,  5, 39],
        [47, 13, 17, 41, 22, 25],
        [47, 19,  6, 22, 17, 52],
        [55, 51, 15, 37, 32, 19],
        [ 9, 34, 22,  8,  4, 63],
        [ 5, 14, 63,  9, 17, 42],
        [31,  2, 34, 23, 58, 32],
        [ 3, 12, 57,  8, 60, 45],
        [ 2, 31, 45, 58, 51, 37],
        [21, 12, 28, 47,  4, 17],
        [18,  2, 37, 59, 24, 46],
        [31, 59, 36, 57, 53,  3],
        [52, 48,  2, 62, 50, 30],
        [ 8,  4, 63, 43, 60, 14],
        [ 6, 36, 34, 52, 37, 58],
        [43, 37, 52, 25, 29, 30],
        [ 1, 49, 57, 48, 61, 15],
        [ 1, 24, 43, 49, 52, 22],
        [51, 28, 39, 30, 54, 19],
        [ 5,  4,  9, 15, 35, 47],
        [18, 38,  6, 19, 16, 30],
        [55,  3, 12,  4, 21, 16],
        [12, 26, 10,  3, 29, 52],
        [16, 28, 38, 11, 63, 49],
        [22, 11, 48, 61, 49, 36],
        [21, 47, 46, 12, 52, 53],
        [ 6, 49, 52, 58, 26, 16],
        [10,  4, 13, 16, 52, 49],
        [35, 58, 33, 52, 41, 61],
        [22,  6, 21, 52, 29, 63],
        [18, 46,  7, 58,  0, 24],
        [18,  7, 38, 54, 46, 43],
        [43, 37, 47, 31, 42, 10],
        [34, 16, 39,  3, 19, 42],
        [12,  3, 28,  4, 26, 13],
        [25, 51, 54,  3, 62, 59],
        [18, 46, 41, 22, 59, 45],
        [59, 62, 40, 24,  4, 30],
        [11,  8, 18, 24, 26,  3],
        [ 4, 53, 49, 58, 46, 43],
        [36, 61, 59, 41, 17,  2]])
