PIM Expert Operations - Total Cycles
Decoder-BS64/3rd/pim/4
Note: 2 activation movements (fc1 and fc2)
BS16 - Activation divider: 128

--- Activation Movements ---
layer0.ffn.activation_movement_2: 1118 cycles
layer0.ffn.activation_movement_1: 1124 cycles
Total activation movement cycles: 2242
----------------------------

================================================================================
 Expert Number  fc1  gelu  fc2  total compute
             0 2865    31 2851           5747
             1 2865    42 2865           5772
             2 2865    28 2851           5744
             4 2865    44 2865           5774
             6 2885    42 2865           5792
             7 2846    44 2865           5755
             8 3034    28 2852           5914
            10 2865    44 2865           5774
            11 3041    28 2836           5905
            13 2865    43 2865           5773
            14 3063    30 2851           5944
            15 2866    44 2866           5776
            16 3041    29 2852           5922
            20 2865    42 2865           5772
            21 3041    31 2852           5924
            23 2865    42 2854           5761
            24 3055    30 2851           5936
            25 2865    42 2865           5772
            26 3043    29 2851           5923
            29 5681   297 5681          11659
            30 2865    43 2865           5773
            32 3079    29 2836           5944
            33 2865    42 2865           5772
            34 3061    28 2836           5925
            35 2865    42 2865           5772
            37 3061    28 2836           5925
            39 2865    43 2865           5773
            40 3057    29 2851           5937
            41 2865    42 2865           5772
            42 3046    42 2854           5942
            43 2866    42 2866           5774
            44 3001    28 2836           5865
            45 2865    43 2865           5773
            46 3077    29 2851           5957
            48 2865    43 2865           5773
            49 3047    30 2851           5928
            50 2866    44 2865           5775
            51 3042    30 2851           5923
            52 2865    44 2865           5774
            53 3041    28 2851           5920
            55 2865    44 2865           5774
            57 3042    29 2851           5922
            58 2865    45 2865           5775
            60 3044    31 2851           5926
            61 2865    42 2865           5772
            62 3039    28 2851           5918