PIM Expert Operations - Total Cycles
Decoder-BS64/8th/pim/2
Note: 2 activation movements (fc1 and fc2)
BS16 - Activation divider: 128

--- Activation Movements ---
layer0.ffn.activation_movement_2: 1118 cycles
layer0.ffn.activation_movement_1: 1124 cycles
Total activation movement cycles: 2242
----------------------------

================================================================================
 Expert Number  fc1  gelu  fc2  total compute
             0 2865    28 2851           5744
             1 2865    43 2865           5773
             2 2865    28 2851           5744
             3 2865    44 2865           5774
             4 2888    29 2865           5782
             6 2865    44 2865           5774
             7 3028    29 2836           5893
             8 2865    42 2865           5772
             9 3057    28 2836           5921
            10 2836    43 2865           5744
            11 3092    29 2851           5972
            12 2842    44 2865           5751
            13 3067    28 2851           5946
            14 2865    43 2865           5773
            15 3043    29 2852           5924
            16 2865    43 2854           5762
            17 3055    28 2851           5934
            18 2865    42 2854           5761
            20 3056    28 2851           5935
            21 2865    44 2865           5774
            22 3022    28 2851           5901
            25 2835    44 2865           5744
            26 3088    28 2836           5952
            28 2865    43 2865           5773
            29 3062    30 2851           5943
            31 2865    42 2865           5772
            32 3045    28 2836           5909
            33 2865    42 2865           5772
            34 3058    28 2836           5922
            35 2865    43 2865           5773
            36 3062    29 2851           5942
            37 2842    43 2865           5750
            38 3066    30 2851           5947
            39 2865    44 2865           5774
            41 3039    29 2851           5919
            43 2865    45 2865           5775
            45 3037    42 2865           5944
            46 2865    43 2855           5763
            47 3027    29 2851           5907
            48 2865    42 2865           5772
            49 3023    28 2836           5887
            50 2865    42 2865           5772
            51 3083    28 2836           5947
            52 2865    42 2836           5743
            53 3091    29 2836           5956
            54 2865    44 2866           5775
            55 3057    29 2836           5922
            57 2865    42 2865           5772
            58 3057    28 2836           5921
            59 2836    44 2866           5746
            60 3088    44 2851           5983
            62 2865    44 2865           5774