============================================================
METADATA
============================================================
Model: flame-moe-290m
Run ID: 31066
Epoch: 1080
Layer: 2
Shard: 0-0.pt
============================================================

----------------samples-----------------
torch.Size([512])
tensor([ 1512,  3206,   342,   824,   247,  5311,   476,  7826,   452,   247,
        30078,  1055,    15,  2064,  6830, 11424,  2139,   594,  1142,   273,
          253,  1805, 42608,   452,  1048,  1580,  4395,   327,    15,   187,
          187, 36195,   253, 32929, 11158,   382,    13,   352,  4566,   281,
          619,  2045,  1127,    27,   344,   943,   452,   644, 20374, 30227,
          533,   310, 29808,   984,   344, 13052, 17355,  9239,  6519,    15,
          309,   369, 20374,   984,   309, 14870,  7388,   327,   253,  2523,
          273,  8150,   839,   247, 10382, 32929, 11158,   382,   984,   352,
        11392,  1077, 15225,   327,   521, 11073,  3708,    15,   187,   187,
        10195,   327,   326,  2670,   403,   594,  1448,   316,  1593,   670,
          253,  3569, 13379,   326,   597,  2868,  6405, 44451,   273,   253,
        34084,  3740,   588,  6524,  3330,   562,    15,   380,  2670,   310,
          294, 13350,   342, 37562,  1644,   665,  1978, 16920,   253,  1072,
         1841,   689,   285,   689,    15,  1680, 49426, 13140,  1335,   391,
        25841,   670,   322,  6955,    32,   187,   187,    42,   651,  2389,
          281,   923,   253, 12441,   455, 17445,   562,   264,   281,   253,
         2087,  1345,    15,   380,  2380,   432,  1097,  7123,   651,   320,
        20996,   281, 10018,    15,   187,   187,  1439,   492,  1301,   261,
          753,  1051,   187,   187,  5658,   403,  6308,   327,   342, 44016,
        17976,   670,  1959,  6519,   285,   322,   750,   398,    15,   187,
          187, 23475,   455, 17445,   556,   644,  1160,   247, 24807,  7392,
         9320,   323,  1448,  2035,  1346,    15,   187,  3493,   356, 11158,
         1204,   310,  3365,  1529,   273,   616,  9559,   826,    91,  1632,
           15,   187,   187, 17239, 27438,   753,  1051,   187,   187, 31969,
           13,   352,   434,   247,  4344,  1127,   368,  1056,   670,  1142,
          330,  1832,   417,  9745,  1175,  9846,   281,   253,  8881,    13,
          824,   347,   352,   310,    15,   309,  1053,   626,  1158,  4130,
          627,   310,   247,  3663,  2847,    13,  2167,    15,   380,  2234,
         2181,   281,  2096,   342,   247,  2670,   751,   326,   428,   285,
         6296,   387,   954,  7336, 25278,   428,   310,   326,   627,   403,
          247,  2257,   625, 29661, 23521,   685, 32482,    15,   831,   556,
          644, 11464,   275,  2175,   670,   824,  1841,    13,   285,   619,
         1211,   313,  1201,  2628,    10,  2670,   310,   253,  1072,   347,
          403,   954,  4385,    14,  3169,  4375,    15,   187,   187,   510,
        26321,  2469,   447,   665,  3802,  5495,   387,   479, 23265,   403,
         3164,  4457, 39732,    13,   352,   434,  2032,    15,  1292,   309,
         1353,   417,  7933,   627,   323,   731,    15,   309,  1353,   627,
          275,   629,   281,   873,   247,  1175,  1650,   323,   952,   665,
         7960,  1239,   428,   253,   952,   665,  1158,   751, 26996,    13,
          665,   310,  3164,   417,  1524,   533,   310,   247,  1061,  1197,
          273,   253,  3569,  8588,    87,  1351,   665,   812,   564,  2057,
         1039,  7293,   327,   752,   344,    16,  6689,  1390,  1239,    15,
        12090,   330,  1832,   452, 14969,   619, 17639,  1632,   275,   253,
         2454,   273,   512,   436,   295,   505,  1632,    13,   285,   309,
         1158,   326,   434,  1774,    15,  1583,   778,   417, 13329,  1142,
         1669,   447,   275,   616,  5312,  4852,    13,   390,   417, 11377,
          342,   731,   670,  8672,    15,   309,   778,  1620, 18578,   667,
          273,   253,  4385,   398,    13,   533,   627,   403,   247,  2257,
          273,  7107, 10668,   387,   253,  5004,   273,   253,  6749,  4978,
           15,   187,   187, 31969,   753,  1051,   187,   187,  9304,   555,
           13,   891,  1353,  1077, 33872,   273,   634,   346,  2858,   309,
         1537,   320])

-----------------scores-----------------
torch.Size([512, 6])
tensor([[0.0887, 0.0660, 0.0499, 0.0405, 0.0404, 0.0393],
        [0.0677, 0.0631, 0.0536, 0.0428, 0.0315, 0.0309],
        [0.0855, 0.0776, 0.0564, 0.0433, 0.0392, 0.0388],
        [0.1879, 0.0626, 0.0493, 0.0465, 0.0358, 0.0344],
        [0.1015, 0.0683, 0.0603, 0.0513, 0.0452, 0.0423],
        [0.0879, 0.0418, 0.0383, 0.0319, 0.0303, 0.0299],
        [0.0483, 0.0345, 0.0335, 0.0330, 0.0326, 0.0261],
        [0.0695, 0.0634, 0.0525, 0.0379, 0.0361, 0.0261],
        [0.0454, 0.0425, 0.0425, 0.0418, 0.0336, 0.0311],
        [0.1007, 0.0456, 0.0372, 0.0347, 0.0340, 0.0328],
        [0.1009, 0.0800, 0.0619, 0.0395, 0.0359, 0.0315],
        [0.0533, 0.0458, 0.0428, 0.0377, 0.0375, 0.0331],
        [0.0623, 0.0528, 0.0499, 0.0431, 0.0414, 0.0381],
        [0.0870, 0.0530, 0.0425, 0.0412, 0.0389, 0.0326],
        [0.0837, 0.0556, 0.0548, 0.0425, 0.0357, 0.0356],
        [0.1961, 0.0249, 0.0228, 0.0222, 0.0204, 0.0200],
        [0.0598, 0.0430, 0.0355, 0.0302, 0.0285, 0.0255],
        [0.2313, 0.0432, 0.0374, 0.0367, 0.0351, 0.0332],
        [0.3061, 0.0331, 0.0255, 0.0191, 0.0190, 0.0186],
        [0.0772, 0.0686, 0.0635, 0.0465, 0.0357, 0.0346],
        [0.0808, 0.0793, 0.0724, 0.0464, 0.0403, 0.0383],
        [0.1425, 0.0814, 0.0273, 0.0265, 0.0249, 0.0243],
        [0.0583, 0.0456, 0.0352, 0.0318, 0.0317, 0.0316],
        [0.0779, 0.0387, 0.0354, 0.0331, 0.0305, 0.0303],
        [0.0761, 0.0490, 0.0475, 0.0401, 0.0367, 0.0336],
        [0.0517, 0.0394, 0.0366, 0.0358, 0.0350, 0.0315],
        [0.0452, 0.0448, 0.0353, 0.0332, 0.0323, 0.0317],
        [0.0836, 0.0472, 0.0457, 0.0385, 0.0302, 0.0260],
        [0.2141, 0.1360, 0.0400, 0.0240, 0.0229, 0.0209],
        [0.0727, 0.0551, 0.0514, 0.0363, 0.0350, 0.0350],
        [0.0644, 0.0632, 0.0612, 0.0484, 0.0414, 0.0362],
        [0.0793, 0.0350, 0.0283, 0.0271, 0.0256, 0.0255],
        [0.1288, 0.0740, 0.0319, 0.0294, 0.0250, 0.0238],
        [0.1622, 0.0527, 0.0470, 0.0389, 0.0375, 0.0361],
        [0.0567, 0.0338, 0.0324, 0.0274, 0.0264, 0.0237],
        [0.0523, 0.0387, 0.0382, 0.0362, 0.0344, 0.0337],
        [0.1812, 0.0573, 0.0509, 0.0462, 0.0454, 0.0333],
        [0.0737, 0.0594, 0.0465, 0.0322, 0.0320, 0.0312],
        [0.0498, 0.0456, 0.0342, 0.0287, 0.0283, 0.0282],
        [0.0432, 0.0323, 0.0276, 0.0276, 0.0266, 0.0234],
        [0.0681, 0.0459, 0.0435, 0.0337, 0.0324, 0.0289],
        [0.1489, 0.0359, 0.0236, 0.0229, 0.0217, 0.0212],
        [0.0554, 0.0504, 0.0503, 0.0468, 0.0357, 0.0357],
        [0.2676, 0.2001, 0.0227, 0.0218, 0.0177, 0.0169],
        [0.0875, 0.0806, 0.0715, 0.0519, 0.0475, 0.0341],
        [0.0393, 0.0313, 0.0293, 0.0283, 0.0277, 0.0273],
        [0.0679, 0.0585, 0.0575, 0.0551, 0.0393, 0.0356],
        [0.0504, 0.0501, 0.0469, 0.0382, 0.0347, 0.0253],
        [0.0444, 0.0397, 0.0371, 0.0330, 0.0287, 0.0277],
        [0.0382, 0.0303, 0.0267, 0.0263, 0.0261, 0.0248],
        [0.0341, 0.0275, 0.0269, 0.0251, 0.0240, 0.0237],
        [0.0535, 0.0493, 0.0340, 0.0332, 0.0306, 0.0261],
        [0.0669, 0.0584, 0.0401, 0.0394, 0.0384, 0.0308],
        [0.0431, 0.0373, 0.0361, 0.0329, 0.0260, 0.0249],
        [0.0406, 0.0375, 0.0367, 0.0349, 0.0336, 0.0322],
        [0.0455, 0.0402, 0.0335, 0.0324, 0.0321, 0.0316],
        [0.0748, 0.0494, 0.0488, 0.0361, 0.0301, 0.0284],
        [0.0462, 0.0420, 0.0333, 0.0309, 0.0290, 0.0272],
        [0.0721, 0.0247, 0.0232, 0.0212, 0.0204, 0.0201],
        [0.0395, 0.0286, 0.0282, 0.0241, 0.0233, 0.0230],
        [0.1206, 0.0270, 0.0232, 0.0223, 0.0215, 0.0210],
        [0.0652, 0.0401, 0.0314, 0.0311, 0.0299, 0.0294],
        [0.0764, 0.0395, 0.0320, 0.0272, 0.0263, 0.0260],
        [0.0531, 0.0415, 0.0395, 0.0338, 0.0330, 0.0268],
        [0.1141, 0.0426, 0.0301, 0.0289, 0.0278, 0.0276],
        [0.0746, 0.0409, 0.0290, 0.0241, 0.0232, 0.0219],
        [0.2227, 0.0544, 0.0510, 0.0284, 0.0250, 0.0233],
        [0.0748, 0.0396, 0.0387, 0.0319, 0.0300, 0.0281],
        [0.0332, 0.0329, 0.0314, 0.0244, 0.0241, 0.0229],
        [0.0505, 0.0327, 0.0313, 0.0296, 0.0287, 0.0277],
        [0.0680, 0.0569, 0.0357, 0.0339, 0.0298, 0.0290],
        [0.1953, 0.0285, 0.0211, 0.0201, 0.0196, 0.0193],
        [0.0827, 0.0565, 0.0281, 0.0252, 0.0242, 0.0241],
        [0.0593, 0.0525, 0.0428, 0.0388, 0.0385, 0.0381],
        [0.0287, 0.0271, 0.0264, 0.0252, 0.0245, 0.0241],
        [0.0301, 0.0286, 0.0251, 0.0242, 0.0241, 0.0232],
        [0.0356, 0.0278, 0.0274, 0.0274, 0.0237, 0.0230],
        [0.0332, 0.0301, 0.0289, 0.0276, 0.0263, 0.0256],
        [0.0873, 0.0532, 0.0475, 0.0369, 0.0353, 0.0241],
        [0.0310, 0.0289, 0.0276, 0.0264, 0.0241, 0.0241],
        [0.1498, 0.0784, 0.0657, 0.0347, 0.0322, 0.0305],
        [0.0628, 0.0597, 0.0430, 0.0380, 0.0333, 0.0324],
        [0.1335, 0.0851, 0.0312, 0.0304, 0.0293, 0.0281],
        [0.0782, 0.0212, 0.0209, 0.0200, 0.0197, 0.0190],
        [0.1246, 0.0570, 0.0401, 0.0324, 0.0313, 0.0270],
        [0.0702, 0.0435, 0.0424, 0.0327, 0.0285, 0.0283],
        [0.0799, 0.0468, 0.0323, 0.0300, 0.0298, 0.0295],
        [0.0344, 0.0269, 0.0257, 0.0234, 0.0232, 0.0220],
        [0.0464, 0.0430, 0.0407, 0.0371, 0.0371, 0.0274],
        [0.0431, 0.0277, 0.0265, 0.0263, 0.0245, 0.0234],
        [0.0795, 0.0399, 0.0364, 0.0360, 0.0323, 0.0293],
        [0.0727, 0.0407, 0.0396, 0.0379, 0.0376, 0.0354],
        [0.0656, 0.0535, 0.0486, 0.0389, 0.0381, 0.0375],
        [0.0530, 0.0271, 0.0261, 0.0257, 0.0238, 0.0235],
        [0.1220, 0.0392, 0.0340, 0.0299, 0.0293, 0.0270],
        [0.0469, 0.0431, 0.0356, 0.0297, 0.0283, 0.0277],
        [0.2538, 0.0247, 0.0208, 0.0207, 0.0202, 0.0192],
        [0.0515, 0.0462, 0.0396, 0.0373, 0.0358, 0.0355],
        [0.0299, 0.0298, 0.0225, 0.0223, 0.0222, 0.0218],
        [0.0272, 0.0270, 0.0249, 0.0234, 0.0224, 0.0223],
        [0.0265, 0.0248, 0.0246, 0.0239, 0.0226, 0.0205],
        [0.0625, 0.0332, 0.0319, 0.0302, 0.0253, 0.0251],
        [0.1610, 0.0275, 0.0241, 0.0239, 0.0233, 0.0222],
        [0.0344, 0.0296, 0.0276, 0.0274, 0.0274, 0.0260],
        [0.0641, 0.0336, 0.0322, 0.0292, 0.0281, 0.0280],
        [0.0400, 0.0386, 0.0321, 0.0282, 0.0274, 0.0268],
        [0.0481, 0.0316, 0.0273, 0.0243, 0.0223, 0.0216],
        [0.0512, 0.0359, 0.0308, 0.0297, 0.0279, 0.0278],
        [0.0821, 0.0537, 0.0324, 0.0316, 0.0302, 0.0297],
        [0.0948, 0.0407, 0.0386, 0.0338, 0.0317, 0.0302],
        [0.0824, 0.0725, 0.0370, 0.0300, 0.0294, 0.0287],
        [0.0594, 0.0564, 0.0447, 0.0420, 0.0328, 0.0324],
        [0.0550, 0.0357, 0.0357, 0.0355, 0.0338, 0.0335],
        [0.0355, 0.0333, 0.0302, 0.0295, 0.0293, 0.0277],
        [0.0453, 0.0406, 0.0381, 0.0365, 0.0335, 0.0324],
        [0.0439, 0.0377, 0.0313, 0.0272, 0.0269, 0.0264],
        [0.0492, 0.0452, 0.0444, 0.0362, 0.0274, 0.0267],
        [0.0316, 0.0277, 0.0273, 0.0257, 0.0255, 0.0242],
        [0.0667, 0.0464, 0.0414, 0.0331, 0.0329, 0.0315],
        [0.0973, 0.0421, 0.0367, 0.0350, 0.0332, 0.0291],
        [0.0577, 0.0530, 0.0476, 0.0377, 0.0376, 0.0358],
        [0.0481, 0.0470, 0.0319, 0.0292, 0.0282, 0.0251],
        [0.0806, 0.0662, 0.0422, 0.0379, 0.0325, 0.0293],
        [0.0952, 0.0447, 0.0415, 0.0355, 0.0302, 0.0298],
        [0.0469, 0.0352, 0.0298, 0.0295, 0.0271, 0.0248],
        [0.1420, 0.0564, 0.0423, 0.0349, 0.0316, 0.0293],
        [0.0356, 0.0332, 0.0320, 0.0315, 0.0285, 0.0283],
        [0.0305, 0.0256, 0.0245, 0.0241, 0.0231, 0.0225],
        [0.0525, 0.0366, 0.0260, 0.0252, 0.0240, 0.0234],
        [0.0342, 0.0318, 0.0284, 0.0256, 0.0238, 0.0231],
        [0.0381, 0.0327, 0.0281, 0.0264, 0.0262, 0.0246],
        [0.1030, 0.0366, 0.0346, 0.0298, 0.0292, 0.0281],
        [0.0485, 0.0390, 0.0308, 0.0303, 0.0296, 0.0267],
        [0.0264, 0.0264, 0.0261, 0.0249, 0.0238, 0.0230],
        [0.0351, 0.0312, 0.0309, 0.0284, 0.0272, 0.0261],
        [0.0444, 0.0349, 0.0347, 0.0299, 0.0249, 0.0233],
        [0.0510, 0.0319, 0.0314, 0.0313, 0.0310, 0.0254],
        [0.0717, 0.0227, 0.0224, 0.0214, 0.0205, 0.0194],
        [0.1106, 0.0722, 0.0426, 0.0426, 0.0341, 0.0332],
        [0.0507, 0.0454, 0.0403, 0.0338, 0.0330, 0.0300],
        [0.0255, 0.0247, 0.0226, 0.0224, 0.0223, 0.0222],
        [0.0754, 0.0231, 0.0211, 0.0210, 0.0191, 0.0191],
        [0.0518, 0.0396, 0.0252, 0.0246, 0.0233, 0.0213],
        [0.0364, 0.0360, 0.0309, 0.0296, 0.0283, 0.0277],
        [0.0381, 0.0331, 0.0254, 0.0251, 0.0246, 0.0241],
        [0.0861, 0.0832, 0.0460, 0.0374, 0.0335, 0.0299],
        [0.0824, 0.0268, 0.0244, 0.0242, 0.0242, 0.0238],
        [0.0255, 0.0251, 0.0245, 0.0240, 0.0240, 0.0228],
        [0.0462, 0.0431, 0.0328, 0.0318, 0.0306, 0.0295],
        [0.0509, 0.0354, 0.0338, 0.0302, 0.0301, 0.0289],
        [0.0340, 0.0262, 0.0252, 0.0238, 0.0222, 0.0215],
        [0.0522, 0.0319, 0.0313, 0.0256, 0.0253, 0.0251],
        [0.0341, 0.0281, 0.0259, 0.0230, 0.0230, 0.0223],
        [0.0912, 0.0492, 0.0466, 0.0433, 0.0359, 0.0340],
        [0.0379, 0.0375, 0.0356, 0.0316, 0.0299, 0.0273],
        [0.0323, 0.0299, 0.0289, 0.0263, 0.0257, 0.0227],
        [0.0290, 0.0277, 0.0268, 0.0260, 0.0236, 0.0226],
        [0.0403, 0.0293, 0.0291, 0.0279, 0.0273, 0.0269],
        [0.0545, 0.0457, 0.0338, 0.0324, 0.0314, 0.0311],
        [0.0375, 0.0249, 0.0248, 0.0244, 0.0236, 0.0210],
        [0.0558, 0.0206, 0.0199, 0.0192, 0.0187, 0.0183],
        [0.0406, 0.0371, 0.0364, 0.0335, 0.0323, 0.0320],
        [0.0567, 0.0347, 0.0318, 0.0296, 0.0287, 0.0275],
        [0.0535, 0.0203, 0.0203, 0.0198, 0.0194, 0.0190],
        [0.0506, 0.0231, 0.0209, 0.0205, 0.0204, 0.0203],
        [0.0471, 0.0354, 0.0349, 0.0329, 0.0304, 0.0303],
        [0.0649, 0.0534, 0.0473, 0.0328, 0.0296, 0.0279],
        [0.0712, 0.0538, 0.0408, 0.0396, 0.0353, 0.0323],
        [0.0454, 0.0322, 0.0305, 0.0283, 0.0264, 0.0262],
        [0.0635, 0.0628, 0.0424, 0.0415, 0.0274, 0.0271],
        [0.0297, 0.0275, 0.0270, 0.0249, 0.0248, 0.0236],
        [0.0939, 0.0373, 0.0362, 0.0358, 0.0348, 0.0317],
        [0.0899, 0.0385, 0.0329, 0.0295, 0.0284, 0.0259],
        [0.0458, 0.0426, 0.0333, 0.0323, 0.0282, 0.0275],
        [0.0839, 0.0636, 0.0319, 0.0293, 0.0284, 0.0271],
        [0.0362, 0.0256, 0.0229, 0.0228, 0.0225, 0.0213],
        [0.0573, 0.0464, 0.0328, 0.0288, 0.0270, 0.0261],
        [0.0429, 0.0318, 0.0274, 0.0238, 0.0237, 0.0215],
        [0.0569, 0.0491, 0.0406, 0.0403, 0.0324, 0.0314],
        [0.0380, 0.0371, 0.0350, 0.0270, 0.0270, 0.0264],
        [0.0245, 0.0245, 0.0240, 0.0228, 0.0224, 0.0217],
        [0.1509, 0.0286, 0.0246, 0.0208, 0.0202, 0.0200],
        [0.1294, 0.0309, 0.0238, 0.0220, 0.0203, 0.0202],
        [0.0694, 0.0406, 0.0371, 0.0360, 0.0291, 0.0276],
        [0.1056, 0.0260, 0.0258, 0.0250, 0.0241, 0.0235],
        [0.0897, 0.0325, 0.0302, 0.0287, 0.0253, 0.0247],
        [0.0276, 0.0236, 0.0234, 0.0220, 0.0218, 0.0216],
        [0.0412, 0.0381, 0.0355, 0.0352, 0.0340, 0.0271],
        [0.0317, 0.0253, 0.0249, 0.0244, 0.0230, 0.0217],
        [0.0340, 0.0296, 0.0281, 0.0273, 0.0272, 0.0269],
        [0.0407, 0.0277, 0.0241, 0.0223, 0.0217, 0.0211],
        [0.0349, 0.0325, 0.0313, 0.0298, 0.0284, 0.0270],
        [0.0373, 0.0366, 0.0357, 0.0319, 0.0262, 0.0254],
        [0.0611, 0.0325, 0.0291, 0.0265, 0.0263, 0.0247],
        [0.0391, 0.0388, 0.0381, 0.0350, 0.0341, 0.0328],
        [0.0249, 0.0243, 0.0230, 0.0225, 0.0225, 0.0222],
        [0.0332, 0.0281, 0.0226, 0.0223, 0.0216, 0.0213],
        [0.0508, 0.0196, 0.0193, 0.0192, 0.0192, 0.0191],
        [0.0714, 0.0624, 0.0375, 0.0368, 0.0343, 0.0229],
        [0.0563, 0.0269, 0.0269, 0.0265, 0.0244, 0.0240],
        [0.0440, 0.0432, 0.0377, 0.0255, 0.0255, 0.0251],
        [0.0616, 0.0212, 0.0202, 0.0199, 0.0197, 0.0194],
        [0.0494, 0.0493, 0.0364, 0.0295, 0.0293, 0.0288],
        [0.0431, 0.0288, 0.0259, 0.0253, 0.0252, 0.0240],
        [0.0435, 0.0292, 0.0268, 0.0265, 0.0249, 0.0248],
        [0.0564, 0.0547, 0.0406, 0.0319, 0.0308, 0.0306],
        [0.0355, 0.0322, 0.0298, 0.0284, 0.0281, 0.0276],
        [0.0381, 0.0289, 0.0279, 0.0260, 0.0258, 0.0243],
        [0.0585, 0.0455, 0.0366, 0.0327, 0.0316, 0.0291],
        [0.0410, 0.0367, 0.0333, 0.0315, 0.0305, 0.0292],
        [0.0949, 0.0538, 0.0497, 0.0426, 0.0372, 0.0328],
        [0.0356, 0.0263, 0.0244, 0.0212, 0.0202, 0.0201],
        [0.1164, 0.0559, 0.0371, 0.0350, 0.0342, 0.0288],
        [0.0262, 0.0240, 0.0237, 0.0229, 0.0228, 0.0227],
        [0.0601, 0.0511, 0.0362, 0.0296, 0.0277, 0.0254],
        [0.0482, 0.0406, 0.0355, 0.0312, 0.0279, 0.0267],
        [0.0292, 0.0259, 0.0249, 0.0233, 0.0225, 0.0214],
        [0.0418, 0.0403, 0.0359, 0.0300, 0.0262, 0.0251],
        [0.0678, 0.0596, 0.0325, 0.0308, 0.0286, 0.0281],
        [0.0382, 0.0276, 0.0272, 0.0255, 0.0235, 0.0226],
        [0.0298, 0.0293, 0.0269, 0.0269, 0.0268, 0.0256],
        [0.0565, 0.0311, 0.0295, 0.0269, 0.0264, 0.0259],
        [0.0407, 0.0391, 0.0311, 0.0293, 0.0282, 0.0243],
        [0.0737, 0.0382, 0.0328, 0.0327, 0.0300, 0.0279],
        [0.0313, 0.0264, 0.0237, 0.0232, 0.0231, 0.0227],
        [0.1849, 0.0225, 0.0217, 0.0205, 0.0203, 0.0191],
        [0.0224, 0.0223, 0.0222, 0.0222, 0.0219, 0.0211],
        [0.0331, 0.0284, 0.0238, 0.0229, 0.0214, 0.0204],
        [0.0557, 0.0517, 0.0445, 0.0340, 0.0334, 0.0330],
        [0.0815, 0.0790, 0.0723, 0.0471, 0.0433, 0.0323],
        [0.3530, 0.0381, 0.0346, 0.0270, 0.0252, 0.0194],
        [0.0266, 0.0248, 0.0225, 0.0222, 0.0220, 0.0220],
        [0.0417, 0.0289, 0.0274, 0.0246, 0.0244, 0.0226],
        [0.0385, 0.0312, 0.0255, 0.0234, 0.0232, 0.0231],
        [0.0331, 0.0266, 0.0240, 0.0236, 0.0226, 0.0216],
        [0.0279, 0.0277, 0.0270, 0.0265, 0.0247, 0.0246],
        [0.0238, 0.0218, 0.0216, 0.0213, 0.0205, 0.0204],
        [0.0396, 0.0347, 0.0284, 0.0279, 0.0273, 0.0273],
        [0.0280, 0.0269, 0.0244, 0.0231, 0.0212, 0.0207],
        [0.0388, 0.0349, 0.0335, 0.0296, 0.0265, 0.0257],
        [0.0356, 0.0278, 0.0251, 0.0241, 0.0222, 0.0220],
        [0.0534, 0.0521, 0.0403, 0.0357, 0.0325, 0.0308],
        [0.0900, 0.0400, 0.0394, 0.0390, 0.0355, 0.0335],
        [0.0247, 0.0233, 0.0215, 0.0199, 0.0197, 0.0197],
        [0.0317, 0.0303, 0.0269, 0.0256, 0.0249, 0.0240],
        [0.0816, 0.0784, 0.0465, 0.0322, 0.0244, 0.0242],
        [0.0496, 0.0390, 0.0290, 0.0249, 0.0239, 0.0238],
        [0.0294, 0.0230, 0.0222, 0.0219, 0.0217, 0.0216],
        [0.1270, 0.0528, 0.0467, 0.0392, 0.0320, 0.0269],
        [0.0336, 0.0307, 0.0291, 0.0285, 0.0267, 0.0266],
        [0.0481, 0.0351, 0.0309, 0.0291, 0.0275, 0.0251],
        [0.0313, 0.0288, 0.0288, 0.0285, 0.0281, 0.0280],
        [0.0255, 0.0225, 0.0221, 0.0219, 0.0216, 0.0206],
        [0.0657, 0.0452, 0.0445, 0.0425, 0.0308, 0.0292],
        [0.1204, 0.0272, 0.0254, 0.0221, 0.0209, 0.0208],
        [0.1140, 0.0708, 0.0407, 0.0317, 0.0288, 0.0231],
        [0.0447, 0.0218, 0.0196, 0.0190, 0.0189, 0.0188],
        [0.0644, 0.0474, 0.0428, 0.0345, 0.0330, 0.0254],
        [0.0491, 0.0471, 0.0435, 0.0390, 0.0348, 0.0312],
        [0.0620, 0.0484, 0.0392, 0.0336, 0.0282, 0.0266],
        [0.0534, 0.0477, 0.0347, 0.0346, 0.0342, 0.0318],
        [0.0434, 0.0316, 0.0270, 0.0269, 0.0253, 0.0249],
        [0.0505, 0.0349, 0.0332, 0.0303, 0.0298, 0.0293],
        [0.0267, 0.0266, 0.0261, 0.0245, 0.0232, 0.0231],
        [0.2507, 0.0364, 0.0344, 0.0340, 0.0274, 0.0259],
        [0.0384, 0.0269, 0.0269, 0.0263, 0.0256, 0.0233],
        [0.0620, 0.0530, 0.0382, 0.0343, 0.0309, 0.0289],
        [0.0542, 0.0337, 0.0312, 0.0309, 0.0305, 0.0290],
        [0.0236, 0.0233, 0.0226, 0.0218, 0.0201, 0.0200],
        [0.0311, 0.0287, 0.0275, 0.0273, 0.0244, 0.0240],
        [0.0544, 0.0515, 0.0418, 0.0367, 0.0344, 0.0334],
        [0.0653, 0.0343, 0.0309, 0.0293, 0.0279, 0.0267],
        [0.1539, 0.0377, 0.0336, 0.0284, 0.0284, 0.0266],
        [0.0771, 0.0657, 0.0405, 0.0317, 0.0281, 0.0279],
        [0.0877, 0.0523, 0.0410, 0.0345, 0.0318, 0.0281],
        [0.0485, 0.0452, 0.0376, 0.0288, 0.0256, 0.0245],
        [0.0292, 0.0244, 0.0236, 0.0235, 0.0225, 0.0218],
        [0.0324, 0.0305, 0.0271, 0.0267, 0.0255, 0.0244],
        [0.0619, 0.0591, 0.0526, 0.0509, 0.0430, 0.0308],
        [0.0561, 0.0400, 0.0374, 0.0347, 0.0306, 0.0284],
        [0.0372, 0.0303, 0.0295, 0.0271, 0.0271, 0.0270],
        [0.0254, 0.0236, 0.0231, 0.0220, 0.0216, 0.0207],
        [0.0388, 0.0245, 0.0235, 0.0230, 0.0220, 0.0205],
        [0.0801, 0.0488, 0.0434, 0.0314, 0.0309, 0.0286],
        [0.1077, 0.0339, 0.0332, 0.0263, 0.0262, 0.0223],
        [0.0479, 0.0422, 0.0421, 0.0419, 0.0278, 0.0253],
        [0.2220, 0.0329, 0.0303, 0.0279, 0.0253, 0.0250],
        [0.0255, 0.0247, 0.0234, 0.0223, 0.0216, 0.0216],
        [0.0240, 0.0237, 0.0235, 0.0223, 0.0220, 0.0211],
        [0.0335, 0.0295, 0.0282, 0.0271, 0.0240, 0.0221],
        [0.0409, 0.0274, 0.0256, 0.0229, 0.0229, 0.0226],
        [0.0504, 0.0472, 0.0391, 0.0388, 0.0307, 0.0303],
        [0.0277, 0.0262, 0.0251, 0.0245, 0.0240, 0.0228],
        [0.0415, 0.0318, 0.0298, 0.0271, 0.0270, 0.0263],
        [0.0332, 0.0304, 0.0282, 0.0280, 0.0260, 0.0256],
        [0.1088, 0.0802, 0.0456, 0.0391, 0.0379, 0.0308],
        [0.0234, 0.0233, 0.0222, 0.0213, 0.0213, 0.0212],
        [0.0342, 0.0250, 0.0249, 0.0245, 0.0222, 0.0213],
        [0.0365, 0.0285, 0.0261, 0.0219, 0.0217, 0.0203],
        [0.0301, 0.0241, 0.0233, 0.0233, 0.0227, 0.0216],
        [0.0463, 0.0338, 0.0310, 0.0294, 0.0285, 0.0279],
        [0.0346, 0.0304, 0.0298, 0.0278, 0.0275, 0.0259],
        [0.0380, 0.0298, 0.0272, 0.0263, 0.0263, 0.0254],
        [0.0354, 0.0333, 0.0304, 0.0286, 0.0268, 0.0265],
        [0.0635, 0.0343, 0.0337, 0.0337, 0.0290, 0.0264],
        [0.0542, 0.0394, 0.0388, 0.0307, 0.0304, 0.0266],
        [0.0980, 0.0725, 0.0411, 0.0401, 0.0311, 0.0305],
        [0.0375, 0.0325, 0.0300, 0.0300, 0.0288, 0.0269],
        [0.0441, 0.0355, 0.0320, 0.0308, 0.0292, 0.0274],
        [0.0273, 0.0239, 0.0232, 0.0231, 0.0218, 0.0207],
        [0.1574, 0.1427, 0.0463, 0.0407, 0.0242, 0.0217],
        [0.0573, 0.0266, 0.0258, 0.0223, 0.0219, 0.0219],
        [0.0304, 0.0279, 0.0274, 0.0256, 0.0245, 0.0244],
        [0.0257, 0.0236, 0.0232, 0.0228, 0.0217, 0.0216],
        [0.0304, 0.0279, 0.0215, 0.0211, 0.0209, 0.0208],
        [0.0306, 0.0285, 0.0249, 0.0227, 0.0218, 0.0215],
        [0.0620, 0.0433, 0.0336, 0.0299, 0.0274, 0.0263],
        [0.0323, 0.0289, 0.0237, 0.0230, 0.0225, 0.0215],
        [0.0262, 0.0262, 0.0258, 0.0247, 0.0239, 0.0238],
        [0.1233, 0.0584, 0.0511, 0.0447, 0.0325, 0.0314],
        [0.0264, 0.0259, 0.0253, 0.0245, 0.0244, 0.0243],
        [0.0648, 0.0543, 0.0472, 0.0465, 0.0418, 0.0336],
        [0.1237, 0.0265, 0.0260, 0.0253, 0.0252, 0.0236],
        [0.0484, 0.0276, 0.0245, 0.0239, 0.0232, 0.0227],
        [0.0724, 0.0453, 0.0320, 0.0245, 0.0233, 0.0209],
        [0.0532, 0.0483, 0.0411, 0.0305, 0.0291, 0.0271],
        [0.0319, 0.0314, 0.0272, 0.0267, 0.0263, 0.0253],
        [0.0304, 0.0274, 0.0257, 0.0253, 0.0233, 0.0232],
        [0.0529, 0.0375, 0.0370, 0.0366, 0.0307, 0.0288],
        [0.0304, 0.0269, 0.0267, 0.0260, 0.0255, 0.0235],
        [0.0613, 0.0376, 0.0332, 0.0312, 0.0287, 0.0283],
        [0.0250, 0.0239, 0.0229, 0.0225, 0.0219, 0.0214],
        [0.0402, 0.0212, 0.0194, 0.0193, 0.0191, 0.0190],
        [0.0382, 0.0297, 0.0277, 0.0260, 0.0248, 0.0238],
        [0.1690, 0.0907, 0.0327, 0.0273, 0.0262, 0.0258],
        [0.0895, 0.0415, 0.0341, 0.0308, 0.0285, 0.0236],
        [0.0349, 0.0336, 0.0320, 0.0294, 0.0292, 0.0277],
        [0.0975, 0.0512, 0.0423, 0.0314, 0.0309, 0.0300],
        [0.0530, 0.0404, 0.0302, 0.0276, 0.0274, 0.0265],
        [0.0263, 0.0253, 0.0243, 0.0239, 0.0234, 0.0229],
        [0.0374, 0.0347, 0.0291, 0.0249, 0.0248, 0.0241],
        [0.0495, 0.0390, 0.0271, 0.0261, 0.0249, 0.0222],
        [0.0396, 0.0281, 0.0271, 0.0250, 0.0247, 0.0235],
        [0.0350, 0.0243, 0.0233, 0.0225, 0.0223, 0.0222],
        [0.0275, 0.0248, 0.0237, 0.0226, 0.0223, 0.0219],
        [0.0383, 0.0336, 0.0324, 0.0306, 0.0297, 0.0291],
        [0.0266, 0.0243, 0.0240, 0.0237, 0.0230, 0.0223],
        [0.0670, 0.0298, 0.0275, 0.0268, 0.0260, 0.0245],
        [0.0301, 0.0259, 0.0256, 0.0242, 0.0241, 0.0234],
        [0.0298, 0.0289, 0.0258, 0.0245, 0.0238, 0.0230],
        [0.0361, 0.0302, 0.0281, 0.0267, 0.0266, 0.0262],
        [0.0656, 0.0380, 0.0334, 0.0310, 0.0307, 0.0285],
        [0.0351, 0.0298, 0.0247, 0.0245, 0.0243, 0.0234],
        [0.0312, 0.0276, 0.0263, 0.0249, 0.0245, 0.0216],
        [0.0307, 0.0293, 0.0285, 0.0263, 0.0241, 0.0225],
        [0.0398, 0.0201, 0.0200, 0.0199, 0.0197, 0.0196],
        [0.0538, 0.0361, 0.0307, 0.0290, 0.0284, 0.0273],
        [0.0443, 0.0287, 0.0263, 0.0252, 0.0245, 0.0237],
        [0.0650, 0.0475, 0.0452, 0.0396, 0.0392, 0.0375],
        [0.0229, 0.0225, 0.0224, 0.0218, 0.0208, 0.0206],
        [0.0523, 0.0390, 0.0254, 0.0251, 0.0250, 0.0232],
        [0.0358, 0.0324, 0.0255, 0.0252, 0.0247, 0.0245],
        [0.0510, 0.0343, 0.0338, 0.0312, 0.0266, 0.0263],
        [0.0887, 0.0480, 0.0321, 0.0291, 0.0290, 0.0289],
        [0.0260, 0.0246, 0.0236, 0.0224, 0.0219, 0.0211],
        [0.0463, 0.0419, 0.0404, 0.0366, 0.0332, 0.0301],
        [0.0238, 0.0226, 0.0224, 0.0220, 0.0213, 0.0212],
        [0.0909, 0.0330, 0.0255, 0.0250, 0.0244, 0.0238],
        [0.0776, 0.0286, 0.0272, 0.0258, 0.0250, 0.0244],
        [0.0621, 0.0528, 0.0468, 0.0463, 0.0387, 0.0385],
        [0.0265, 0.0228, 0.0226, 0.0215, 0.0214, 0.0212],
        [0.0539, 0.0329, 0.0319, 0.0300, 0.0297, 0.0292],
        [0.0417, 0.0210, 0.0200, 0.0196, 0.0195, 0.0192],
        [0.0605, 0.0474, 0.0289, 0.0276, 0.0272, 0.0252],
        [0.0465, 0.0224, 0.0208, 0.0203, 0.0187, 0.0186],
        [0.0280, 0.0258, 0.0217, 0.0211, 0.0205, 0.0203],
        [0.0306, 0.0298, 0.0279, 0.0274, 0.0244, 0.0244],
        [0.0390, 0.0286, 0.0284, 0.0261, 0.0250, 0.0249],
        [0.0658, 0.0636, 0.0564, 0.0336, 0.0332, 0.0315],
        [0.0506, 0.0412, 0.0275, 0.0274, 0.0273, 0.0264],
        [0.0571, 0.0447, 0.0375, 0.0349, 0.0306, 0.0304],
        [0.0252, 0.0228, 0.0225, 0.0223, 0.0223, 0.0212],
        [0.1007, 0.0701, 0.0647, 0.0603, 0.0351, 0.0345],
        [0.0954, 0.0797, 0.0696, 0.0385, 0.0351, 0.0282],
        [0.0597, 0.0505, 0.0437, 0.0367, 0.0320, 0.0306],
        [0.0722, 0.0550, 0.0459, 0.0427, 0.0419, 0.0327],
        [0.0240, 0.0236, 0.0231, 0.0228, 0.0227, 0.0222],
        [0.0485, 0.0436, 0.0408, 0.0336, 0.0274, 0.0239],
        [0.0472, 0.0332, 0.0332, 0.0269, 0.0268, 0.0254],
        [0.0376, 0.0205, 0.0201, 0.0194, 0.0190, 0.0188],
        [0.0290, 0.0245, 0.0237, 0.0221, 0.0218, 0.0211],
        [0.0544, 0.0318, 0.0303, 0.0302, 0.0294, 0.0281],
        [0.0486, 0.0375, 0.0357, 0.0330, 0.0305, 0.0272],
        [0.0234, 0.0226, 0.0225, 0.0221, 0.0216, 0.0214],
        [0.0430, 0.0331, 0.0291, 0.0279, 0.0257, 0.0252],
        [0.0750, 0.0427, 0.0415, 0.0313, 0.0300, 0.0295],
        [0.0665, 0.0424, 0.0345, 0.0301, 0.0295, 0.0289],
        [0.0722, 0.0492, 0.0324, 0.0320, 0.0288, 0.0265],
        [0.0349, 0.0229, 0.0225, 0.0219, 0.0208, 0.0204],
        [0.0271, 0.0237, 0.0224, 0.0221, 0.0220, 0.0218],
        [0.0266, 0.0263, 0.0261, 0.0248, 0.0239, 0.0226],
        [0.0560, 0.0408, 0.0388, 0.0361, 0.0322, 0.0265],
        [0.0402, 0.0211, 0.0203, 0.0193, 0.0189, 0.0184],
        [0.0411, 0.0266, 0.0256, 0.0256, 0.0247, 0.0238],
        [0.0229, 0.0227, 0.0226, 0.0209, 0.0204, 0.0203],
        [0.0243, 0.0230, 0.0228, 0.0227, 0.0217, 0.0208],
        [0.0557, 0.0314, 0.0293, 0.0276, 0.0275, 0.0258],
        [0.0312, 0.0260, 0.0235, 0.0206, 0.0204, 0.0203],
        [0.0257, 0.0228, 0.0226, 0.0222, 0.0209, 0.0207],
        [0.0355, 0.0282, 0.0222, 0.0219, 0.0216, 0.0214],
        [0.0494, 0.0447, 0.0284, 0.0280, 0.0251, 0.0250],
        [0.0263, 0.0230, 0.0225, 0.0217, 0.0214, 0.0212],
        [0.0469, 0.0271, 0.0248, 0.0243, 0.0236, 0.0229],
        [0.1177, 0.0798, 0.0388, 0.0375, 0.0304, 0.0290],
        [0.0240, 0.0236, 0.0231, 0.0229, 0.0221, 0.0218],
        [0.1032, 0.0552, 0.0542, 0.0399, 0.0345, 0.0336],
        [0.1005, 0.0372, 0.0341, 0.0281, 0.0253, 0.0252],
        [0.0393, 0.0214, 0.0203, 0.0193, 0.0188, 0.0188],
        [0.0357, 0.0334, 0.0324, 0.0322, 0.0306, 0.0275],
        [0.0459, 0.0437, 0.0329, 0.0302, 0.0302, 0.0299],
        [0.0306, 0.0282, 0.0281, 0.0279, 0.0274, 0.0251],
        [0.0649, 0.0621, 0.0578, 0.0555, 0.0310, 0.0290],
        [0.0420, 0.0311, 0.0290, 0.0279, 0.0244, 0.0243],
        [0.0549, 0.0379, 0.0367, 0.0347, 0.0318, 0.0271],
        [0.0380, 0.0275, 0.0270, 0.0260, 0.0259, 0.0256],
        [0.0556, 0.0512, 0.0372, 0.0327, 0.0317, 0.0296],
        [0.0261, 0.0241, 0.0240, 0.0232, 0.0226, 0.0219],
        [0.0455, 0.0292, 0.0272, 0.0252, 0.0247, 0.0244],
        [0.0459, 0.0429, 0.0329, 0.0325, 0.0315, 0.0309],
        [0.0248, 0.0240, 0.0235, 0.0234, 0.0220, 0.0214],
        [0.0374, 0.0305, 0.0302, 0.0287, 0.0287, 0.0284],
        [0.1276, 0.0904, 0.0589, 0.0421, 0.0332, 0.0317],
        [0.0335, 0.0275, 0.0259, 0.0253, 0.0238, 0.0227],
        [0.0309, 0.0300, 0.0271, 0.0260, 0.0258, 0.0253],
        [0.0767, 0.0693, 0.0419, 0.0366, 0.0356, 0.0296],
        [0.0228, 0.0216, 0.0210, 0.0207, 0.0203, 0.0203],
        [0.0417, 0.0387, 0.0338, 0.0293, 0.0287, 0.0273],
        [0.0585, 0.0491, 0.0316, 0.0288, 0.0279, 0.0228],
        [0.0305, 0.0299, 0.0260, 0.0246, 0.0239, 0.0237],
        [0.0281, 0.0254, 0.0249, 0.0227, 0.0222, 0.0219],
        [0.0566, 0.0413, 0.0340, 0.0334, 0.0287, 0.0274],
        [0.0241, 0.0219, 0.0212, 0.0209, 0.0204, 0.0200],
        [0.0218, 0.0217, 0.0214, 0.0200, 0.0197, 0.0195],
        [0.0543, 0.0288, 0.0256, 0.0255, 0.0251, 0.0238],
        [0.0666, 0.0446, 0.0403, 0.0289, 0.0288, 0.0284],
        [0.0241, 0.0232, 0.0219, 0.0218, 0.0216, 0.0212],
        [0.0225, 0.0221, 0.0220, 0.0206, 0.0205, 0.0201],
        [0.0877, 0.0251, 0.0244, 0.0229, 0.0228, 0.0218],
        [0.1201, 0.0321, 0.0302, 0.0265, 0.0260, 0.0259],
        [0.0434, 0.0406, 0.0344, 0.0329, 0.0316, 0.0315],
        [0.0340, 0.0218, 0.0216, 0.0197, 0.0195, 0.0187],
        [0.1217, 0.0376, 0.0344, 0.0324, 0.0314, 0.0301],
        [0.0229, 0.0222, 0.0215, 0.0212, 0.0208, 0.0206],
        [0.0482, 0.0269, 0.0266, 0.0244, 0.0240, 0.0233],
        [0.0264, 0.0255, 0.0254, 0.0254, 0.0245, 0.0245],
        [0.0273, 0.0251, 0.0241, 0.0237, 0.0228, 0.0219],
        [0.0990, 0.0369, 0.0330, 0.0315, 0.0292, 0.0273],
        [0.0817, 0.0345, 0.0264, 0.0263, 0.0262, 0.0262],
        [0.1525, 0.0360, 0.0329, 0.0256, 0.0250, 0.0223],
        [0.0591, 0.0453, 0.0407, 0.0364, 0.0283, 0.0268],
        [0.0311, 0.0249, 0.0242, 0.0234, 0.0233, 0.0228],
        [0.0343, 0.0274, 0.0268, 0.0229, 0.0227, 0.0203],
        [0.0817, 0.0258, 0.0257, 0.0254, 0.0232, 0.0231],
        [0.0998, 0.0904, 0.0784, 0.0295, 0.0241, 0.0240],
        [0.0534, 0.0336, 0.0335, 0.0321, 0.0284, 0.0284],
        [0.0262, 0.0259, 0.0236, 0.0227, 0.0214, 0.0209],
        [0.0382, 0.0280, 0.0248, 0.0243, 0.0237, 0.0237],
        [0.0521, 0.0413, 0.0297, 0.0282, 0.0276, 0.0261],
        [0.0373, 0.0363, 0.0305, 0.0242, 0.0235, 0.0228],
        [0.0434, 0.0416, 0.0367, 0.0362, 0.0352, 0.0350],
        [0.0304, 0.0304, 0.0295, 0.0290, 0.0284, 0.0256],
        [0.0426, 0.0211, 0.0194, 0.0194, 0.0193, 0.0190],
        [0.0246, 0.0244, 0.0228, 0.0228, 0.0222, 0.0217],
        [0.0371, 0.0334, 0.0330, 0.0287, 0.0284, 0.0252],
        [0.0611, 0.0412, 0.0410, 0.0352, 0.0341, 0.0295],
        [0.0696, 0.0351, 0.0307, 0.0304, 0.0290, 0.0280],
        [0.0255, 0.0251, 0.0229, 0.0210, 0.0209, 0.0200],
        [0.0501, 0.0361, 0.0299, 0.0242, 0.0237, 0.0236],
        [0.1312, 0.0370, 0.0345, 0.0303, 0.0296, 0.0278],
        [0.0787, 0.0412, 0.0326, 0.0289, 0.0263, 0.0263],
        [0.0256, 0.0239, 0.0211, 0.0207, 0.0204, 0.0201],
        [0.1283, 0.0575, 0.0536, 0.0506, 0.0263, 0.0254],
        [0.0829, 0.0256, 0.0240, 0.0239, 0.0235, 0.0229],
        [0.0287, 0.0269, 0.0254, 0.0240, 0.0239, 0.0230],
        [0.0403, 0.0282, 0.0264, 0.0261, 0.0253, 0.0247],
        [0.0262, 0.0259, 0.0244, 0.0241, 0.0225, 0.0222],
        [0.0278, 0.0231, 0.0226, 0.0223, 0.0220, 0.0214],
        [0.0357, 0.0350, 0.0324, 0.0282, 0.0257, 0.0252],
        [0.0371, 0.0346, 0.0259, 0.0243, 0.0239, 0.0230],
        [0.0239, 0.0225, 0.0224, 0.0223, 0.0219, 0.0209],
        [0.0259, 0.0229, 0.0225, 0.0224, 0.0223, 0.0217],
        [0.0397, 0.0364, 0.0285, 0.0273, 0.0251, 0.0246],
        [0.0611, 0.0331, 0.0319, 0.0302, 0.0284, 0.0273],
        [0.1006, 0.0335, 0.0311, 0.0292, 0.0277, 0.0268],
        [0.0306, 0.0227, 0.0225, 0.0225, 0.0224, 0.0224],
        [0.0248, 0.0237, 0.0233, 0.0231, 0.0224, 0.0217],
        [0.0654, 0.0566, 0.0396, 0.0333, 0.0310, 0.0308],
        [0.0296, 0.0268, 0.0267, 0.0265, 0.0261, 0.0248],
        [0.0619, 0.0453, 0.0408, 0.0335, 0.0283, 0.0244],
        [0.0279, 0.0251, 0.0244, 0.0240, 0.0225, 0.0222],
        [0.0463, 0.0335, 0.0322, 0.0302, 0.0301, 0.0297],
        [0.0373, 0.0302, 0.0250, 0.0237, 0.0225, 0.0224],
        [0.0364, 0.0357, 0.0338, 0.0318, 0.0295, 0.0282],
        [0.0818, 0.0383, 0.0285, 0.0262, 0.0249, 0.0244],
        [0.0451, 0.0385, 0.0289, 0.0288, 0.0286, 0.0247],
        [0.0489, 0.0489, 0.0453, 0.0334, 0.0289, 0.0279],
        [0.0238, 0.0219, 0.0219, 0.0218, 0.0215, 0.0214],
        [0.0397, 0.0290, 0.0261, 0.0239, 0.0233, 0.0231],
        [0.0250, 0.0232, 0.0231, 0.0227, 0.0220, 0.0207],
        [0.1194, 0.0253, 0.0240, 0.0235, 0.0234, 0.0219],
        [0.0621, 0.0280, 0.0256, 0.0247, 0.0245, 0.0236],
        [0.0284, 0.0283, 0.0281, 0.0256, 0.0239, 0.0237]])

----------------indices-----------------
torch.Size([512, 6])
tensor([[43, 47,  3, 21, 16, 34],
        [ 1, 21,  5, 16, 20, 34],
        [20, 28,  4, 34,  9, 33],
        [28, 43, 55, 34, 35, 21],
        [16, 28,  8,  3, 43, 14],
        [43,  5, 28, 37, 21,  3],
        [28,  8, 33, 47, 20, 58],
        [21, 34, 28,  3, 12,  4],
        [28, 16, 47, 17, 21, 55],
        [28, 46, 21,  5, 43,  3],
        [43, 28,  5, 12, 56,  9],
        [28, 34, 33,  5, 20, 46],
        [28, 16, 21, 34, 33,  8],
        [21, 43, 35, 38,  3, 28],
        [58, 33, 47, 43,  9, 34],
        [ 1, 34, 16, 38, 28, 21],
        [28, 38, 34,  3, 35, 12],
        [28, 21, 49, 34, 35,  4],
        [28, 34,  5, 20,  1,  4],
        [ 9, 33, 28, 42, 63, 43],
        [43, 16, 28, 12, 14,  8],
        [ 1, 38,  5, 34, 55,  3],
        [34,  9, 33, 38, 32, 43],
        [43,  4, 35, 12, 21,  0],
        [38, 28,  1, 47, 21, 43],
        [49, 38, 47,  5, 55, 34],
        [12, 52, 15,  9, 28, 63],
        [34, 33, 20, 42, 55,  9],
        [28, 33, 34, 20,  8,  5],
        [47,  1, 38, 17, 43, 33],
        [ 4, 28, 17, 58,  5,  9],
        [34, 28,  4, 51, 60, 17],
        [ 1, 38, 28, 34, 47, 55],
        [21, 35, 51, 12, 34, 20],
        [34, 21, 17,  3, 20, 51],
        [46, 63, 20, 57, 43, 12],
        [28, 16, 58,  9, 46, 34],
        [34,  1, 33, 16, 20,  8],
        [15, 12,  8,  1, 57, 33],
        [21, 28, 35, 12,  4, 34],
        [47, 38, 34, 31, 44, 16],
        [ 1, 28, 38, 34, 21, 16],
        [55, 12, 21, 47, 43,  1],
        [28, 48, 34,  3, 23,  8],
        [28, 14, 34,  8,  3, 33],
        [ 9, 33, 21, 38, 43, 36],
        [17, 55, 33,  8, 20, 18],
        [28, 35, 12, 34,  4, 20],
        [28,  8, 12, 35, 34,  1],
        [ 3, 31, 20, 49, 34, 42],
        [21, 20, 57,  8, 47, 35],
        [49,  3, 38,  1, 14, 44],
        [56, 16, 28, 31, 35,  4],
        [28, 38, 21, 47,  1, 35],
        [43, 28, 14, 16, 49, 34],
        [16, 35, 20, 28, 21, 31],
        [37, 36, 38, 47, 51,  1],
        [61, 49,  1, 34, 20, 35],
        [ 1, 53,  8, 17, 16, 21],
        [43, 37,  5, 42, 15,  3],
        [28, 34, 48, 46,  5, 20],
        [61, 45,  3, 38, 13, 34],
        [58,  1, 43, 28, 21, 30],
        [34, 17, 37, 58, 33, 21],
        [27, 38,  3, 34, 33, 55],
        [ 1, 38,  5, 34, 51, 55],
        [28, 12, 47, 38, 50,  4],
        [53, 43, 21, 59, 14,  5],
        [28, 11, 32, 48,  6, 34],
        [33, 53, 38, 47, 34,  9],
        [55, 32, 34, 48, 58, 51],
        [28, 34,  4, 48, 58,  8],
        [ 1, 38, 34,  5, 28, 55],
        [21, 35, 55, 19, 49, 47],
        [36, 40, 34,  8, 30, 35],
        [12, 62, 35, 31, 59, 50],
        [50, 11, 18, 57, 29, 61],
        [21, 43,  3, 37,  5, 45],
        [34,  1, 32, 33,  4, 46],
        [32, 11, 28,  8, 17, 48],
        [ 3,  1, 16, 57, 21, 47],
        [12, 31, 35, 28, 59, 20],
        [43, 33, 41, 42, 12, 34],
        [ 1,  3, 53, 16, 37, 49],
        [43, 36,  8, 59,  4, 60],
        [21, 38, 35, 61, 52,  3],
        [17, 48,  5, 30, 25, 43],
        [50, 57, 18, 61, 11, 25],
        [38, 16, 28, 60, 12, 51],
        [34, 58,  1, 38, 51, 31],
        [17, 16,  4, 28,  0, 31],
        [13, 49, 50, 31, 35, 28],
        [16,  4, 20, 55, 33, 17],
        [21, 12, 38,  3, 28, 31],
        [17, 32, 46, 55, 58,  5],
        [28, 16, 61, 12, 45, 11],
        [28, 34, 33, 40, 46, 48],
        [42, 48, 15, 34,  8,  9],
        [ 5, 34, 33, 12, 29,  4],
        [12, 36, 43, 30,  2, 38],
        [35, 57, 21, 20,  5,  8],
        [21,  3,  1, 38, 15, 43],
        [59, 58,  9, 28, 46, 23],
        [36, 48, 16,  8, 13, 31],
        [61, 58, 34, 43, 63, 50],
        [34, 12, 17, 31, 48,  3],
        [ 1, 38,  5, 34, 16, 42],
        [49, 28, 26, 10, 34, 30],
        [ 9,  8, 33,  0, 22, 34],
        [21,  8, 17,  4, 58,  3],
        [ 5, 17, 33,  9, 58, 20],
        [ 4, 28,  5, 14, 21, 38],
        [27, 58, 50, 14, 10, 13],
        [38, 28,  1, 43, 47, 58],
        [29, 47, 38, 33, 28, 49],
        [47, 20, 17, 43, 32,  5],
        [22, 63, 34, 24,  3,  9],
        [21, 38, 47, 20, 35, 60],
        [42,  9, 43,  1, 59,  4],
        [16, 33, 29, 56,  5, 51],
        [37,  2,  7,  8, 51, 21],
        [21,  3, 56, 17, 14, 16],
        [ 9, 16,  3, 38,  5, 47],
        [ 1, 63, 55, 47, 38, 20],
        [34, 60, 46, 32,  3, 33],
        [60,  4, 21, 13, 20, 12],
        [30, 17, 61, 10, 46, 33],
        [43,  5, 53,  3, 16, 21],
        [20,  9, 28, 41, 37, 38],
        [38, 12, 28, 43, 58, 35],
        [16, 47, 38,  1,  7, 49],
        [60, 55, 47, 28,  0, 17],
        [17, 63, 10, 53, 44, 54],
        [38, 33, 12, 29, 35,  4],
        [23, 34, 17, 47, 20, 46],
        [58, 14, 45, 27, 25, 61],
        [61, 37, 43, 34, 38, 59],
        [ 1, 38, 28, 34,  8, 20],
        [17,  4, 47, 55, 38,  5],
        [55, 17, 14,  5, 37,  7],
        [20, 57, 42, 21, 60, 37],
        [ 1, 38, 21, 28, 47, 35],
        [28, 32,  1,  8, 61, 46],
        [58, 21,  6, 61,  1,  2],
        [28, 34,  7, 20,  4, 35],
        [ 9, 34, 48, 41, 43, 12],
        [27, 38, 50, 14,  3, 36],
        [47, 43, 28, 38, 21, 16],
        [44, 58, 19,  0, 31, 17],
        [17, 41,  4, 28,  5, 55],
        [28,  1, 57,  8, 46, 61],
        [61, 35, 53, 13, 45, 63],
        [38,  3, 40, 54,  8,  1],
        [60,  1, 28, 34, 56,  4],
        [36, 51, 14, 33, 63,  4],
        [51, 34, 14, 38, 43, 63],
        [12,  3,  2, 58, 22, 45],
        [33, 53, 63,  5, 38, 58],
        [43, 32,  9, 49, 28, 48],
        [ 1, 16,  5, 38, 34,  3],
        [ 1, 53, 38, 17, 52, 39],
        [21, 20, 56, 28, 31, 32],
        [20,  5, 16, 63, 39, 29],
        [ 1,  9, 38, 14, 51,  5],
        [ 1, 16, 53, 51, 45, 34],
        [27, 43, 34, 33, 29, 58],
        [41, 30, 33, 60,  2, 19],
        [43, 55, 46, 63, 13, 38],
        [16, 38, 37, 47, 44, 59],
        [57, 12, 31,  1,  0, 37],
        [16, 44, 43, 38, 37, 63],
        [16, 28, 12, 21, 32, 51],
        [42, 55, 16, 13, 43, 20],
        [19,  7, 51, 20, 58, 50],
        [17, 28, 31, 16, 54, 58],
        [21, 60, 50, 58, 23,  4],
        [42, 13, 20, 59, 16, 17],
        [ 1, 38,  5, 51, 34,  3],
        [21, 29, 12, 55, 19, 47],
        [32, 25, 51, 60, 30, 20],
        [20,  8, 34, 39, 53, 63],
        [28, 48, 34, 33, 63,  8],
        [27, 32,  0, 37,  3, 13],
        [35, 12, 56,  1, 25, 33],
        [27, 15, 38, 32, 36,  3],
        [ 3, 14,  8, 56,  9, 57],
        [34,  5, 46, 23, 33, 38],
        [50, 55, 16, 21,  2,  8],
        [11, 48, 40, 34,  6,  8],
        [21, 12,  6, 53,  8, 43],
        [ 1, 38,  5, 28, 46, 16],
        [49,  5, 50, 30, 31, 25],
        [ 1, 44, 38, 25, 47, 36],
        [12,  1, 19, 35, 51, 60],
        [31, 41, 39, 57, 13, 25],
        [ 3, 16, 17, 51, 21, 36],
        [50, 57, 25, 11, 61, 33],
        [ 1, 20, 53, 38, 39, 13],
        [47, 45, 15, 41, 12,  3],
        [61, 53, 35, 14, 13,  1],
        [49,  2, 38, 54, 63, 10],
        [ 1, 38, 53, 28,  8, 34],
        [51, 43, 12, 59, 41,  0],
        [16,  2,  4, 21, 12, 20],
        [54, 33,  2, 25, 57,  1],
        [17, 47,  5, 21, 33, 16],
        [28, 17, 11, 26, 27, 21],
        [21, 47, 49, 27, 54, 37],
        [ 3, 25,  2, 57, 33, 63],
        [38, 15,  1, 50, 10, 58],
        [33, 47, 16, 50,  1, 38],
        [28, 63, 34,  8, 46, 48],
        [28, 14, 46, 16,  8, 12],
        [20, 60, 51, 35, 21,  1],
        [47, 11,  5, 38, 50, 49],
        [24, 13, 36, 53, 49, 48],
        [ 3, 12, 33, 30, 63, 48],
        [ 0, 19, 60, 21, 47, 20],
        [19, 16, 25, 39, 17, 11],
        [32, 11, 48, 28,  0, 34],
        [60, 49, 30, 17, 57, 12],
        [52, 32, 22, 13,  7, 34],
        [58, 43, 25, 59,  7, 37],
        [58,  3, 46, 13, 56, 25],
        [28,  8, 40, 20, 63, 13],
        [28, 34, 58,  1, 33, 48],
        [38, 16, 60, 21, 28,  8],
        [50, 18, 28, 57, 11, 25],
        [28,  9, 56, 12,  2, 24],
        [12,  8, 60, 43,  4, 47],
        [28, 12, 35, 14,  4, 53],
        [34, 58, 51, 57, 36, 14],
        [32, 48, 11,  8, 28,  0],
        [28, 40, 38, 44, 16,  3],
        [14, 51, 36, 34, 35, 38],
        [50, 40, 43, 53, 26, 35],
        [34, 61, 33, 25, 16, 28],
        [20, 33,  3, 38, 47, 25],
        [58, 45, 54, 55, 63, 46],
        [ 8, 21, 60, 39, 16, 31],
        [50, 28, 18, 29, 61, 11],
        [42, 15, 48,  8,  9, 26],
        [47, 37, 38,  5, 12,  4],
        [34, 48, 61, 40, 25, 57],
        [60,  4, 21, 49, 17, 63],
        [54, 34, 14,  1, 42, 36],
        [31, 28, 25, 27, 51, 54],
        [28, 57, 45,  4, 63, 53],
        [21, 49, 12, 51, 20, 15],
        [17, 12, 34, 63, 11, 56],
        [13, 51, 29, 16, 35, 17],
        [41, 37, 61, 15,  7,  9],
        [34, 25, 61, 54, 33, 16],
        [31, 21, 19, 27,  2, 60],
        [59, 46, 23, 28, 39, 11],
        [58, 20, 36, 21, 49, 57],
        [ 1, 53,  9, 52, 17, 38],
        [54, 14, 37, 28, 10, 12],
        [50, 37,  2, 38, 51, 12],
        [33,  9, 63, 50, 53, 46],
        [ 3, 16,  8,  4,  9,  5],
        [21,  1,  3, 58, 15, 62],
        [21, 20, 10, 42, 36, 17],
        [61, 55, 58,  3, 25, 29],
        [42, 53, 43, 14, 47,  1],
        [34, 28, 58,  8, 26, 11],
        [37, 16, 47,  3, 12,  6],
        [ 9,  8, 42, 44, 26, 32],
        [43,  5,  3, 16, 53, 42],
        [20, 35, 12, 16, 50, 52],
        [ 4, 55,  8, 42,  5, 15],
        [28, 60, 31, 55, 37, 12],
        [ 4, 38, 48, 14,  8, 43],
        [58,  6, 31, 47, 19,  7],
        [20, 34, 27, 62,  8, 17],
        [47,  8, 48, 14, 45,  0],
        [ 1,  5, 42, 38, 16, 55],
        [20, 38,  5, 29,  1,  6],
        [12, 47,  5, 17, 25, 28],
        [45,  3, 57, 21, 58,  8],
        [38, 61,  4, 20, 40, 27],
        [37, 51, 55, 15,  5, 60],
        [28, 34, 63,  8, 20, 48],
        [ 1, 63, 55, 47,  8, 20],
        [28, 51, 37, 41,  0, 42],
        [41,  9, 34, 32, 54, 45],
        [16, 27, 13, 42, 53, 60],
        [49, 21,  5,  6, 15,  4],
        [38, 47, 60, 40, 20, 16],
        [58, 28, 50, 12,  1, 54],
        [32, 28, 48, 11, 34,  6],
        [55, 17, 14, 32,  5, 37],
        [30, 54, 34,  3, 40,  1],
        [55, 42, 60,  4,  2, 57],
        [60, 34,  2, 31,  8, 37],
        [35, 21, 50, 29, 31, 12],
        [37, 34, 55, 41, 27, 15],
        [ 1, 38,  5, 51, 42, 34],
        [50, 18, 28, 61, 29, 57],
        [50, 58, 12, 40, 38, 14],
        [ 1, 33, 46, 56, 32,  3],
        [11, 51, 20, 26,  0, 17],
        [23, 48, 26, 28, 54, 37],
        [20, 58,  2, 49, 55, 63],
        [25, 40,  2, 37, 54, 31],
        [31,  6, 30, 17, 55, 56],
        [21,  8, 60, 41, 34, 13],
        [34, 48, 46, 25,  8, 41],
        [33, 63, 34, 17,  8, 48],
        [21, 60, 38, 35, 20,  1],
        [ 3, 31,  8, 25, 63, 14],
        [29,  5, 39, 30, 27, 37],
        [42, 44, 15,  5, 43, 54],
        [34, 51, 17, 38, 63, 14],
        [50, 12,  5,  1, 58, 54],
        [58, 14, 34, 57, 51, 53],
        [14, 50, 28, 58, 35, 16],
        [14, 51, 34, 35, 50, 38],
        [54, 41, 15, 34,  0, 27],
        [16,  3, 55, 21, 13, 39],
        [38,  5,  4,  9, 27, 35],
        [ 3, 21, 14,  1, 19, 37],
        [50, 27, 33, 28, 34, 57],
        [41, 33, 31, 34, 55,  5],
        [10, 38, 62, 36, 56, 41],
        [22, 61, 37, 41, 27, 13],
        [28, 55, 61, 16, 14, 49],
        [37, 28, 16, 26,  3,  2],
        [49, 16, 59, 38, 20, 40],
        [ 1, 49, 38, 55,  5,  3],
        [ 0, 31, 37, 46, 50, 17],
        [ 5, 43, 53, 45,  3,  8],
        [ 1, 16,  5, 14, 38, 17],
        [62, 51, 61, 11,  0, 55],
        [27, 37, 26, 14, 51, 15],
        [29, 30,  5, 49, 24, 25],
        [28, 25, 31, 16, 57, 35],
        [34,  1, 15, 53, 42,  9],
        [20, 57,  2, 43,  8, 41],
        [ 3, 58, 34, 38, 14, 62],
        [38, 16, 37, 23, 44, 11],
        [20, 30, 38, 47, 51, 26],
        [26, 20, 39,  5, 54, 62],
        [29, 57, 34,  3, 38, 14],
        [34, 37, 14,  3, 40,  8],
        [60, 25, 55, 13, 45, 61],
        [63, 46, 33, 62, 34, 16],
        [10, 45, 37, 57, 38, 29],
        [10, 14, 33, 35, 12, 60],
        [38,  1, 34, 41, 25, 61],
        [41, 25,  5, 61, 30, 59],
        [58,  3, 56, 46, 13, 32],
        [38, 59, 52,  5, 49,  9],
        [11, 63, 28, 45, 58,  6],
        [29, 32, 35, 23,  8,  7],
        [ 1,  5, 42,  9, 51, 48],
        [21, 50, 13,  0, 16, 11],
        [ 6, 58, 55,  1, 22, 33],
        [21, 47, 43, 55,  3, 25],
        [63,  1, 21, 34, 16, 37],
        [37, 23, 53, 49, 20, 51],
        [40, 28, 11, 59,  3, 18],
        [45, 48, 56, 57, 37, 12],
        [12, 47, 14,  0, 43, 37],
        [25,  7, 30, 45, 59,  2],
        [ 4, 15, 60, 42, 19, 47],
        [ 5, 60, 46, 29, 33, 53],
        [27, 41, 56, 32, 31, 33],
        [27, 38, 32, 26, 15, 41],
        [ 5,  4,  9, 14, 42, 55],
        [ 5,  1, 51, 23, 38, 46],
        [45, 39, 27,  1, 29, 11],
        [ 1, 38, 16, 17, 62, 52],
        [60, 19, 25, 63, 43, 48],
        [ 1, 32, 46, 28, 12, 52],
        [ 1,  5, 38, 55, 23, 33],
        [61, 47, 41, 59, 50,  0],
        [ 1,  9, 34, 50, 13, 48],
        [35, 19, 16, 51, 55, 10],
        [47, 32, 41, 30, 24, 20],
        [33,  4, 43, 47, 13,  5],
        [12, 29, 20, 34, 32,  5],
        [ 6, 16, 31, 47, 25, 11],
        [ 4, 34, 14,  8, 31, 46],
        [21,  6, 16, 38, 33,  4],
        [ 3, 21, 14, 19,  1, 37],
        [29,  4, 38, 41,  5, 36],
        [48, 47,  8, 14, 45, 63],
        [19, 16, 20, 63, 52, 31],
        [ 1, 19, 53, 38, 48, 17],
        [50, 12, 54, 58, 28,  6],
        [47, 17, 30, 45,  8, 14],
        [ 5, 47, 49, 42, 13, 48],
        [23, 49, 38, 44,  5, 21],
        [25, 29,  4, 21, 32,  0],
        [ 1, 63, 55, 47, 20, 57],
        [17, 11, 55, 20, 21, 30],
        [47, 55,  0, 60, 56, 25],
        [ 1,  5, 38, 28, 23, 16],
        [34, 58, 14, 49, 35,  3],
        [49, 21, 31, 23, 61, 22],
        [20, 17, 51, 58, 41,  1],
        [ 1, 52, 51, 16, 53,  8],
        [ 8, 38, 30,  0, 21, 56],
        [28, 48, 39, 36, 16, 53],
        [11, 20, 34, 63, 39,  8],
        [28, 32, 54,  5, 50, 10],
        [ 1,  5, 38, 42, 33, 16],
        [ 5, 43, 27, 25, 16, 45],
        [38, 60, 51, 17, 41, 21],
        [20, 47, 25, 30,  5,  4],
        [34,  5, 62, 43, 29, 50],
        [55, 34, 46,  3,  9, 22],
        [20,  8, 34, 58, 41, 63],
        [54, 33, 15, 34, 46, 40],
        [42, 47, 14, 34, 41, 33],
        [16,  6, 34, 17, 12, 49],
        [ 1, 53, 39, 52, 38,  8],
        [ 2,  1, 23, 51, 21, 30],
        [44, 38, 13,  1, 16, 21],
        [22, 13, 52, 17, 25, 49],
        [ 2, 21, 19, 16, 31, 52],
        [31, 28, 54, 25, 11, 16],
        [ 4,  8, 12, 43, 21, 58],
        [28, 12,  7, 51, 36,  2],
        [42, 15, 48,  9,  8, 43],
        [ 1,  5, 51, 38, 34,  9],
        [31, 28, 51, 11,  5, 16],
        [21,  2, 22, 50, 12, 51],
        [19,  1, 38,  5, 34, 55],
        [51, 37, 58, 17, 11, 39],
        [ 4, 28, 47, 38,  5, 55],
        [38, 59, 49,  5, 52,  1],
        [17, 12, 63, 48, 11, 21],
        [ 5, 38, 42, 55, 30, 47],
        [36, 27, 31, 48, 34, 63],
        [38, 15, 10, 50, 11, 52],
        [63, 17, 41, 57, 19, 38],
        [16, 45, 33, 14, 49, 48],
        [38,  4, 33, 48, 57, 21],
        [ 2, 35,  3, 21, 45, 59],
        [ 1,  5, 51, 25, 43,  3],
        [60, 38, 47, 16, 52, 62],
        [55, 34,  9,  3, 14, 13],
        [35, 28, 10, 48, 60, 56],
        [34, 20,  3, 13,  8, 63],
        [34, 51, 14, 60,  4, 54],
        [23, 19,  0, 15, 39, 40],
        [12, 13, 21, 46, 24,  3],
        [51, 21,  4, 13, 41, 12],
        [ 1,  9, 52, 34, 51, 63],
        [13, 14,  4, 52, 41, 37],
        [60, 57, 20, 38,  1, 51],
        [32, 28, 11, 34,  6, 48],
        [15, 51, 54,  0, 61, 41],
        [38, 58, 25, 61,  1, 34],
        [50,  3, 51, 15, 20, 16],
        [20, 49, 36, 16, 50,  5],
        [28, 12, 47, 50, 46, 38],
        [47, 27, 21, 51, 28, 35],
        [62, 39, 40, 10, 34, 58],
        [50, 18, 28, 29, 11, 47],
        [27, 33, 29, 32,  5, 41],
        [60, 55,  4, 47, 21, 25],
        [58, 46,  3, 13, 25, 56],
        [38, 51,  3,  1, 34, 49],
        [36, 40, 35,  7, 57, 62],
        [47, 32, 30, 41, 24, 58],
        [38, 10, 29,  5,  1, 57],
        [22, 63, 28, 32, 17, 61],
        [61, 41, 27, 30,  5, 47],
        [ 1, 52, 49, 53, 55, 45],
        [40, 31, 45, 53, 20, 59],
        [52, 25, 34, 39, 32, 22],
        [21, 17, 56, 60, 58, 13],
        [ 8, 57, 20, 55, 45, 19],
        [ 5,  1, 38, 34, 55, 51],
        [20, 30, 38, 10, 51, 26],
        [21, 29, 61, 12,  6, 41],
        [41, 58, 13, 50, 30, 61],
        [25, 54, 15, 37, 53,  1],
        [21, 35, 50, 51, 20,  4],
        [23,  0, 19, 46, 36,  9],
        [44, 58, 12, 38, 42, 50],
        [42, 45, 27, 40, 54, 62],
        [38,  1, 17, 20, 42,  5],
        [60, 29, 26, 32, 52, 11],
        [ 2, 31, 13, 50, 12, 56],
        [45, 20, 59, 61,  5, 53],
        [37, 51, 23,  5,  0, 25],
        [38, 34, 25, 35,  1, 51],
        [34, 48, 46, 25, 41,  8],
        [44, 42, 19, 17,  9, 51],
        [33, 39, 20, 16, 10, 55],
        [29, 44, 16, 40, 25,  6],
        [45, 28, 16, 63, 11, 40],
        [21,  6, 16, 38,  4, 33],
        [28, 20, 16, 38, 12,  7],
        [ 6, 52, 22, 58, 33, 36],
        [14, 58, 42, 34, 44, 51],
        [13, 48, 16,  8,  2,  7],
        [38, 29, 17, 21, 41, 51],
        [21, 17, 30, 18, 46, 11],
        [50, 12, 48, 21, 38, 43],
        [20, 28, 26, 29, 12, 35],
        [47, 25, 53, 33, 38,  4],
        [52, 48, 63, 40, 57, 22],
        [41, 33, 31, 10, 34, 63],
        [14, 34, 51, 38, 63, 57],
        [27, 15,  1,  9, 24, 50],
        [61, 58, 23,  1, 52, 13],
        [35,  4, 12, 60, 34, 37]])
