============================================================
METADATA (3Rd token of each sequence)
============================================================
Model: flame-moe-290m
Run ID: 31066
Epoch: 5473
Layer: 3
Token Position: 2 (3rd)
Shards processed: 0-0.pt, 0-1.pt
Total sequences: 64
Sequence length: 512
============================================================

----------------samples-----------------
torch.Size([64])
tensor([  342,  1175, 23437,   651,   984,   626,   187, 19626,    15,   309,
        50276,   187, 30972,  5268,  1539,  1918, 12917,  4477,    32,  1294,
          247,    13,  1379, 11752,    35,  1916, 10756, 13742,  1669,  1774,
         1669,   643,   327,   320,   380,   255, 10571,   457,   368,   273,
          187,   310,   187,   253, 19887,   368,  3277,   323, 22165,   320,
         1735,  1780,   326,  1060,   369,  1973,   594,   566,   984,  8264,
        22078,  5323,   273,  1978])

-----------------scores-----------------
torch.Size([64, 6])
tensor([[0.1272, 0.0657, 0.0567, 0.0565, 0.0538, 0.0482],
        [0.0817, 0.0640, 0.0612, 0.0460, 0.0368, 0.0258],
        [0.1447, 0.0944, 0.0646, 0.0553, 0.0364, 0.0323],
        [0.0306, 0.0295, 0.0284, 0.0272, 0.0260, 0.0232],
        [0.1277, 0.0499, 0.0460, 0.0430, 0.0323, 0.0307],
        [0.0393, 0.0266, 0.0264, 0.0249, 0.0248, 0.0242],
        [0.0963, 0.0490, 0.0403, 0.0399, 0.0384, 0.0379],
        [0.0320, 0.0313, 0.0306, 0.0285, 0.0262, 0.0260],
        [0.1196, 0.0569, 0.0521, 0.0495, 0.0415, 0.0405],
        [0.0589, 0.0506, 0.0451, 0.0364, 0.0364, 0.0338],
        [0.1354, 0.1341, 0.1020, 0.0699, 0.0636, 0.0296],
        [0.1845, 0.1410, 0.0718, 0.0581, 0.0467, 0.0437],
        [0.1148, 0.0552, 0.0548, 0.0496, 0.0362, 0.0347],
        [0.0504, 0.0284, 0.0274, 0.0260, 0.0259, 0.0258],
        [0.1195, 0.1071, 0.1063, 0.0597, 0.0376, 0.0300],
        [0.1092, 0.0628, 0.0521, 0.0474, 0.0402, 0.0360],
        [0.1158, 0.0952, 0.0665, 0.0479, 0.0476, 0.0437],
        [0.0701, 0.0398, 0.0394, 0.0330, 0.0317, 0.0291],
        [0.0819, 0.0421, 0.0409, 0.0313, 0.0306, 0.0266],
        [0.1006, 0.0277, 0.0264, 0.0263, 0.0262, 0.0254],
        [0.1285, 0.0587, 0.0518, 0.0441, 0.0409, 0.0342],
        [0.1037, 0.0302, 0.0295, 0.0294, 0.0259, 0.0253],
        [0.0774, 0.0438, 0.0415, 0.0313, 0.0300, 0.0241],
        [0.0454, 0.0452, 0.0430, 0.0294, 0.0276, 0.0275],
        [0.3698, 0.1140, 0.0437, 0.0369, 0.0361, 0.0254],
        [0.1620, 0.0466, 0.0456, 0.0449, 0.0430, 0.0332],
        [0.1656, 0.0679, 0.0500, 0.0352, 0.0350, 0.0261],
        [0.0920, 0.0576, 0.0450, 0.0447, 0.0446, 0.0367],
        [0.1291, 0.0639, 0.0520, 0.0430, 0.0423, 0.0355],
        [0.0358, 0.0354, 0.0323, 0.0316, 0.0292, 0.0274],
        [0.1529, 0.1084, 0.0448, 0.0358, 0.0328, 0.0293],
        [0.0611, 0.0279, 0.0240, 0.0238, 0.0231, 0.0220],
        [0.1983, 0.0866, 0.0593, 0.0587, 0.0399, 0.0369],
        [0.0583, 0.0423, 0.0260, 0.0250, 0.0243, 0.0239],
        [0.0371, 0.0346, 0.0335, 0.0262, 0.0253, 0.0238],
        [0.0403, 0.0336, 0.0314, 0.0303, 0.0300, 0.0293],
        [0.1612, 0.0921, 0.0746, 0.0485, 0.0426, 0.0317],
        [0.0528, 0.0505, 0.0399, 0.0313, 0.0311, 0.0308],
        [0.0523, 0.0434, 0.0368, 0.0303, 0.0302, 0.0277],
        [0.0283, 0.0269, 0.0263, 0.0260, 0.0252, 0.0247],
        [0.0448, 0.0339, 0.0314, 0.0303, 0.0281, 0.0277],
        [0.2862, 0.0930, 0.0530, 0.0469, 0.0439, 0.0299],
        [0.0479, 0.0446, 0.0337, 0.0276, 0.0276, 0.0251],
        [0.0958, 0.0603, 0.0484, 0.0419, 0.0416, 0.0371],
        [0.2448, 0.0695, 0.0585, 0.0445, 0.0410, 0.0375],
        [0.0923, 0.0812, 0.0747, 0.0498, 0.0477, 0.0369],
        [0.0447, 0.0416, 0.0341, 0.0282, 0.0280, 0.0278],
        [0.0330, 0.0241, 0.0238, 0.0236, 0.0232, 0.0222],
        [0.1383, 0.1039, 0.0597, 0.0330, 0.0299, 0.0278],
        [0.0586, 0.0500, 0.0391, 0.0387, 0.0302, 0.0275],
        [0.1453, 0.1113, 0.0646, 0.0432, 0.0328, 0.0263],
        [0.0681, 0.0461, 0.0430, 0.0385, 0.0362, 0.0282],
        [0.1491, 0.1083, 0.0495, 0.0336, 0.0302, 0.0298],
        [0.0396, 0.0387, 0.0329, 0.0314, 0.0285, 0.0282],
        [0.0883, 0.0469, 0.0259, 0.0249, 0.0233, 0.0230],
        [0.3181, 0.0419, 0.0370, 0.0235, 0.0233, 0.0231],
        [0.0894, 0.0664, 0.0522, 0.0503, 0.0424, 0.0404],
        [0.2002, 0.0887, 0.0612, 0.0381, 0.0347, 0.0313],
        [0.0390, 0.0362, 0.0333, 0.0320, 0.0270, 0.0241],
        [0.0422, 0.0354, 0.0342, 0.0251, 0.0249, 0.0232],
        [0.0383, 0.0351, 0.0307, 0.0269, 0.0266, 0.0254],
        [0.0524, 0.0459, 0.0355, 0.0247, 0.0239, 0.0216],
        [0.0672, 0.0381, 0.0305, 0.0296, 0.0261, 0.0258],
        [0.0741, 0.0317, 0.0292, 0.0271, 0.0255, 0.0250]])

----------------indices-----------------
torch.Size([64, 6])
tensor([[ 1, 38, 50, 34, 20, 35],
        [56,  2, 39, 55, 46, 30],
        [32, 11,  4, 35, 34, 45],
        [60, 10, 39, 55, 12, 57],
        [34, 33, 37, 17, 31, 28],
        [50, 27, 31, 33, 16, 14],
        [41, 42, 16, 20, 31, 48],
        [60, 55, 41, 57, 44, 12],
        [20, 17, 41, 29, 28,  9],
        [56,  2, 39,  1, 49, 13],
        [40, 37,  4, 11, 32, 35],
        [41, 50,  9, 25, 31,  7],
        [25, 27, 38,  9, 61, 18],
        [55, 24, 39, 48,  6, 58],
        [46, 63, 48, 42, 31, 54],
        [27, 18,  0, 49,  9, 38],
        [44, 42,  8, 17, 49, 54],
        [14, 53,  5, 38, 16,  0],
        [14,  5, 53, 38,  0, 52],
        [55, 47, 57, 15, 19, 39],
        [27,  0, 52, 50,  9, 49],
        [55, 44, 12, 43, 30, 59],
        [14, 53,  5, 38,  0, 16],
        [38, 12, 48,  3, 33, 36],
        [44, 54, 30, 34, 40,  6],
        [62, 14, 19, 45, 12, 38],
        [12,  9, 38, 61, 16, 52],
        [ 0, 38, 49, 18,  8, 33],
        [ 9,  7, 38, 44,  0, 42],
        [ 5, 25, 15, 54, 43, 52],
        [28, 31, 20, 47, 48, 50],
        [53, 33, 25,  0, 43, 44],
        [34, 50, 35,  1, 28,  4],
        [55, 39, 56, 51, 57, 12],
        [55, 53, 23,  3, 24, 43],
        [ 2, 11, 36, 13, 37, 45],
        [56, 50, 63, 28, 20, 48],
        [58, 60, 49, 54, 17, 23],
        [46, 43,  6, 55,  8, 23],
        [57, 18, 44,  6, 43, 50],
        [30, 49, 56, 26, 12, 24],
        [42, 46,  7, 22, 41, 37],
        [16, 55, 15, 51, 43, 12],
        [41, 54,  7, 12, 48, 31],
        [20,  7, 63,  9, 22,  1],
        [ 4, 35, 28, 40, 59, 58],
        [60, 12, 57, 49, 38, 36],
        [60, 23, 36,  6, 57, 19],
        [35, 28, 34, 50, 56, 11],
        [21, 23, 36, 45, 57, 50],
        [54,  9,  7, 22, 18, 38],
        [23, 41, 15, 16, 59, 50],
        [19, 37, 21, 36, 51, 11],
        [55, 39, 15, 30, 57, 52],
        [31, 39, 12, 56, 51, 48],
        [41, 42, 38, 58,  7, 31],
        [ 4, 31, 11, 40, 63, 28],
        [41, 28, 50, 22, 31, 59],
        [17, 26, 63, 45, 57, 25],
        [21, 19,  5, 13, 24, 44],
        [10, 61, 33, 45, 23, 19],
        [55, 12, 39, 60, 10, 63],
        [35, 34, 19, 10, 21, 53],
        [31, 11, 53,  0,  5, 25]])
