PIM Expert Operations - Total Cycles
Decoder-BS64/6th/pim/4
Note: 2 activation movements (fc1 and fc2)
BS16 - Activation divider: 128

--- Activation Movements ---
layer0.ffn.activation_movement_2: 1118 cycles
layer0.ffn.activation_movement_1: 1124 cycles
Total activation movement cycles: 2242
----------------------------

================================================================================
 Expert Number  fc1  gelu  fc2  total compute
             1 2865    29 2851           5745
             2 2866    43 2865           5774
             3 2866    30 2851           5747
             4 2866    44 2866           5776
             5 2880    42 2854           5776
             6 2865    43 2866           5774
             7 3026    29 2851           5906
             8 2865    42 2854           5761
             9 3031    28 2851           5910
            11 2865    43 2865           5773
            14 3071    28 2851           5950
            15 2865    42 2865           5772
            16 3047    12 2851           5910
            17 2865    45 2865           5775
            18 3057    30 2851           5938
            20 2865    42 2866           5773
            21 3044    28 2851           5923
            22 2865    42 2854           5761
            24 3056    28 2850           5934
            25 2865    44 2865           5774
            26 3015    28 2851           5894
            27 2835    42 2854           5731
            28 3108    28 2851           5987
            30 2835    42 2854           5731
            32 3090    28 2851           5969
            34 2835    44 2865           5744
            35 3052    29 2851           5932
            37 2865    42 2854           5761
            38 3076    29 2851           5956
            39 2865    45 2865           5775
            40 3044    30 2851           5925
            42 2865    43 2865           5773
            43 3042    29 2851           5922
            44 2865    44 2865           5774
            45 3040    43 2851           5934
            46 2865    43 2865           5773
            47 3025    42 2865           5932
            48 2865    42 2865           5772
            51 3016    29 2851           5896
            52 2865    44 2865           5774
            53 3042    28 2851           5921
            54 2865    42 2865           5772
            55 3049    29 2851           5929
            56 2835    45 2865           5745
            57 3073    29 2836           5938
            58 2865    43 2854           5762
            59 3071    30 2852           5953
            60 2865    42 2854           5761
            61 3054    29 2851           5934
            63 2865    44 2865           5774