============================================================
METADATA (8Th token of each sequence)
============================================================
Model: flame-moe-290m
Run ID: 31066
Epoch: 5473
Layer: 16
Token Position: 7 (8th)
Shards processed: 0-0.pt, 0-1.pt
Total sequences: 64
Sequence length: 512
============================================================

----------------samples-----------------
torch.Size([64])
tensor([ 7826,     3,    13,  1445,   347,   533, 35954,   310,   253,   275,
           70,   249,   310,   342,   452,   187,    15,  4633,  3513, 44853,
          347,  1897,   253,  1249,    84,  1908,   521,  5810,  7108,   368,
          273,   187,   395,    40,   326,  2455,   253,  1052,  9894,  7479,
          476,  4668,     6,   352,   715,   261,  6995,  1495,   390,   310,
        43728,   475,   250,    13,   309,   533,   569, 33804,   253,  4957,
         5402,    13,   288,  1361])

-----------------scores-----------------
torch.Size([64, 6])
tensor([[0.0858, 0.0456, 0.0379, 0.0342, 0.0317, 0.0307],
        [0.1943, 0.0813, 0.0805, 0.0399, 0.0393, 0.0377],
        [0.2616, 0.1253, 0.0537, 0.0385, 0.0266, 0.0264],
        [0.2931, 0.0896, 0.0766, 0.0689, 0.0652, 0.0482],
        [0.1615, 0.0555, 0.0545, 0.0531, 0.0500, 0.0427],
        [0.1289, 0.0886, 0.0526, 0.0516, 0.0513, 0.0443],
        [0.1034, 0.0866, 0.0850, 0.0651, 0.0581, 0.0576],
        [0.1680, 0.1254, 0.0901, 0.0882, 0.0868, 0.0600],
        [0.1521, 0.1158, 0.0582, 0.0484, 0.0419, 0.0383],
        [0.1493, 0.0840, 0.0759, 0.0689, 0.0377, 0.0372],
        [0.2386, 0.1036, 0.0935, 0.0764, 0.0719, 0.0527],
        [0.1481, 0.0789, 0.0756, 0.0608, 0.0515, 0.0461],
        [0.1172, 0.0815, 0.0578, 0.0505, 0.0485, 0.0335],
        [0.1135, 0.0898, 0.0872, 0.0780, 0.0660, 0.0657],
        [0.1278, 0.1059, 0.0709, 0.0542, 0.0541, 0.0334],
        [0.1377, 0.1059, 0.0891, 0.0877, 0.0832, 0.0793],
        [0.1185, 0.0959, 0.0800, 0.0717, 0.0655, 0.0622],
        [0.1255, 0.1209, 0.0719, 0.0461, 0.0392, 0.0390],
        [0.1058, 0.1018, 0.0719, 0.0666, 0.0552, 0.0550],
        [0.1376, 0.1368, 0.1312, 0.1195, 0.0539, 0.0536],
        [0.1790, 0.1212, 0.1186, 0.0925, 0.0805, 0.0203],
        [0.1875, 0.1815, 0.1244, 0.0518, 0.0477, 0.0345],
        [0.1829, 0.1376, 0.0606, 0.0434, 0.0362, 0.0288],
        [0.2158, 0.1518, 0.1330, 0.0975, 0.0444, 0.0385],
        [0.1949, 0.0805, 0.0768, 0.0586, 0.0452, 0.0362],
        [0.1028, 0.0948, 0.0856, 0.0819, 0.0624, 0.0387],
        [0.1506, 0.1238, 0.1008, 0.0924, 0.0861, 0.0691],
        [0.1717, 0.1456, 0.1058, 0.0617, 0.0481, 0.0461],
        [0.2364, 0.1509, 0.0917, 0.0725, 0.0592, 0.0245],
        [0.1146, 0.1089, 0.0839, 0.0779, 0.0567, 0.0539],
        [0.1813, 0.0989, 0.0677, 0.0646, 0.0602, 0.0363],
        [0.2060, 0.0976, 0.0618, 0.0438, 0.0321, 0.0289],
        [0.3577, 0.0882, 0.0845, 0.0583, 0.0358, 0.0306],
        [0.1948, 0.1546, 0.0651, 0.0454, 0.0386, 0.0327],
        [0.1623, 0.0980, 0.0848, 0.0558, 0.0372, 0.0363],
        [0.0958, 0.0930, 0.0895, 0.0884, 0.0483, 0.0419],
        [0.2260, 0.0855, 0.0616, 0.0522, 0.0404, 0.0293],
        [0.2443, 0.1275, 0.0392, 0.0339, 0.0294, 0.0292],
        [0.2015, 0.0676, 0.0571, 0.0486, 0.0371, 0.0359],
        [0.3685, 0.0813, 0.0580, 0.0428, 0.0411, 0.0377],
        [0.1596, 0.1486, 0.1096, 0.0517, 0.0357, 0.0316],
        [0.2400, 0.1373, 0.0869, 0.0822, 0.0624, 0.0388],
        [0.1739, 0.1304, 0.0842, 0.0753, 0.0606, 0.0558],
        [0.1702, 0.1570, 0.0621, 0.0610, 0.0515, 0.0392],
        [0.3026, 0.0945, 0.0879, 0.0677, 0.0585, 0.0511],
        [0.0752, 0.0706, 0.0700, 0.0516, 0.0486, 0.0392],
        [0.1734, 0.1357, 0.0962, 0.0590, 0.0466, 0.0378],
        [0.0808, 0.0790, 0.0652, 0.0632, 0.0471, 0.0445],
        [0.1705, 0.1383, 0.0868, 0.0640, 0.0634, 0.0506],
        [0.1569, 0.1155, 0.0998, 0.0845, 0.0702, 0.0645],
        [0.0994, 0.0967, 0.0834, 0.0773, 0.0521, 0.0464],
        [0.1377, 0.1169, 0.1164, 0.0531, 0.0485, 0.0351],
        [0.1819, 0.1201, 0.0426, 0.0396, 0.0387, 0.0385],
        [0.1634, 0.0970, 0.0740, 0.0704, 0.0638, 0.0576],
        [0.2276, 0.1631, 0.0881, 0.0735, 0.0727, 0.0436],
        [0.2024, 0.1418, 0.0588, 0.0404, 0.0311, 0.0284],
        [0.1045, 0.0968, 0.0786, 0.0769, 0.0664, 0.0500],
        [0.1695, 0.0986, 0.0979, 0.0801, 0.0465, 0.0306],
        [0.2818, 0.0976, 0.0423, 0.0307, 0.0264, 0.0214],
        [0.1670, 0.0964, 0.0936, 0.0719, 0.0649, 0.0517],
        [0.1329, 0.1038, 0.1027, 0.0943, 0.0492, 0.0432],
        [0.1734, 0.1265, 0.0947, 0.0597, 0.0375, 0.0357],
        [0.2233, 0.1004, 0.0729, 0.0628, 0.0504, 0.0488],
        [0.1002, 0.0895, 0.0831, 0.0791, 0.0558, 0.0525]])

----------------indices-----------------
torch.Size([64, 6])
tensor([[ 1, 29, 47, 31, 37, 57],
        [31, 10, 20, 26, 44, 47],
        [37, 40, 16, 51, 29, 55],
        [18, 62, 46, 22,  4, 40],
        [ 1, 24, 50, 32, 39, 45],
        [41, 57,  7, 50, 21, 46],
        [28, 24, 51, 29, 45, 50],
        [62, 22, 16,  8, 18, 15],
        [ 7, 10, 31, 57, 46, 26],
        [17, 41, 20, 26, 50, 38],
        [22, 45, 30, 18, 15, 62],
        [ 1, 57,  0, 28, 59, 47],
        [11, 53, 17, 50, 45, 35],
        [33, 60, 34, 44, 16, 57],
        [38, 57, 41, 10,  3, 31],
        [35, 57, 21, 47,  3, 20],
        [ 3,  7, 39, 25, 23, 18],
        [55, 58, 49,  3, 13, 48],
        [20, 33, 57, 38,  5,  3],
        [57, 63, 35, 38, 33, 25],
        [31, 44, 20,  3, 10, 50],
        [28, 13, 58, 49,  3, 63],
        [33, 56, 57, 38,  2, 30],
        [ 6, 54, 47, 59, 21, 23],
        [36, 24, 45,  1, 50, 26],
        [63, 13, 58,  9,  3, 45],
        [16, 62, 15,  8, 46, 22],
        [62, 22, 50, 32, 12, 36],
        [51, 37, 52, 29, 49, 13],
        [22, 32, 50, 12,  1, 62],
        [27, 17,  9, 56, 63,  5],
        [51, 56, 47, 53,  9, 39],
        [62, 22, 15, 46, 36, 50],
        [17, 40, 11,  7, 39, 27],
        [29, 28, 59, 15, 46,  2],
        [32, 12, 22, 15, 62,  1],
        [27, 44, 13, 17,  9, 45],
        [27, 17, 44, 59, 56,  6],
        [38, 20, 41, 33, 35, 10],
        [43,  0, 61, 12, 19,  8],
        [20, 31, 10, 26, 41,  2],
        [62, 22, 16, 15, 12,  8],
        [13, 58, 49, 55,  9, 63],
        [62, 22, 50, 18, 12, 45],
        [35, 25, 23, 54,  7, 14],
        [14, 20, 44, 12, 41,  5],
        [61, 43, 12, 19,  5, 16],
        [38, 44, 10, 53, 45, 33],
        [ 1,  2, 20,  0, 38, 31],
        [62, 16, 15, 22, 12,  8],
        [10, 31, 26, 20,  7, 41],
        [13, 58, 63, 55, 52,  9],
        [33,  6, 47, 11, 57, 27],
        [54, 23,  7, 11, 48, 17],
        [37, 49, 51, 58, 13,  0],
        [10, 31, 20,  2, 52, 26],
        [23, 59, 49, 21, 47,  6],
        [48, 58, 54, 23, 28, 21],
        [25, 50, 18, 26, 30, 19],
        [13,  9, 52, 58, 28, 47],
        [ 1, 24, 32, 50, 25, 42],
        [11, 34, 30, 18, 60, 14],
        [34, 53,  8, 61, 19,  5],
        [34,  8, 14, 11,  9, 27]])
