PIM Expert Operations - Total Cycles
Decoder-BS64/9th/pim/8
Note: 2 activation movements (fc1 and fc2)
BS16 - Activation divider: 128

--- Activation Movements ---
layer0.ffn.activation_movement_2: 1118 cycles
layer0.ffn.activation_movement_1: 1124 cycles
Total activation movement cycles: 2242
----------------------------

================================================================================
 Expert Number  fc1  gelu  fc2  total compute
             0 2865    28 2851           5744
             1 2865    42 2854           5761
             3 2865    30 2851           5746
             5 2865    42 2866           5773
             6 2875    30 2851           5756
             7 2865    42 2865           5772
             9 3066    31 2851           5948
            10 2865    42 2865           5772
            12 3041    28 2836           5905
            13 2865    43 2865           5773
            14 3040    28 2851           5919
            15 2865    42 2865           5772
            16 3070    28 2851           5949
            17 2865    13 2854           5732
            18 3084    28 2835           5947
            19 2865    42 2836           5743
            20 3092    30 2851           5973
            21 2865    43 2854           5762
            22 3053    43 2865           5961
            23 2865    44 2866           5775
            24 3007    29 2836           5872
            26 2865    42 2865           5772
            27 3058    31 2851           5940
            29 2865    44 2865           5774
            30 3040    29 2851           5920
            31 2865    42 2854           5761
            32 3061    28 2851           5940
            33 5662   354 5681          11697
            35 2865    43 2866           5774
            36 3039    29 2854           5922
            37 2865    42 2865           5772
            38 3041    29 2851           5921
            39 2865    42 2854           5761
            40 3060    28 2851           5939
            41 2865    43 2854           5762
            42 3053    28 2851           5932
            43 2865    42 2854           5761
            44 5875    46 5682          11603
            46 3173    28 2851           6052
            47 2865    43 2865           5773
            48 3019    29 2836           5884
            50 2865    43 2854           5762
            51 3073    29 2851           5953
            53 2865    42 2865           5772
            54 3045    28 2836           5909
            55 2865    42 2865           5772
            56 3061    30 2851           5942
            57 2842    42 2854           5738
            58 3075    29 2851           5955
            59 2865    43 2865           5773
            61 3045    28 2851           5924
            62 2846    43 2854           5743
            63 3068    42 2865           5975