PIM Expert Operations - Total Cycles
Decoder-BS64/8th/pim/6
Note: 2 activation movements (fc1 and fc2)
BS16 - Activation divider: 128

--- Activation Movements ---
layer0.ffn.activation_movement_2: 1118 cycles
layer0.ffn.activation_movement_1: 1124 cycles
Total activation movement cycles: 2242
----------------------------

================================================================================
 Expert Number  fc1  gelu  fc2  total compute
             0 2865    28 2851           5744
             1 2865    43 2865           5773
             2 2865    28 2851           5744
             3 2865    42 2865           5772
             5 2889    29 2836           5754
             6 2866    43 2865           5774
             7 3034    28 2851           5913
             9 2865    42 2854           5761
            10 3084    28 2851           5963
            12 2865    45 2866           5776
            13 3039    29 2851           5919
            14 2865    43 2854           5762
            15 3056    28 2851           5935
            16 2865    42 2854           5761
            17 3056    30 2852           5938
            19 2865    42 2854           5761
            20 3031    28 2851           5910
            22 5652    47 5956          11655
            23 2865    43 2866           5774
            24 3108    28 2851           5987
            26 2865    42 2866           5773
            27 3042    28 2851           5921
            28 2865    42 2854           5761
            31 3059    28 2835           5922
            33 2865    45 2865           5775
            34 3058    29 2836           5923
            35 2865    42 2865           5772
            36 3060    43 2851           5954
            37 2865    42 2854           5761
            38 3034    30 2851           5915
            40 2865    42 2865           5772
            41 5863    46 5681          11590
            42 3183    31 2851           6065
            44 5682   268 5681          11631
            45 2865    43 2854           5762
            46 3086    28 2851           5965
            47 2865    44 2865           5774
            49 3049    29 2851           5929
            50 2865    44 2865           5774
            52 3042    28 2851           5921
            57 2865    43 2865           5773
            58 5859    46 5681          11586
            59 3173    29 2836           6038
            60 2865    44 2865           5774
            61 3035    29 2851           5915
            62 2865    42 2865           5772