============================================================
METADATA (7Th token of each sequence)
============================================================
Model: flame-moe-290m
Run ID: 31066
Epoch: 5473
Layer: 19
Token Position: 6 (7th)
Shards processed: 0-0.pt, 0-1.pt
Total sequences: 64
Sequence length: 512
============================================================

----------------samples-----------------
torch.Size([64])
tensor([  476, 23521,  2057,  1682,   637,  3426,   310,  7371,    13,  1060,
          676, 25373,   831,  7496, 16596, 11284,  3908,  2489,   253,   510,
           13,   767,   275,   253,   457,  1335,   533,   253,  4680,   588,
          990,    15,   346,   346,    13,  1849,   533,  1211,  3076,  2223,
         6409,   253,  8688,   533, 14918,  3496, 48216,  6782,    13,   534,
         1780,   932,   457,  3430,    15,  2105,   300,    84,  4887, 18997,
         5687, 25828,   253,   285])

-----------------scores-----------------
torch.Size([64, 6])
tensor([[0.3141, 0.0491, 0.0267, 0.0227, 0.0226, 0.0219],
        [0.0543, 0.0533, 0.0494, 0.0448, 0.0385, 0.0302],
        [0.0487, 0.0314, 0.0302, 0.0294, 0.0268, 0.0246],
        [0.0706, 0.0696, 0.0554, 0.0511, 0.0442, 0.0370],
        [0.2355, 0.1739, 0.0462, 0.0433, 0.0335, 0.0269],
        [0.0825, 0.0723, 0.0389, 0.0384, 0.0352, 0.0272],
        [0.0697, 0.0600, 0.0430, 0.0399, 0.0350, 0.0346],
        [0.0809, 0.0412, 0.0404, 0.0398, 0.0379, 0.0363],
        [0.0852, 0.0828, 0.0443, 0.0404, 0.0366, 0.0361],
        [0.1146, 0.1066, 0.0650, 0.0395, 0.0328, 0.0247],
        [0.0443, 0.0440, 0.0405, 0.0292, 0.0243, 0.0241],
        [0.0625, 0.0547, 0.0490, 0.0275, 0.0252, 0.0239],
        [0.0625, 0.0302, 0.0297, 0.0281, 0.0275, 0.0274],
        [0.0471, 0.0334, 0.0312, 0.0304, 0.0277, 0.0236],
        [0.1448, 0.0908, 0.0423, 0.0377, 0.0363, 0.0319],
        [0.3163, 0.0488, 0.0335, 0.0317, 0.0262, 0.0233],
        [0.0412, 0.0366, 0.0343, 0.0317, 0.0313, 0.0310],
        [0.1555, 0.0778, 0.0624, 0.0556, 0.0302, 0.0295],
        [0.0275, 0.0273, 0.0260, 0.0257, 0.0251, 0.0244],
        [0.3136, 0.0771, 0.0733, 0.0534, 0.0289, 0.0265],
        [0.1200, 0.1034, 0.0672, 0.0638, 0.0407, 0.0317],
        [0.1442, 0.0616, 0.0462, 0.0381, 0.0371, 0.0351],
        [0.2287, 0.0996, 0.0389, 0.0378, 0.0341, 0.0301],
        [0.0579, 0.0518, 0.0429, 0.0397, 0.0397, 0.0294],
        [0.0985, 0.0850, 0.0759, 0.0483, 0.0386, 0.0293],
        [0.0566, 0.0362, 0.0315, 0.0282, 0.0268, 0.0256],
        [0.0950, 0.0797, 0.0474, 0.0419, 0.0374, 0.0351],
        [0.0328, 0.0280, 0.0254, 0.0250, 0.0246, 0.0243],
        [0.1520, 0.1007, 0.0838, 0.0563, 0.0415, 0.0290],
        [0.0433, 0.0359, 0.0353, 0.0274, 0.0270, 0.0259],
        [0.1471, 0.1404, 0.0705, 0.0526, 0.0284, 0.0269],
        [0.0996, 0.0982, 0.0618, 0.0579, 0.0421, 0.0417],
        [0.2516, 0.0663, 0.0320, 0.0296, 0.0285, 0.0237],
        [0.0584, 0.0327, 0.0327, 0.0307, 0.0296, 0.0277],
        [0.0267, 0.0266, 0.0249, 0.0245, 0.0240, 0.0239],
        [0.1923, 0.0567, 0.0510, 0.0509, 0.0466, 0.0455],
        [0.0474, 0.0398, 0.0378, 0.0364, 0.0345, 0.0322],
        [0.1033, 0.0912, 0.0772, 0.0755, 0.0609, 0.0482],
        [0.0464, 0.0332, 0.0313, 0.0284, 0.0254, 0.0231],
        [0.0578, 0.0304, 0.0296, 0.0294, 0.0265, 0.0246],
        [0.1068, 0.0889, 0.0561, 0.0397, 0.0391, 0.0360],
        [0.0804, 0.0689, 0.0678, 0.0661, 0.0605, 0.0563],
        [0.1170, 0.1105, 0.0561, 0.0445, 0.0304, 0.0241],
        [0.0414, 0.0338, 0.0314, 0.0310, 0.0283, 0.0279],
        [0.0759, 0.0441, 0.0376, 0.0281, 0.0276, 0.0267],
        [0.1794, 0.0783, 0.0710, 0.0540, 0.0416, 0.0411],
        [0.0357, 0.0344, 0.0342, 0.0322, 0.0321, 0.0314],
        [0.0874, 0.0811, 0.0683, 0.0614, 0.0528, 0.0458],
        [0.0341, 0.0331, 0.0323, 0.0305, 0.0294, 0.0273],
        [0.0786, 0.0530, 0.0521, 0.0336, 0.0320, 0.0275],
        [0.0457, 0.0289, 0.0248, 0.0244, 0.0243, 0.0231],
        [0.0692, 0.0542, 0.0495, 0.0446, 0.0346, 0.0314],
        [0.1160, 0.0906, 0.0638, 0.0571, 0.0404, 0.0355],
        [0.0583, 0.0575, 0.0542, 0.0391, 0.0327, 0.0299],
        [0.2485, 0.1348, 0.0983, 0.0509, 0.0457, 0.0416],
        [0.1185, 0.0768, 0.0737, 0.0723, 0.0660, 0.0345],
        [0.0457, 0.0375, 0.0333, 0.0325, 0.0318, 0.0273],
        [0.0882, 0.0592, 0.0420, 0.0392, 0.0289, 0.0265],
        [0.0403, 0.0369, 0.0368, 0.0355, 0.0254, 0.0252],
        [0.0813, 0.0662, 0.0657, 0.0487, 0.0472, 0.0457],
        [0.0649, 0.0342, 0.0326, 0.0289, 0.0234, 0.0230],
        [0.0522, 0.0450, 0.0344, 0.0334, 0.0314, 0.0296],
        [0.1826, 0.1574, 0.1044, 0.0633, 0.0463, 0.0349],
        [0.0438, 0.0297, 0.0292, 0.0249, 0.0240, 0.0238]])

----------------indices-----------------
torch.Size([64, 6])
tensor([[60, 36, 50, 47, 21, 55],
        [39, 26, 14, 46, 32, 38],
        [13, 11, 43, 32, 35,  6],
        [47, 40, 34,  4, 25, 29],
        [44,  8, 49, 61, 12,  0],
        [19, 37, 25, 11, 42,  8],
        [48, 12, 54, 61, 57, 19],
        [ 2, 37,  7, 39, 56, 36],
        [ 4, 11, 22, 47, 63, 28],
        [46,  2, 55, 24, 32,  7],
        [54,  8, 23, 56, 51, 49],
        [ 2, 55, 56, 26, 49, 50],
        [50,  2, 52, 56, 16, 31],
        [53, 33,  3, 23, 59, 17],
        [31, 63, 46,  4, 40, 15],
        [44, 52,  8, 41, 20, 31],
        [63, 15, 38,  1, 23, 12],
        [63, 45, 37,  1, 40, 17],
        [41,  1, 45, 23, 57, 61],
        [ 8, 58, 18, 44, 57, 27],
        [12, 38, 31, 54, 63, 20],
        [ 1, 22, 25, 34, 13, 32],
        [ 6, 24, 30, 57, 46, 42],
        [35, 51,  3, 19, 37, 23],
        [28, 29, 34, 47,  1,  4],
        [32, 57, 62, 53, 37,  6],
        [ 4, 40,  5, 47, 22, 31],
        [33, 57, 14, 62, 52,  6],
        [41, 37, 42,  8, 25, 23],
        [26, 21, 39, 51, 53, 19],
        [28, 34, 58, 35, 29,  8],
        [22, 47, 59,  1, 45, 42],
        [60, 36, 43,  8, 30, 44],
        [26, 46, 59, 24, 14, 30],
        [27, 18, 26, 16,  6, 14],
        [ 7, 31, 28, 41, 48, 63],
        [ 0, 51, 18, 48, 63, 16],
        [47,  8, 35, 44, 18, 33],
        [ 5, 61, 52, 25, 33, 26],
        [61, 38, 23, 51, 13,  8],
        [27, 52,  0, 25, 18, 38],
        [43, 30,  6, 24, 55, 42],
        [28,  4, 63, 58, 34, 59],
        [ 3, 10, 52, 16, 49, 12],
        [51, 39, 56,  5, 32, 52],
        [57,  6, 18, 32, 34,  0],
        [32,  4, 13, 15, 35, 14],
        [ 4, 34, 40, 32, 33, 11],
        [23, 14, 45, 25, 57,  0],
        [28, 31, 15, 33, 37, 27],
        [53, 25, 14, 13, 16, 59],
        [21, 57,  3, 51,  4, 27],
        [15, 42,  7, 13, 22, 46],
        [31, 63, 15, 13, 59, 52],
        [43,  6, 40, 29, 44, 47],
        [63, 27, 20, 50,  7,  4],
        [15, 13, 32, 43, 16, 58],
        [26, 58, 56, 43,  6, 11],
        [25, 61, 51, 37, 23,  5],
        [54, 23,  9, 17, 22,  7],
        [51, 23, 32,  5, 52, 15],
        [37, 36, 46, 59, 15, 45],
        [ 1, 44, 49, 47, 43, 34],
        [56, 52, 30,  6, 18, 46]])
