============================================================
METADATA (10Th token of each sequence)
============================================================
Model: flame-moe-290m
Run ID: 31066
Epoch: 5473
Layer: 12
Token Position: 9 (10th)
Shards processed: 0-0.pt, 0-1.pt
Total sequences: 64
Sequence length: 512
============================================================

----------------samples-----------------
torch.Size([64])
tensor([  247,    15,   717,   417,  2762,   434,   436,   253,   273,   273,
        50276, 16922,   327,  2825,  8981,    19,   187,   285,   247, 49163,
          310,   253,   273,   285,   317,   281,   310,  7636,   187,   342,
        18417,    42,   273,   275,   247,    15, 18226,   273, 19487,  9446,
         9632,  2570,  3253,  1537, 22777, 11678,    32, 16280,   476, 11369,
          368,   253,  1878,     2,   326,  5053,   247, 12427,  3753,  8920,
        24787,  4493,   379,   731])

-----------------scores-----------------
torch.Size([64, 6])
tensor([[0.1265, 0.1196, 0.0773, 0.0683, 0.0636, 0.0495],
        [0.3351, 0.0668, 0.0651, 0.0335, 0.0330, 0.0189],
        [0.0854, 0.0779, 0.0512, 0.0335, 0.0294, 0.0288],
        [0.1110, 0.0673, 0.0444, 0.0422, 0.0293, 0.0292],
        [0.0506, 0.0492, 0.0400, 0.0330, 0.0327, 0.0312],
        [0.0557, 0.0468, 0.0348, 0.0284, 0.0253, 0.0242],
        [0.2811, 0.0753, 0.0531, 0.0416, 0.0377, 0.0361],
        [0.0523, 0.0460, 0.0416, 0.0411, 0.0368, 0.0347],
        [0.0761, 0.0721, 0.0683, 0.0654, 0.0407, 0.0350],
        [0.0707, 0.0690, 0.0418, 0.0387, 0.0314, 0.0282],
        [0.1429, 0.0976, 0.0868, 0.0655, 0.0607, 0.0508],
        [0.0750, 0.0596, 0.0430, 0.0419, 0.0342, 0.0319],
        [0.1387, 0.0616, 0.0580, 0.0361, 0.0355, 0.0322],
        [0.0703, 0.0599, 0.0499, 0.0354, 0.0340, 0.0335],
        [0.1595, 0.1288, 0.0628, 0.0376, 0.0325, 0.0316],
        [0.0865, 0.0594, 0.0369, 0.0365, 0.0294, 0.0277],
        [0.1905, 0.0535, 0.0502, 0.0410, 0.0379, 0.0275],
        [0.0701, 0.0625, 0.0484, 0.0377, 0.0355, 0.0298],
        [0.1025, 0.0651, 0.0497, 0.0448, 0.0393, 0.0349],
        [0.1165, 0.0963, 0.0935, 0.0671, 0.0521, 0.0506],
        [0.1238, 0.0737, 0.0421, 0.0243, 0.0240, 0.0231],
        [0.1338, 0.0557, 0.0445, 0.0319, 0.0280, 0.0278],
        [0.0555, 0.0408, 0.0382, 0.0337, 0.0289, 0.0280],
        [0.0436, 0.0377, 0.0361, 0.0310, 0.0299, 0.0296],
        [0.1623, 0.1289, 0.0618, 0.0504, 0.0392, 0.0386],
        [0.1077, 0.0760, 0.0679, 0.0449, 0.0376, 0.0337],
        [0.0430, 0.0408, 0.0396, 0.0367, 0.0301, 0.0275],
        [0.2576, 0.1538, 0.1348, 0.0686, 0.0329, 0.0282],
        [0.0666, 0.0414, 0.0376, 0.0319, 0.0311, 0.0281],
        [0.1274, 0.0528, 0.0414, 0.0326, 0.0323, 0.0317],
        [0.2014, 0.1036, 0.0519, 0.0363, 0.0355, 0.0325],
        [0.1251, 0.0611, 0.0473, 0.0375, 0.0353, 0.0320],
        [0.0799, 0.0762, 0.0501, 0.0464, 0.0457, 0.0445],
        [0.1841, 0.1635, 0.0941, 0.0450, 0.0443, 0.0321],
        [0.1073, 0.0883, 0.0823, 0.0582, 0.0476, 0.0409],
        [0.0788, 0.0727, 0.0708, 0.0571, 0.0539, 0.0519],
        [0.0793, 0.0791, 0.0475, 0.0440, 0.0330, 0.0316],
        [0.2145, 0.1004, 0.0962, 0.0486, 0.0413, 0.0367],
        [0.1580, 0.0939, 0.0375, 0.0312, 0.0258, 0.0254],
        [0.0915, 0.0649, 0.0547, 0.0466, 0.0428, 0.0423],
        [0.1785, 0.0497, 0.0496, 0.0472, 0.0366, 0.0283],
        [0.1010, 0.0684, 0.0654, 0.0460, 0.0450, 0.0445],
        [0.2371, 0.0946, 0.0538, 0.0492, 0.0463, 0.0395],
        [0.0559, 0.0546, 0.0401, 0.0394, 0.0344, 0.0301],
        [0.1719, 0.1217, 0.1189, 0.0875, 0.0532, 0.0522],
        [0.1004, 0.0733, 0.0720, 0.0560, 0.0518, 0.0462],
        [0.0735, 0.0597, 0.0585, 0.0408, 0.0369, 0.0347],
        [0.1595, 0.0508, 0.0436, 0.0344, 0.0307, 0.0286],
        [0.1440, 0.0461, 0.0449, 0.0328, 0.0284, 0.0279],
        [0.1432, 0.1143, 0.1078, 0.0781, 0.0487, 0.0372],
        [0.1442, 0.0998, 0.0449, 0.0294, 0.0288, 0.0280],
        [0.0945, 0.0775, 0.0715, 0.0501, 0.0425, 0.0348],
        [0.2228, 0.1555, 0.0866, 0.0729, 0.0555, 0.0476],
        [0.3002, 0.0547, 0.0434, 0.0433, 0.0388, 0.0306],
        [0.0778, 0.0662, 0.0630, 0.0548, 0.0469, 0.0373],
        [0.2589, 0.0892, 0.0840, 0.0549, 0.0411, 0.0344],
        [0.1182, 0.0538, 0.0483, 0.0454, 0.0448, 0.0380],
        [0.0881, 0.0816, 0.0716, 0.0445, 0.0406, 0.0360],
        [0.0969, 0.0540, 0.0449, 0.0445, 0.0381, 0.0304],
        [0.0722, 0.0703, 0.0692, 0.0334, 0.0294, 0.0293],
        [0.0796, 0.0766, 0.0572, 0.0443, 0.0421, 0.0383],
        [0.0679, 0.0519, 0.0316, 0.0313, 0.0295, 0.0269],
        [0.1893, 0.1384, 0.0653, 0.0635, 0.0383, 0.0301],
        [0.1269, 0.0625, 0.0533, 0.0418, 0.0385, 0.0257]])

----------------indices-----------------
torch.Size([64, 6])
tensor([[61,  2, 19,  3, 18, 40],
        [15, 49, 41, 29, 38, 37],
        [41, 38,  6, 21, 52, 49],
        [50, 14, 33, 48, 63, 15],
        [53, 26, 28,  5, 32, 34],
        [15, 14, 41,  9, 34, 20],
        [22, 57, 35, 44, 61, 63],
        [37, 51, 48,  7, 18, 33],
        [51, 57, 62, 41, 22, 10],
        [37, 55, 44,  5, 33,  8],
        [26, 12, 54, 36, 28, 20],
        [37, 48, 50, 45, 62, 25],
        [ 6, 30, 11,  7, 60, 33],
        [14, 15, 33, 58, 48, 24],
        [28, 13, 12,  8, 21, 16],
        [ 0, 50, 25, 60, 13, 34],
        [41, 38, 49, 15, 37,  6],
        [21, 52, 55, 27,  0, 19],
        [45,  5, 21, 56, 53, 55],
        [26, 12, 54, 36, 22, 20],
        [ 6, 30, 33, 11, 61, 32],
        [50, 48, 34, 33, 28, 31],
        [18,  7, 34, 51, 33, 37],
        [15, 14, 41, 25, 20,  9],
        [46, 56,  1, 54, 17,  3],
        [ 5,  7, 50, 63, 42, 57],
        [41, 14, 15, 20,  9,  5],
        [26, 54, 39, 28,  4, 52],
        [25, 34, 27, 28, 54, 53],
        [43, 42, 32, 53, 30, 38],
        [18, 43,  3, 62,  2, 37],
        [ 7, 32, 16, 30, 28, 37],
        [ 9, 63,  4, 22, 25, 28],
        [54, 12, 28, 26, 16, 35],
        [27,  0, 35,  3,  8, 19],
        [ 3, 35, 43, 12, 42, 19],
        [14, 62, 24, 44, 21, 22],
        [35, 19,  9,  3, 61,  2],
        [60,  1, 15, 22, 34,  6],
        [25, 16,  7, 39, 59, 12],
        [ 0, 32, 41, 24, 52, 48],
        [14, 38, 62, 48, 51, 41],
        [28, 54, 12, 31, 16, 35],
        [13, 54, 28, 50, 35, 20],
        [ 2,  3, 17, 42, 35, 63],
        [ 0, 20, 52, 35, 10, 19],
        [42, 38, 43, 11, 40, 30],
        [15, 48, 51,  8, 23, 50],
        [14, 62, 44, 51, 35,  8],
        [47,  1,  2, 17, 35, 59],
        [60,  1, 15, 22, 38, 41],
        [15, 16, 10, 51, 23, 37],
        [35, 57,  9, 61, 16,  4],
        [11, 46, 44, 56, 38, 62],
        [14, 40, 53, 31, 15, 38],
        [40, 43, 35, 61, 36, 17],
        [59, 42, 41, 44, 17, 62],
        [16, 21, 59, 15,  7, 31],
        [11, 46, 59, 51, 39, 34],
        [37, 35, 30,  4, 11, 60],
        [42, 36,  5, 62, 50,  7],
        [51,  7, 62, 39, 45, 23],
        [35, 61, 57, 56, 19, 20],
        [38, 60, 41, 37,  1, 49]])
