PIM Expert Operations - Total Cycles
Decoder-BS64/10th/pim/4
Note: 2 activation movements (fc1 and fc2)
BS16 - Activation divider: 128

--- Activation Movements ---
layer0.ffn.activation_movement_2: 1118 cycles
layer0.ffn.activation_movement_1: 1124 cycles
Total activation movement cycles: 2242
----------------------------

================================================================================
 Expert Number  fc1  gelu  fc2  total compute
             1 2865    28 2851           5744
             2 2865    45 2865           5775
             3 2865    31 2851           5747
             5 2865    42 2865           5772
             7 2884    45 2851           5780
            11 2865    44 2865           5774
            12 3026    28 2836           5890
            14 2865    44 2865           5774
            15 3057    30 2851           5938
            16 2865    43 2865           5773
            17 3042    29 2852           5923
            18 2865    44 2865           5774
            19 3047    28 2836           5911
            21 2865    44 2866           5775
            23 3055    28 2851           5934
            25 2865    43 2865           5773
            26 3047    28 2836           5911
            29 2836    44 2866           5746
            30 3086    29 2852           5967
            33 2865    44 2865           5774
            34 3039    30 2851           5920
            36 2865    42 2865           5772
            37 3039    43 2854           5936
            38 2865    43 2854           5762
            39 3038    30 2852           5920
            40 2865    43 2866           5774
            43 3039    30 2851           5920
            44 2865    43 2865           5773
            45 3045    29 2851           5925
            46 2865    42 2865           5772
            49 3046    29 2851           5926
            50 2865    44 2865           5774
            51 3042    29 2851           5922
            52 2865    42 2865           5772
            53 3043    28 2851           5922
            55 2865    42 2866           5773
            56 3046    30 2851           5927
            57 2846    42 2854           5742
            58 3044    44 2865           5953
            59 5682   297 5667          11646
            60 2865    42 2865           5772
            61 3093    29 2851           5973
            62 2865    42 2854           5761
            63 3058    28 2851           5937