============================================================
METADATA (6Th token of each sequence)
============================================================
Model: flame-moe-290m
Run ID: 31066
Epoch: 5473
Layer: 19
Token Position: 5 (6th)
Shards processed: 0-0.pt, 0-1.pt
Total sequences: 64
Sequence length: 512
============================================================

----------------samples-----------------
torch.Size([64])
tensor([ 5311, 29661,  9319,   253,   253,   320,  5092,   187,  1781,  4266,
         4033,    15,    32,   617, 20953,   323, 33680,  9058,   626,   187,
          665,   323,  2554,    13, 14065,   309,  3085,   512,   512,   752,
          253,   320,    13,    13,  2167,   309,    13,   281,   562,   403,
        10280,   342,   685,  2866,   187,   634,   187,   619,   570,    13,
         1294,  6662,   359,    13, 23899,  1698,   509,   457,   626,   273,
         2064,  5312,   285,    13])

-----------------scores-----------------
torch.Size([64, 6])
tensor([[0.2036, 0.0783, 0.0599, 0.0337, 0.0315, 0.0195],
        [0.0485, 0.0477, 0.0451, 0.0269, 0.0250, 0.0232],
        [0.0423, 0.0340, 0.0299, 0.0270, 0.0266, 0.0238],
        [0.0293, 0.0286, 0.0268, 0.0263, 0.0245, 0.0236],
        [0.0878, 0.0431, 0.0378, 0.0322, 0.0310, 0.0301],
        [0.1938, 0.1418, 0.0932, 0.0452, 0.0426, 0.0275],
        [0.1759, 0.1407, 0.1038, 0.0439, 0.0406, 0.0399],
        [0.0358, 0.0317, 0.0270, 0.0268, 0.0260, 0.0229],
        [0.2406, 0.1030, 0.0785, 0.0466, 0.0405, 0.0307],
        [0.0323, 0.0283, 0.0263, 0.0250, 0.0244, 0.0241],
        [0.0391, 0.0348, 0.0330, 0.0299, 0.0281, 0.0272],
        [0.0767, 0.0417, 0.0391, 0.0345, 0.0274, 0.0247],
        [0.1814, 0.0984, 0.0882, 0.0863, 0.0690, 0.0337],
        [0.0719, 0.0553, 0.0346, 0.0324, 0.0314, 0.0284],
        [0.0376, 0.0293, 0.0261, 0.0247, 0.0237, 0.0230],
        [0.0539, 0.0467, 0.0348, 0.0319, 0.0305, 0.0238],
        [0.0528, 0.0330, 0.0324, 0.0318, 0.0295, 0.0280],
        [0.1190, 0.0959, 0.0713, 0.0576, 0.0497, 0.0420],
        [0.0398, 0.0288, 0.0275, 0.0255, 0.0254, 0.0249],
        [0.1126, 0.0628, 0.0310, 0.0307, 0.0307, 0.0254],
        [0.1044, 0.1044, 0.0546, 0.0350, 0.0287, 0.0287],
        [0.1226, 0.1041, 0.0650, 0.0460, 0.0378, 0.0331],
        [0.1606, 0.1157, 0.0815, 0.0780, 0.0448, 0.0338],
        [0.1896, 0.0691, 0.0566, 0.0453, 0.0360, 0.0322],
        [0.0431, 0.0318, 0.0310, 0.0281, 0.0280, 0.0262],
        [0.0446, 0.0378, 0.0325, 0.0290, 0.0279, 0.0270],
        [0.0333, 0.0255, 0.0248, 0.0239, 0.0224, 0.0211],
        [0.0521, 0.0479, 0.0318, 0.0280, 0.0273, 0.0266],
        [0.1190, 0.1187, 0.0700, 0.0639, 0.0297, 0.0281],
        [0.1698, 0.0425, 0.0370, 0.0344, 0.0332, 0.0266],
        [0.0258, 0.0251, 0.0233, 0.0226, 0.0215, 0.0214],
        [0.1292, 0.0551, 0.0502, 0.0475, 0.0465, 0.0455],
        [0.1914, 0.1124, 0.0877, 0.0851, 0.0420, 0.0399],
        [0.0476, 0.0449, 0.0384, 0.0323, 0.0310, 0.0299],
        [0.0729, 0.0668, 0.0637, 0.0339, 0.0267, 0.0263],
        [0.1360, 0.0812, 0.0649, 0.0549, 0.0533, 0.0403],
        [0.0567, 0.0322, 0.0268, 0.0247, 0.0241, 0.0234],
        [0.1041, 0.0870, 0.0811, 0.0734, 0.0418, 0.0406],
        [0.1024, 0.0674, 0.0598, 0.0552, 0.0518, 0.0378],
        [0.0529, 0.0481, 0.0331, 0.0320, 0.0264, 0.0236],
        [0.1048, 0.0813, 0.0760, 0.0367, 0.0364, 0.0321],
        [0.0691, 0.0371, 0.0260, 0.0251, 0.0244, 0.0234],
        [0.0359, 0.0335, 0.0303, 0.0297, 0.0287, 0.0257],
        [0.0913, 0.0562, 0.0496, 0.0383, 0.0377, 0.0371],
        [0.0589, 0.0492, 0.0318, 0.0317, 0.0302, 0.0272],
        [0.1117, 0.0796, 0.0540, 0.0399, 0.0295, 0.0252],
        [0.1628, 0.1435, 0.0525, 0.0266, 0.0236, 0.0220],
        [0.1689, 0.0752, 0.0514, 0.0500, 0.0490, 0.0425],
        [0.0570, 0.0522, 0.0460, 0.0314, 0.0265, 0.0261],
        [0.1587, 0.0813, 0.0578, 0.0521, 0.0506, 0.0371],
        [0.0628, 0.0513, 0.0340, 0.0331, 0.0297, 0.0289],
        [0.0650, 0.0527, 0.0435, 0.0432, 0.0276, 0.0254],
        [0.0394, 0.0321, 0.0311, 0.0288, 0.0259, 0.0258],
        [0.1084, 0.0740, 0.0543, 0.0525, 0.0282, 0.0251],
        [0.0970, 0.0748, 0.0440, 0.0427, 0.0421, 0.0405],
        [0.0995, 0.0979, 0.0673, 0.0618, 0.0381, 0.0343],
        [0.0418, 0.0347, 0.0296, 0.0289, 0.0268, 0.0262],
        [0.3783, 0.0623, 0.0458, 0.0325, 0.0319, 0.0178],
        [0.0835, 0.0610, 0.0608, 0.0475, 0.0409, 0.0389],
        [0.0817, 0.0604, 0.0455, 0.0405, 0.0355, 0.0352],
        [0.0363, 0.0275, 0.0267, 0.0267, 0.0254, 0.0253],
        [0.0485, 0.0471, 0.0445, 0.0430, 0.0368, 0.0312],
        [0.0325, 0.0321, 0.0276, 0.0276, 0.0272, 0.0248],
        [0.0809, 0.0735, 0.0493, 0.0347, 0.0330, 0.0286]])

----------------indices-----------------
torch.Size([64, 6])
tensor([[21,  5, 60, 31, 11, 25],
        [26,  4, 21, 60, 11, 55],
        [ 3, 57,  8, 30, 36, 14],
        [61, 53, 40, 15,  4, 33],
        [62, 45, 14, 48, 10, 50],
        [44,  8, 47, 34, 29, 11],
        [ 7, 32,  4, 63, 40, 46],
        [19, 21, 26, 59, 24,  8],
        [63, 54, 48, 50, 17, 46],
        [57, 16, 51, 25, 62,  0],
        [51, 37, 61, 25,  5, 49],
        [51,  5, 32, 47, 59, 49],
        [30, 43, 24, 18, 58, 21],
        [51, 61, 18, 24,  9, 16],
        [ 5, 25, 53, 15, 61, 27],
        [25, 57, 33, 37, 45, 10],
        [59, 16, 51, 24, 27,  8],
        [ 7, 17, 12, 63, 31, 50],
        [33, 57, 53, 45,  6, 34],
        [31, 21, 57, 29, 25, 53],
        [31, 28, 63, 48, 15, 34],
        [ 7, 50,  9, 54, 46, 63],
        [12, 30, 44, 62, 38,  2],
        [18, 38, 44, 50, 54, 30],
        [12, 48, 60, 39, 62, 56],
        [30, 47, 36, 59, 32, 33],
        [23, 32, 41, 53, 55, 36],
        [16, 58, 11, 40, 44, 51],
        [22, 41, 40,  9, 17, 54],
        [58, 60, 21, 19, 29,  5],
        [32, 23, 60, 44, 36, 55],
        [28, 29,  4, 63,  7, 48],
        [18,  0, 61, 27, 49, 38],
        [51, 37, 53, 58, 15, 50],
        [42, 51, 21, 18, 32, 58],
        [42,  7, 17, 22,  9, 37],
        [61, 16,  5, 44, 23, 38],
        [44, 54, 24, 30,  8, 45],
        [63,  3, 28, 17, 31, 48],
        [51, 10, 37, 52, 32, 48],
        [31, 41, 28, 50,  1, 48],
        [23, 37, 57,  5, 25, 61],
        [55, 56, 16, 43,  2, 13],
        [62, 45, 50,  2, 56, 59],
        [23, 11, 26,  5,  3, 21],
        [ 4, 11, 58, 40, 36, 15],
        [62,  2, 42, 47, 15, 63],
        [17,  9, 12, 13, 54, 42],
        [27, 50, 14, 63, 24, 36],
        [17, 15, 46, 34,  2,  1],
        [12, 38, 33,  9, 51, 58],
        [37, 51, 27, 14, 50, 57],
        [60, 19, 26, 21, 18, 15],
        [28, 34,  4, 13, 29, 35],
        [ 7,  9, 42, 54, 34, 20],
        [ 7, 20, 12,  9, 13, 54],
        [21, 36, 19, 26, 15, 56],
        [63, 17,  3, 59, 50, 28],
        [41,  9, 12, 23, 20, 54],
        [54, 42, 46,  7,  0, 39],
        [26, 56, 30, 46, 44, 41],
        [62,  5, 33, 31, 10,  0],
        [24, 49, 14, 58, 26,  3],
        [63, 13, 11, 25, 39, 17]])
