PIM Expert Operations - Total Cycles
Decoder-BS64/5th/pim/2
Note: 2 activation movements (fc1 and fc2)
BS16 - Activation divider: 128

--- Activation Movements ---
layer0.ffn.activation_movement_1: 1124 cycles
layer0.ffn.activation_movement_2: 1118 cycles
Total activation movement cycles: 2242
----------------------------

================================================================================
 Expert Number  fc1  gelu  fc2  total compute
             0 2865    30 2852           5747
             1 2865    44 2865           5774
             3 2865    28 2836           5729
             4 2866    43 2865           5774
             5 2898    44 2865           5807
             8 2865    43 2855           5763
             9 3025    31 2851           5907
            10 2865    42 2865           5772
            11 3041    30 2851           5922
            12 2865    44 2865           5774
            15 3044    28 2851           5923
            16 2865    42 2854           5761
            17 3058    31 2851           5940
            18 2865    42 2854           5761
            19 3051    28 2851           5930
            20 2865    45 2865           5775
            21 3045    29 2836           5910
            22 2865    42 2865           5772
            23 3059    28 2836           5923
            24 2842    42 2865           5749
            26 3081    30 2851           5962
            27 2842    42 2866           5750
            28 3061    29 2851           5941
            29 2865    43 2865           5773
            30 3042    28 2851           5921
            31 2865    42 2865           5772
            33 5867    46 5681          11594
            35 3177    28 2852           6057
            37 2865    43 2865           5773
            38 3022    42 2851           5915
            39 2865    42 2854           5761
            41 3036    28 2851           5915
            42 2865    42 2850           5757
            43 3059    28 2835           5922
            45 2865    42 2850           5757
            47 5896    45 5681          11622
            48 3179    28 2851           6058
            49 2865    43 2854           5762
            51 3030    44 2866           5940
            53 2865    44 2865           5774
            54 3011    28 2852           5891
            55 2865    44 2865           5774
            56 3042    30 2851           5923
            57 2865    42 2865           5772
            59 3048    29 2836           5913
            60 2866    43 2865           5774
            61 3057    28 2851           5936
            63 2865    43 2866           5774