============================================================
METADATA (4Th token of each sequence)
============================================================
Model: flame-moe-290m
Run ID: 31066
Epoch: 5473
Layer: 15
Token Position: 3 (4th)
Shards processed: 0-0.pt, 0-1.pt
Total sequences: 64
Sequence length: 512
============================================================

----------------samples-----------------
torch.Size([64])
tensor([  824,   342,  1974,  9059,   344,  1646,    56,    15,  2896,   588,
          805, 50276,    91,  4720,  2573,  4834,   449,   923, 14815,  7186,
         2872, 24504,   247,   253, 20336,  3522,   275,   326,   285,  1953,
        31914,  7122,   281,  7063, 44152,  3462, 14002,    69,   281,   247,
          187,   697,   187,  6729,    15,  5181,  4787,   954,   285,  6685,
           32, 43728,   352,    15,  9166,   323,    13,    15,   352,   763,
        49619,   323,   253,  7520])

-----------------scores-----------------
torch.Size([64, 6])
tensor([[0.0550, 0.0496, 0.0325, 0.0325, 0.0322, 0.0305],
        [0.2342, 0.0839, 0.0768, 0.0634, 0.0618, 0.0456],
        [0.2811, 0.0811, 0.0645, 0.0507, 0.0419, 0.0389],
        [0.1738, 0.1446, 0.1433, 0.0981, 0.0400, 0.0297],
        [0.1703, 0.0803, 0.0646, 0.0447, 0.0446, 0.0420],
        [0.1479, 0.0832, 0.0508, 0.0425, 0.0346, 0.0259],
        [0.2438, 0.1978, 0.0453, 0.0278, 0.0276, 0.0263],
        [0.1390, 0.0841, 0.0707, 0.0496, 0.0397, 0.0378],
        [0.1443, 0.1020, 0.0778, 0.0678, 0.0473, 0.0307],
        [0.1116, 0.0844, 0.0518, 0.0333, 0.0332, 0.0321],
        [0.1109, 0.0653, 0.0524, 0.0517, 0.0484, 0.0437],
        [0.0724, 0.0607, 0.0519, 0.0456, 0.0390, 0.0380],
        [0.2037, 0.0852, 0.0673, 0.0486, 0.0355, 0.0261],
        [0.1419, 0.1171, 0.0791, 0.0510, 0.0451, 0.0409],
        [0.1551, 0.1023, 0.0663, 0.0537, 0.0348, 0.0299],
        [0.2186, 0.1368, 0.0877, 0.0707, 0.0433, 0.0398],
        [0.1438, 0.1054, 0.0906, 0.0768, 0.0328, 0.0303],
        [0.1878, 0.1190, 0.0750, 0.0739, 0.0399, 0.0302],
        [0.1448, 0.1085, 0.0890, 0.0367, 0.0346, 0.0309],
        [0.2882, 0.0829, 0.0662, 0.0556, 0.0518, 0.0493],
        [0.2022, 0.1676, 0.0634, 0.0443, 0.0369, 0.0302],
        [0.2116, 0.0666, 0.0512, 0.0381, 0.0336, 0.0306],
        [0.1572, 0.1538, 0.0718, 0.0480, 0.0305, 0.0250],
        [0.1321, 0.1316, 0.1185, 0.0573, 0.0428, 0.0359],
        [0.1855, 0.0780, 0.0705, 0.0480, 0.0459, 0.0370],
        [0.1679, 0.1275, 0.1224, 0.0635, 0.0477, 0.0389],
        [0.1031, 0.0884, 0.0764, 0.0757, 0.0696, 0.0540],
        [0.1529, 0.1122, 0.0757, 0.0554, 0.0447, 0.0431],
        [0.4619, 0.0966, 0.0762, 0.0471, 0.0184, 0.0172],
        [0.1661, 0.1220, 0.0655, 0.0477, 0.0463, 0.0439],
        [0.1649, 0.0921, 0.0762, 0.0441, 0.0411, 0.0409],
        [0.2763, 0.0760, 0.0474, 0.0471, 0.0470, 0.0340],
        [0.1043, 0.0966, 0.0897, 0.0434, 0.0392, 0.0337],
        [0.1667, 0.1087, 0.0777, 0.0542, 0.0518, 0.0504],
        [0.2752, 0.2615, 0.0746, 0.0511, 0.0444, 0.0257],
        [0.1850, 0.1548, 0.1349, 0.1096, 0.0584, 0.0363],
        [0.2982, 0.1190, 0.0494, 0.0392, 0.0374, 0.0345],
        [0.0953, 0.0733, 0.0537, 0.0530, 0.0525, 0.0486],
        [0.1127, 0.1081, 0.0935, 0.0915, 0.0408, 0.0327],
        [0.1005, 0.0727, 0.0659, 0.0516, 0.0465, 0.0452],
        [0.2649, 0.1330, 0.0440, 0.0406, 0.0391, 0.0376],
        [0.2012, 0.1837, 0.1061, 0.0423, 0.0314, 0.0303],
        [0.1776, 0.0716, 0.0649, 0.0362, 0.0325, 0.0273],
        [0.2249, 0.0945, 0.0586, 0.0527, 0.0516, 0.0406],
        [0.0914, 0.0749, 0.0561, 0.0456, 0.0449, 0.0435],
        [0.1744, 0.1179, 0.0631, 0.0396, 0.0320, 0.0258],
        [0.0788, 0.0561, 0.0528, 0.0498, 0.0433, 0.0428],
        [0.1655, 0.0658, 0.0540, 0.0536, 0.0430, 0.0340],
        [0.2312, 0.1216, 0.0836, 0.0481, 0.0321, 0.0268],
        [0.1520, 0.1257, 0.0994, 0.0625, 0.0343, 0.0319],
        [0.1285, 0.0495, 0.0479, 0.0469, 0.0429, 0.0396],
        [0.2073, 0.1617, 0.1328, 0.0496, 0.0481, 0.0271],
        [0.1381, 0.0954, 0.0625, 0.0586, 0.0430, 0.0386],
        [0.1943, 0.1328, 0.1043, 0.0340, 0.0314, 0.0311],
        [0.2395, 0.1610, 0.0488, 0.0370, 0.0268, 0.0258],
        [0.0962, 0.0831, 0.0791, 0.0584, 0.0521, 0.0432],
        [0.1165, 0.0639, 0.0486, 0.0367, 0.0363, 0.0339],
        [0.1994, 0.1146, 0.0603, 0.0563, 0.0559, 0.0463],
        [0.1746, 0.1537, 0.1035, 0.0768, 0.0686, 0.0492],
        [0.1351, 0.1344, 0.1033, 0.0886, 0.0864, 0.0684],
        [0.1735, 0.0807, 0.0626, 0.0609, 0.0582, 0.0473],
        [0.1289, 0.1013, 0.1011, 0.0473, 0.0412, 0.0360],
        [0.1812, 0.0755, 0.0702, 0.0578, 0.0431, 0.0379],
        [0.2642, 0.0975, 0.0675, 0.0525, 0.0406, 0.0294]])

----------------indices-----------------
torch.Size([64, 6])
tensor([[28,  8, 58, 13, 36, 26],
        [ 5, 29, 22, 60,  0, 33],
        [36, 56, 27, 52,  9, 42],
        [15, 40, 44, 51, 60, 46],
        [56, 55, 52, 50,  9,  4],
        [62, 36, 20, 30, 52, 22],
        [28, 19,  3,  1, 20, 35],
        [ 1,  3, 61, 29, 22, 12],
        [ 2,  7,  0,  5, 21, 14],
        [29, 37, 38, 13, 35, 16],
        [ 0, 39,  3, 40, 33, 17],
        [49, 44, 59, 43, 50, 41],
        [28, 50, 40, 35, 19, 20],
        [56,  4, 52, 36,  9, 28],
        [ 2, 52, 21, 28,  6, 10],
        [11,  8, 47, 57,  1, 32],
        [51, 15, 53, 44, 40, 18],
        [61,  1, 45, 20,  3, 22],
        [39, 57, 61, 35, 23,  6],
        [23, 54, 12, 34, 51, 24],
        [38, 62, 37, 16, 26, 19],
        [28, 10,  5, 36,  9, 52],
        [30, 62, 26, 37, 38,  9],
        [30, 62, 26, 41, 37, 50],
        [62, 30, 37, 26, 38, 41],
        [ 1, 47, 41, 11, 36, 55],
        [46, 43, 14, 48, 32, 39],
        [ 6,  7, 34, 51, 40, 27],
        [49, 19,  8, 30, 36, 37],
        [52, 56, 36,  4,  8, 45],
        [ 0, 47, 43, 17, 60,  7],
        [51,  5,  6, 38, 46, 13],
        [58,  8, 59, 18, 44, 28],
        [39, 43, 48, 25, 46, 17],
        [59, 18, 11, 45, 15, 24],
        [38, 11, 32,  6, 12,  7],
        [19, 59, 50,  8, 24, 58],
        [ 1, 12,  3, 57, 22, 27],
        [42, 56, 23, 22,  9, 61],
        [23, 54,  9, 13, 60, 41],
        [30, 62, 26, 48, 49, 37],
        [62, 19, 37, 41, 50, 51],
        [57, 27, 10, 63, 39, 23],
        [ 0, 60, 48,  7, 11, 17],
        [43, 17, 30, 63, 35, 59],
        [44, 40, 58, 15, 16, 41],
        [30,  8, 44, 63, 49, 40],
        [28, 36, 41,  9, 52, 19],
        [13, 44, 49, 27, 30,  8],
        [37, 26, 62, 38, 30, 13],
        [ 6, 10,  3, 42, 16,  1],
        [56, 36, 52, 55, 42,  9],
        [26, 30, 38, 37, 49, 43],
        [62, 37, 26, 52, 30, 15],
        [62, 37, 26, 30, 50, 29],
        [45, 52, 12,  3,  9, 28],
        [20,  9, 24, 30, 36, 26],
        [49, 19, 13, 30, 62, 43],
        [20, 14, 39, 46, 35, 18],
        [11, 55, 23,  4, 17, 47],
        [ 0, 14, 58, 60, 35, 33],
        [54, 13, 23, 46, 29, 53],
        [19,  3, 20, 14, 18, 46],
        [60, 13, 54,  5, 29, 31]])
