============================================================
METADATA (1St token of each sequence)
============================================================
Model: flame-moe-290m
Run ID: 31066
Epoch: 5473
Layer: 15
Token Position: 0 (1st)
Shards processed: 0-0.pt, 0-1.pt
Total sequences: 64
Sequence length: 512
============================================================

----------------samples-----------------
torch.Size([64])
tensor([ 1512,  2509,  1306,   958,   436,  8813,    15,   617, 15368, 32973,
        36319,  1456,  2613,   285,    14, 41868, 38399,    15,  1097,   392,
          310,   744,   344,   535,    10, 17288,   273, 14436,   285,   253,
         1634,   840,   597,   597, 24600,  1046,   285,  1333,   831,  1056,
         3727,   253,  6684,  3430, 44887, 44901, 22156,   352,  6119, 25497,
          368,  6166,  1220,  5004,  5815,   476,    15,  2438,   323,   342,
          187,   253,   285,   644])

-----------------scores-----------------
torch.Size([64, 6])
tensor([[0.0478, 0.0468, 0.0393, 0.0389, 0.0355, 0.0354],
        [0.1014, 0.0944, 0.0804, 0.0524, 0.0458, 0.0435],
        [0.1203, 0.1195, 0.1135, 0.0602, 0.0488, 0.0420],
        [0.1411, 0.0835, 0.0432, 0.0380, 0.0328, 0.0319],
        [0.3046, 0.1278, 0.0785, 0.0613, 0.0540, 0.0290],
        [0.1809, 0.1350, 0.0691, 0.0448, 0.0438, 0.0393],
        [0.1940, 0.1568, 0.0579, 0.0532, 0.0429, 0.0389],
        [0.2149, 0.1043, 0.0795, 0.0451, 0.0441, 0.0427],
        [0.2287, 0.1651, 0.0938, 0.0894, 0.0779, 0.0215],
        [0.1542, 0.1293, 0.0423, 0.0384, 0.0369, 0.0342],
        [0.1869, 0.1659, 0.0747, 0.0728, 0.0583, 0.0335],
        [0.1814, 0.1530, 0.0856, 0.0528, 0.0477, 0.0338],
        [0.1192, 0.0786, 0.0642, 0.0624, 0.0515, 0.0485],
        [0.1589, 0.1452, 0.0741, 0.0632, 0.0441, 0.0290],
        [0.1524, 0.1234, 0.1038, 0.0803, 0.0377, 0.0239],
        [0.1546, 0.1481, 0.0830, 0.0489, 0.0392, 0.0368],
        [0.1396, 0.0773, 0.0642, 0.0520, 0.0496, 0.0366],
        [0.1606, 0.0938, 0.0651, 0.0511, 0.0332, 0.0312],
        [0.2686, 0.1646, 0.1258, 0.0461, 0.0393, 0.0238],
        [0.1303, 0.1286, 0.0804, 0.0745, 0.0656, 0.0387],
        [0.1022, 0.0624, 0.0546, 0.0544, 0.0483, 0.0405],
        [0.2609, 0.1233, 0.0780, 0.0720, 0.0525, 0.0394],
        [0.1363, 0.1084, 0.0724, 0.0642, 0.0528, 0.0519],
        [0.1324, 0.1067, 0.0671, 0.0604, 0.0338, 0.0332],
        [0.2215, 0.1249, 0.0746, 0.0661, 0.0465, 0.0372],
        [0.2041, 0.0896, 0.0845, 0.0785, 0.0348, 0.0322],
        [0.1413, 0.1385, 0.1301, 0.1014, 0.0463, 0.0379],
        [0.2811, 0.0640, 0.0592, 0.0477, 0.0458, 0.0356],
        [0.2041, 0.1203, 0.1199, 0.0694, 0.0558, 0.0243],
        [0.1980, 0.1672, 0.0646, 0.0427, 0.0320, 0.0290],
        [0.1581, 0.0591, 0.0565, 0.0380, 0.0372, 0.0371],
        [0.3222, 0.1963, 0.0817, 0.0201, 0.0173, 0.0167],
        [0.0585, 0.0458, 0.0425, 0.0332, 0.0303, 0.0288],
        [0.3366, 0.1219, 0.0757, 0.0463, 0.0394, 0.0317],
        [0.2070, 0.1873, 0.0855, 0.0633, 0.0392, 0.0335],
        [0.2362, 0.1869, 0.0621, 0.0596, 0.0377, 0.0306],
        [0.2997, 0.1562, 0.0624, 0.0482, 0.0455, 0.0344],
        [0.1582, 0.1488, 0.1411, 0.0698, 0.0360, 0.0354],
        [0.2316, 0.1755, 0.1042, 0.0697, 0.0509, 0.0344],
        [0.0997, 0.0693, 0.0473, 0.0461, 0.0424, 0.0342],
        [0.1420, 0.0946, 0.0898, 0.0856, 0.0481, 0.0421],
        [0.1565, 0.1118, 0.0853, 0.0370, 0.0336, 0.0318],
        [0.1795, 0.1173, 0.1129, 0.0573, 0.0564, 0.0462],
        [0.1641, 0.1246, 0.1138, 0.0631, 0.0436, 0.0397],
        [0.2824, 0.0980, 0.0895, 0.0258, 0.0237, 0.0202],
        [0.2789, 0.0837, 0.0626, 0.0554, 0.0425, 0.0358],
        [0.1979, 0.1494, 0.1337, 0.0674, 0.0486, 0.0371],
        [0.1568, 0.1276, 0.1020, 0.0486, 0.0384, 0.0309],
        [0.2138, 0.1948, 0.0811, 0.0476, 0.0293, 0.0250],
        [0.2006, 0.0979, 0.0796, 0.0683, 0.0680, 0.0480],
        [0.1457, 0.1150, 0.0695, 0.0487, 0.0463, 0.0454],
        [0.1244, 0.0793, 0.0732, 0.0649, 0.0573, 0.0528],
        [0.2223, 0.1714, 0.1133, 0.0585, 0.0376, 0.0340],
        [0.2769, 0.2385, 0.0551, 0.0350, 0.0303, 0.0200],
        [0.2382, 0.0758, 0.0383, 0.0354, 0.0326, 0.0324],
        [0.1437, 0.0724, 0.0697, 0.0614, 0.0488, 0.0416],
        [0.1329, 0.0922, 0.0819, 0.0648, 0.0644, 0.0390],
        [0.1271, 0.1253, 0.0704, 0.0679, 0.0558, 0.0490],
        [0.2460, 0.0781, 0.0610, 0.0431, 0.0426, 0.0338],
        [0.3032, 0.0911, 0.0678, 0.0490, 0.0429, 0.0403],
        [0.1503, 0.1105, 0.0720, 0.0666, 0.0558, 0.0556],
        [0.2078, 0.0991, 0.0943, 0.0796, 0.0446, 0.0360],
        [0.2117, 0.1150, 0.0969, 0.0334, 0.0302, 0.0293],
        [0.2109, 0.0965, 0.0555, 0.0465, 0.0310, 0.0302]])

----------------indices-----------------
torch.Size([64, 6])
tensor([[10,  6, 28, 12, 39, 58],
        [16, 25, 10, 17, 43, 21],
        [48, 43, 39, 14, 25, 46],
        [28, 44, 43, 50, 45, 58],
        [47,  4,  1, 55, 17, 27],
        [17, 35, 43, 32, 48, 46],
        [62, 16, 14, 43, 21, 15],
        [55, 56,  9,  4, 23, 32],
        [42, 55, 57, 56, 52,  4],
        [ 0, 14, 35,  7, 19, 58],
        [ 9, 21,  2, 43,  4, 47],
        [57, 27,  1, 10, 39, 16],
        [17, 28, 50, 35, 36, 52],
        [ 6, 16, 22, 19, 39, 20],
        [28, 58, 12, 19, 20, 21],
        [ 4,  3, 56, 52, 24, 28],
        [26, 30, 50, 49, 62, 24],
        [ 1,  3, 57, 19, 61, 29],
        [54, 34, 31, 23, 51, 53],
        [17, 35, 16, 20, 46, 14],
        [10,  6,  5, 32, 11, 28],
        [46, 40, 15, 44, 60, 24],
        [44, 59, 53, 40, 28, 45],
        [25, 39,  0, 57, 28, 50],
        [ 2,  6,  0, 10, 12, 31],
        [16, 21, 10, 47, 15, 17],
        [ 1, 32, 11, 47, 61, 41],
        [38,  6,  5,  2, 62, 53],
        [10, 57, 61,  3,  1, 16],
        [32, 23,  4, 11,  7, 22],
        [40, 24, 61, 48, 39, 35],
        [19, 28, 50, 41, 36, 52],
        [10, 16, 62, 39, 25, 27],
        [51,  5, 53, 49, 44,  7],
        [ 0, 31,  7, 47, 48, 44],
        [ 8, 49, 59, 30, 18, 45],
        [33, 28, 36, 52, 48,  8],
        [14,  2, 31, 21,  4,  9],
        [31,  9, 55, 32,  2, 23],
        [59, 14, 53, 44, 45, 15],
        [25, 27, 16, 62, 10,  7],
        [23, 34, 54, 63, 62, 51],
        [36, 52, 42, 27, 57, 56],
        [21, 10, 31,  6, 27,  7],
        [34, 61, 31, 48, 54, 53],
        [46, 12, 38, 34, 32, 54],
        [44, 13,  8, 45, 38, 46],
        [25, 21, 16, 10, 24, 27],
        [19, 28, 50, 31, 35, 40],
        [27, 47, 57, 42,  4, 24],
        [19,  0, 38,  8, 49, 31],
        [26, 38, 13,  2,  8, 32],
        [24, 32,  4,  9, 47, 56],
        [34, 61, 31,  9, 32, 60],
        [34, 31, 61, 54, 48, 32],
        [53, 59,  0, 44, 15, 42],
        [20,  6, 16, 48, 19, 39],
        [47,  1, 33, 55, 36, 23],
        [31, 12, 51, 38,  2,  6],
        [35, 48, 36, 63, 12, 50],
        [31, 13, 51, 53, 34, 54],
        [46, 20, 18, 48, 11, 17],
        [34, 61, 31, 32,  9,  2],
        [34, 31, 61, 32,  2, 35]])
