============================================================
METADATA (6Th token of each sequence)
============================================================
Model: flame-moe-290m
Run ID: 31066
Epoch: 5473
Layer: 13
Token Position: 5 (6th)
Shards processed: 0-0.pt, 0-1.pt
Total sequences: 64
Sequence length: 512
============================================================

----------------samples-----------------
torch.Size([64])
tensor([ 5311, 29661,  9319,   253,   253,   320,  5092,   187,  1781,  4266,
         4033,    15,    32,   617, 20953,   323, 33680,  9058,   626,   187,
          665,   323,  2554,    13, 14065,   309,  3085,   512,   512,   752,
          253,   320,    13,    13,  2167,   309,    13,   281,   562,   403,
        10280,   342,   685,  2866,   187,   634,   187,   619,   570,    13,
         1294,  6662,   359,    13, 23899,  1698,   509,   457,   626,   273,
         2064,  5312,   285,    13])

-----------------scores-----------------
torch.Size([64, 6])
tensor([[0.0622, 0.0478, 0.0445, 0.0372, 0.0266, 0.0259],
        [0.1614, 0.0972, 0.0509, 0.0467, 0.0294, 0.0275],
        [0.1458, 0.0806, 0.0696, 0.0402, 0.0327, 0.0255],
        [0.1840, 0.1220, 0.0667, 0.0589, 0.0437, 0.0385],
        [0.1769, 0.1283, 0.0739, 0.0423, 0.0389, 0.0335],
        [0.3465, 0.2228, 0.1006, 0.0417, 0.0370, 0.0184],
        [0.1028, 0.0754, 0.0564, 0.0534, 0.0523, 0.0484],
        [0.1315, 0.0478, 0.0468, 0.0444, 0.0406, 0.0357],
        [0.3083, 0.0757, 0.0480, 0.0472, 0.0446, 0.0408],
        [0.1057, 0.0874, 0.0754, 0.0685, 0.0629, 0.0308],
        [0.1355, 0.0991, 0.0961, 0.0406, 0.0348, 0.0334],
        [0.0938, 0.0916, 0.0866, 0.0687, 0.0513, 0.0362],
        [0.3601, 0.1781, 0.0638, 0.0476, 0.0317, 0.0274],
        [0.1007, 0.0836, 0.0639, 0.0529, 0.0411, 0.0395],
        [0.0715, 0.0562, 0.0548, 0.0465, 0.0413, 0.0394],
        [0.0978, 0.0966, 0.0905, 0.0646, 0.0460, 0.0292],
        [0.0948, 0.0769, 0.0483, 0.0417, 0.0413, 0.0382],
        [0.0928, 0.0819, 0.0746, 0.0524, 0.0510, 0.0503],
        [0.1020, 0.0922, 0.0854, 0.0690, 0.0604, 0.0349],
        [0.0874, 0.0818, 0.0672, 0.0662, 0.0598, 0.0272],
        [0.1235, 0.0770, 0.0468, 0.0463, 0.0419, 0.0415],
        [0.1513, 0.1473, 0.1062, 0.0825, 0.0602, 0.0473],
        [0.1828, 0.1311, 0.1132, 0.0634, 0.0458, 0.0441],
        [0.1450, 0.1171, 0.0913, 0.0665, 0.0531, 0.0291],
        [0.1328, 0.0707, 0.0497, 0.0484, 0.0450, 0.0442],
        [0.0630, 0.0480, 0.0457, 0.0449, 0.0447, 0.0430],
        [0.0889, 0.0653, 0.0574, 0.0498, 0.0321, 0.0308],
        [0.1354, 0.1112, 0.0673, 0.0479, 0.0455, 0.0452],
        [0.1558, 0.1481, 0.0929, 0.0501, 0.0496, 0.0348],
        [0.1035, 0.0947, 0.0629, 0.0547, 0.0496, 0.0492],
        [0.1078, 0.0718, 0.0528, 0.0463, 0.0312, 0.0268],
        [0.1300, 0.1046, 0.0598, 0.0594, 0.0437, 0.0388],
        [0.0617, 0.0458, 0.0443, 0.0419, 0.0399, 0.0397],
        [0.0918, 0.0892, 0.0443, 0.0375, 0.0370, 0.0353],
        [0.1435, 0.1231, 0.0905, 0.0868, 0.0610, 0.0487],
        [0.1296, 0.1291, 0.0792, 0.0623, 0.0553, 0.0537],
        [0.1119, 0.0978, 0.0943, 0.0408, 0.0390, 0.0371],
        [0.7316, 0.0552, 0.0275, 0.0203, 0.0187, 0.0136],
        [0.1118, 0.1066, 0.0972, 0.0570, 0.0554, 0.0477],
        [0.1894, 0.1276, 0.0646, 0.0618, 0.0337, 0.0310],
        [0.2099, 0.1448, 0.0940, 0.0466, 0.0344, 0.0287],
        [0.1305, 0.1147, 0.0942, 0.0709, 0.0273, 0.0248],
        [0.1744, 0.1312, 0.0770, 0.0620, 0.0243, 0.0197],
        [0.1188, 0.1122, 0.0663, 0.0495, 0.0490, 0.0364],
        [0.1065, 0.0920, 0.0511, 0.0427, 0.0402, 0.0334],
        [0.0938, 0.0872, 0.0763, 0.0343, 0.0341, 0.0337],
        [0.1600, 0.0895, 0.0803, 0.0777, 0.0696, 0.0327],
        [0.1845, 0.1252, 0.0515, 0.0481, 0.0450, 0.0331],
        [0.1246, 0.0771, 0.0705, 0.0690, 0.0462, 0.0402],
        [0.1617, 0.1550, 0.1007, 0.0322, 0.0313, 0.0280],
        [0.0812, 0.0761, 0.0456, 0.0389, 0.0367, 0.0294],
        [0.1293, 0.0887, 0.0445, 0.0329, 0.0325, 0.0319],
        [0.1850, 0.0528, 0.0526, 0.0433, 0.0407, 0.0308],
        [0.0901, 0.0596, 0.0470, 0.0458, 0.0341, 0.0326],
        [0.1645, 0.0955, 0.0740, 0.0479, 0.0386, 0.0378],
        [0.1248, 0.0904, 0.0615, 0.0527, 0.0520, 0.0328],
        [0.1906, 0.0805, 0.0800, 0.0483, 0.0392, 0.0283],
        [0.1689, 0.1034, 0.0742, 0.0560, 0.0400, 0.0339],
        [0.1791, 0.0872, 0.0725, 0.0702, 0.0567, 0.0501],
        [0.1374, 0.0606, 0.0584, 0.0443, 0.0373, 0.0356],
        [0.0751, 0.0602, 0.0509, 0.0434, 0.0398, 0.0376],
        [0.1199, 0.0903, 0.0720, 0.0668, 0.0503, 0.0287],
        [0.1286, 0.0707, 0.0401, 0.0377, 0.0352, 0.0320],
        [0.1126, 0.0913, 0.0748, 0.0518, 0.0486, 0.0424]])

----------------indices-----------------
torch.Size([64, 6])
tensor([[12, 58, 48,  0, 61, 17],
        [61, 55,  0, 32, 12, 31],
        [55, 14, 39, 31,  9, 48],
        [55, 16, 36, 21,  2, 17],
        [21, 19, 10,  7, 27,  6],
        [47, 58, 30,  2,  8, 37],
        [14, 50,  1, 47, 62,  5],
        [ 0, 55, 21, 24, 32, 26],
        [29, 62, 40, 20, 14, 10],
        [ 2, 60, 55,  3, 36, 24],
        [19, 16, 39, 46,  1, 24],
        [19, 16,  6, 39, 21, 31],
        [18, 48, 20, 50,  8,  3],
        [19, 16, 59,  6, 55, 34],
        [51, 24, 28, 22, 13, 61],
        [ 2, 36,  9, 34, 55, 18],
        [34, 59, 19, 55,  9, 24],
        [29, 43, 44, 40, 41, 20],
        [57, 36, 31, 33, 35,  9],
        [33,  0, 32,  9, 12, 57],
        [49, 38, 47, 58, 35, 63],
        [62, 52, 29,  5,  6, 48],
        [20, 18, 42, 26, 62, 21],
        [20, 48, 21, 26, 51,  5],
        [54, 21,  6, 27,  7,  5],
        [17, 60, 51, 26,  0, 12],
        [39, 54, 11, 45, 26,  1],
        [47, 32, 49,  0, 57, 33],
        [44, 42, 63,  4, 15, 40],
        [22,  0, 61, 57,  1, 32],
        [39, 11, 54, 45, 48, 26],
        [58, 14, 47, 43, 32, 52],
        [58, 48, 37,  1, 57, 28],
        [55, 17, 63,  0, 53, 16],
        [24, 39, 31, 13, 59, 16],
        [42,  4, 52, 62, 38, 22],
        [19, 16, 59, 50, 46, 34],
        [28,  3, 26,  1, 20, 51],
        [14, 43, 22, 33, 40, 37],
        [31, 59, 19, 16, 46,  9],
        [40, 63, 37, 23, 12, 22],
        [46, 16, 19,  1, 24, 39],
        [54, 46, 49, 34, 55, 15],
        [21,  6, 19, 27, 10, 56],
        [59, 19, 31, 43,  6, 13],
        [ 9, 12, 15, 19, 35,  2],
        [ 6, 15, 41, 21,  9, 29],
        [62, 60, 44, 41,  4, 20],
        [ 5, 16, 14, 59, 19, 31],
        [15, 29,  9, 41, 40,  4],
        [27, 18, 10, 19, 59,  9],
        [49, 14,  7, 53, 61, 13],
        [ 0, 10, 57, 15, 34,  5],
        [12, 29, 58, 41, 35, 50],
        [62, 42, 52, 37, 27,  4],
        [52, 27, 42,  4, 62,  5],
        [55, 10, 57, 34,  0,  8],
        [14, 53, 40,  7, 49, 13],
        [63,  4, 44, 42, 62, 40],
        [52, 37, 62, 22, 42, 60],
        [43, 41, 60,  1, 45, 36],
        [31,  6,  9, 46, 18, 54],
        [14, 13, 23, 31,  8, 39],
        [14, 43, 15, 40, 35, 41]])
