============================================================
METADATA (4Th token of each sequence)
============================================================
Model: flame-moe-290m
Run ID: 31066
Epoch: 5473
Layer: 13
Token Position: 3 (4th)
Shards processed: 0-0.pt, 0-1.pt
Total sequences: 64
Sequence length: 512
============================================================

----------------samples-----------------
torch.Size([64])
tensor([  824,   342,  1974,  9059,   344,  1646,    56,    15,  2896,   588,
          805, 50276,    91,  4720,  2573,  4834,   449,   923, 14815,  7186,
         2872, 24504,   247,   253, 20336,  3522,   275,   326,   285,  1953,
        31914,  7122,   281,  7063, 44152,  3462, 14002,    69,   281,   247,
          187,   697,   187,  6729,    15,  5181,  4787,   954,   285,  6685,
           32, 43728,   352,    15,  9166,   323,    13,    15,   352,   763,
        49619,   323,   253,  7520])

-----------------scores-----------------
torch.Size([64, 6])
tensor([[0.1339, 0.0462, 0.0310, 0.0308, 0.0307, 0.0307],
        [0.1616, 0.0502, 0.0443, 0.0389, 0.0325, 0.0299],
        [0.0891, 0.0774, 0.0753, 0.0670, 0.0607, 0.0518],
        [0.1058, 0.0971, 0.0485, 0.0483, 0.0419, 0.0287],
        [0.2263, 0.1108, 0.0484, 0.0403, 0.0334, 0.0307],
        [0.0892, 0.0735, 0.0600, 0.0568, 0.0386, 0.0316],
        [0.0878, 0.0681, 0.0675, 0.0531, 0.0458, 0.0370],
        [0.1269, 0.0924, 0.0459, 0.0429, 0.0412, 0.0354],
        [0.1140, 0.1060, 0.0572, 0.0511, 0.0493, 0.0294],
        [0.1626, 0.1223, 0.0991, 0.0628, 0.0563, 0.0543],
        [0.1430, 0.0638, 0.0556, 0.0545, 0.0520, 0.0358],
        [0.0996, 0.0827, 0.0690, 0.0644, 0.0574, 0.0308],
        [0.1446, 0.1309, 0.0774, 0.0381, 0.0374, 0.0373],
        [0.1621, 0.1512, 0.1147, 0.0709, 0.0476, 0.0290],
        [0.1340, 0.0869, 0.0658, 0.0602, 0.0498, 0.0479],
        [0.1010, 0.0940, 0.0642, 0.0436, 0.0408, 0.0392],
        [0.1606, 0.1138, 0.0852, 0.0750, 0.0656, 0.0610],
        [0.1165, 0.0503, 0.0415, 0.0368, 0.0356, 0.0331],
        [0.1053, 0.0724, 0.0611, 0.0381, 0.0363, 0.0353],
        [0.1135, 0.0708, 0.0614, 0.0533, 0.0510, 0.0509],
        [0.1798, 0.1316, 0.0934, 0.0544, 0.0272, 0.0239],
        [0.1810, 0.0738, 0.0579, 0.0461, 0.0439, 0.0406],
        [0.1534, 0.0932, 0.0693, 0.0605, 0.0437, 0.0404],
        [0.1114, 0.0808, 0.0754, 0.0632, 0.0487, 0.0406],
        [0.1056, 0.0781, 0.0763, 0.0601, 0.0566, 0.0491],
        [0.1195, 0.0775, 0.0696, 0.0448, 0.0379, 0.0353],
        [0.0660, 0.0540, 0.0465, 0.0444, 0.0430, 0.0392],
        [0.1359, 0.1151, 0.0706, 0.0588, 0.0286, 0.0241],
        [0.1067, 0.0722, 0.0593, 0.0503, 0.0467, 0.0452],
        [0.1289, 0.0759, 0.0658, 0.0521, 0.0464, 0.0437],
        [0.1380, 0.0765, 0.0465, 0.0358, 0.0350, 0.0326],
        [0.0922, 0.0653, 0.0612, 0.0544, 0.0502, 0.0465],
        [0.0987, 0.0871, 0.0728, 0.0428, 0.0383, 0.0363],
        [0.0732, 0.0417, 0.0372, 0.0349, 0.0343, 0.0343],
        [0.2006, 0.1701, 0.1169, 0.0680, 0.0668, 0.0403],
        [0.1217, 0.0997, 0.0985, 0.0594, 0.0554, 0.0432],
        [0.1087, 0.0840, 0.0608, 0.0585, 0.0508, 0.0493],
        [0.1515, 0.1046, 0.0471, 0.0456, 0.0433, 0.0431],
        [0.0889, 0.0861, 0.0552, 0.0514, 0.0452, 0.0418],
        [0.0792, 0.0757, 0.0600, 0.0369, 0.0366, 0.0319],
        [0.1341, 0.1177, 0.0655, 0.0575, 0.0432, 0.0415],
        [0.1161, 0.0809, 0.0804, 0.0535, 0.0524, 0.0444],
        [0.1019, 0.0480, 0.0468, 0.0425, 0.0392, 0.0317],
        [0.1188, 0.0663, 0.0648, 0.0522, 0.0425, 0.0385],
        [0.2827, 0.1332, 0.0392, 0.0290, 0.0275, 0.0214],
        [0.0877, 0.0846, 0.0721, 0.0452, 0.0431, 0.0337],
        [0.1399, 0.0681, 0.0635, 0.0562, 0.0462, 0.0447],
        [0.0815, 0.0708, 0.0677, 0.0596, 0.0590, 0.0540],
        [0.1182, 0.1015, 0.0599, 0.0555, 0.0426, 0.0412],
        [0.1530, 0.1192, 0.0642, 0.0501, 0.0429, 0.0384],
        [0.1129, 0.0559, 0.0410, 0.0352, 0.0341, 0.0332],
        [0.2260, 0.1250, 0.0593, 0.0430, 0.0424, 0.0371],
        [0.1108, 0.1051, 0.0584, 0.0519, 0.0495, 0.0492],
        [0.1174, 0.0791, 0.0553, 0.0430, 0.0423, 0.0397],
        [0.1454, 0.0836, 0.0716, 0.0614, 0.0398, 0.0361],
        [0.1294, 0.0726, 0.0439, 0.0375, 0.0367, 0.0323],
        [0.0843, 0.0656, 0.0597, 0.0481, 0.0338, 0.0328],
        [0.1735, 0.1170, 0.1080, 0.0557, 0.0425, 0.0385],
        [0.1560, 0.0814, 0.0398, 0.0342, 0.0313, 0.0310],
        [0.1689, 0.1022, 0.0809, 0.0672, 0.0652, 0.0634],
        [0.2282, 0.0878, 0.0481, 0.0288, 0.0280, 0.0267],
        [0.0842, 0.0686, 0.0432, 0.0431, 0.0340, 0.0335],
        [0.1231, 0.0753, 0.0628, 0.0623, 0.0602, 0.0342],
        [0.1607, 0.0652, 0.0580, 0.0529, 0.0332, 0.0294]])

----------------indices-----------------
torch.Size([64, 6])
tensor([[58, 20, 62, 48, 30, 14],
        [45, 11, 24, 17, 16, 28],
        [12, 41, 47,  2, 32, 15],
        [48, 27, 10, 60, 21, 25],
        [30, 47, 52, 58, 49, 27],
        [38, 47, 60, 51, 49, 56],
        [12, 22, 32, 53,  1, 57],
        [61,  0, 24, 63, 32, 12],
        [19, 24, 16, 11,  9, 51],
        [40, 41, 44, 29, 63,  4],
        [13, 14, 59, 16, 22,  8],
        [62, 52, 29, 14, 43, 20],
        [14, 43,  3, 23, 52, 24],
        [ 3, 30, 47, 58,  2, 35],
        [59, 17, 31, 19, 29, 16],
        [ 9, 36, 31, 55, 47,  3],
        [10, 50, 18,  8, 23, 51],
        [ 0, 61, 28, 33, 26,  1],
        [22,  0, 14, 53,  9, 40],
        [18,  1, 21,  6,  7, 39],
        [63,  4, 62, 42, 15, 44],
        [38,  3, 32, 34, 52,  9],
        [42, 62,  4, 41, 15, 44],
        [62,  4, 42,  3, 52, 35],
        [13, 62,  4, 63, 52, 42],
        [36, 33,  3, 63, 57, 21],
        [36, 34, 22, 38, 45, 56],
        [27, 39,  6,  7, 29, 55],
        [37, 23, 52, 42, 27, 50],
        [58, 47, 30,  2, 17, 15],
        [51, 61, 28, 56, 17, 24],
        [21, 27, 10, 37,  6, 38],
        [48, 20, 58, 37,  5, 18],
        [45, 36, 39, 38, 50, 22],
        [50, 48, 20, 43, 26, 28],
        [ 9, 21, 41, 15,  6, 38],
        [62, 63, 20, 44, 40, 12],
        [ 0, 61, 32, 17, 57, 12],
        [32, 30, 61, 47,  2, 49],
        [45, 46, 39, 51,  1, 16],
        [42, 41, 62, 49, 44, 37],
        [ 4, 42, 62, 52, 38, 12],
        [ 0, 57, 53, 56,  2, 10],
        [13, 11, 17, 51, 28, 10],
        [60, 41, 56, 34, 15, 49],
        [ 5, 27, 52, 18,  8, 10],
        [37, 42, 41, 38, 27, 44],
        [57, 12, 35, 30, 58, 47],
        [52,  5, 29, 27, 48, 37],
        [ 4, 38, 62, 35, 27, 22],
        [ 0, 34,  1, 50, 18, 10],
        [47, 30,  2, 58, 50, 32],
        [42, 44, 40, 52, 29, 63],
        [42,  4, 29, 27, 35, 37],
        [38, 27,  4, 52, 42, 37],
        [12, 61, 32, 50, 38,  5],
        [ 3, 34, 60, 38, 15, 21],
        [62, 44, 63, 38, 20, 29],
        [43, 41, 60, 33,  1, 45],
        [21, 54, 11, 57,  2, 55],
        [51, 37, 22, 24, 23, 28],
        [45, 39, 11, 46,  8, 50],
        [33, 32,  9,  1, 12, 45],
        [23, 46, 45, 39, 24, 56]])
